country,date,confirmed,deaths,new_confirmed,new_deaths,tagged_day
Canada,2/29/20,20,0,6,0,1
Canada,3/1/20,24,0,4,0,2
Canada,3/2/20,27,0,3,0,3
Canada,3/3/20,30,0,3,0,4
Canada,3/4/20,33,0,3,0,5
Canada,3/5/20,37,0,4,0,6
Canada,3/6/20,49,0,12,0,7
Canada,3/7/20,54,0,5,0,8
Canada,3/8/20,64,0,10,0,9
Canada,3/9/20,77,1,13,1,10
Canada,3/10/20,79,1,2,0,11
Canada,3/11/20,108,1,29,0,12
Canada,3/12/20,117,1,9,0,13
Canada,3/13/20,193,1,76,0,14
Canada,3/14/20,198,1,5,0,15
Canada,3/15/20,252,1,54,0,16
Canada,3/16/20,415,4,163,3,17
Canada,3/17/20,478,5,63,1,18
Canada,3/18/20,657,8,179,3,19
Canada,3/19/20,800,9,143,1,20
Canada,3/20/20,943,12,143,3,21
Canada,3/21/20,1277,19,334,7,22
Canada,3/22/20,1469,21,192,2,23
Canada,3/23/20,2088,25,619,4,24
Canada,3/24/20,2790,26,702,1,25
Canada,3/25/20,3251,30,461,4,26
Canada,3/26/20,4042,38,791,8,27
Canada,3/27/20,4682,54,640,16,28
Canada,3/28/20,5576,61,894,7,29
Canada,3/29/20,6280,64,704,3,30
Canada,3/30/20,7398,80,1118,16,31
Canada,3/31/20,8527,101,1129,21,32
Canada,4/1/20,9560,109,1033,8,33
Canada,4/2/20,11284,139,1724,30,34
Canada,4/3/20,12437,179,1153,40,35
Canada,4/4/20,12978,218,541,39,36
Canada,4/5/20,15756,259,2778,41,37
Canada,4/6/20,16563,339,807,80,38
Canada,4/7/20,17872,375,1309,36,39
Canada,4/8/20,19141,407,1269,32,40
Canada,4/9/20,20654,503,1513,96,41
Canada,4/10/20,22059,557,1405,54,42
Canada,4/11/20,23316,654,1257,97,43
Canada,4/12/20,24299,714,983,60,44
Canada,4/13/20,25680,781,1381,67,45
Canada,4/14/20,27035,901,1355,120,46
Canada,4/15/20,28209,1008,1174,107,47
Canada,4/16/20,30809,1259,2600,251,48
Canada,4/17/20,32814,1356,2005,97,49
Canada,4/18/20,34356,1401,1542,45,50
Canada,4/19/20,35633,1565,1277,164,51
Canada,4/20/20,37658,1727,2025,162,52
Canada,4/21/20,39402,1910,1744,183,53
Canada,4/22/20,41663,2078,2261,168,54
Canada,4/23/20,43299,2241,1636,163,55
Canada,4/24/20,44919,2402,1620,161,56
Canada,4/25/20,46371,2571,1452,169,57
Canada,4/26/20,48033,2687,1662,116,58
Canada,4/27/20,49616,2841,1583,154,59
Canada,4/28/20,51150,2983,1534,142,60
Canada,4/29/20,52865,3155,1715,172,61
Canada,4/30/20,54457,3310,1592,155,62
Canada,5/1/20,56343,3537,1886,227,63
Canada,5/2/20,57926,3684,1583,147,64
Canada,5/3/20,60504,3795,2578,111,65
Canada,5/4/20,61957,4003,1453,208,66
Canada,5/5/20,63215,4190,1258,187,67
Canada,5/6/20,64694,4366,1479,176,68
Canada,5/7/20,66201,4541,1507,175,69
Canada,5/8/20,67674,4697,1473,156,70
Canada,5/9/20,68918,4823,1244,126,71
Canada,5/10/20,70091,4991,1173,168,72
Canada,5/11/20,71264,5115,1173,124,73
Canada,5/12/20,72419,5300,1155,185,74
Canada,5/13/20,73568,5425,1149,125,75
Canada,5/14/20,74781,5592,1213,167,76
Canada,5/15/20,75959,5679,1178,87,77
Canada,5/16/20,77206,5800,1247,121,78
Canada,5/17/20,78332,5903,1126,103,79
Canada,5/18/20,79411,5960,1079,57,80
Canada,5/19/20,80493,6028,1082,68,81
Canada,5/20/20,81575,6150,1082,122,82
Canada,5/21/20,82742,6267,1167,117,83
Canada,5/22/20,83947,6360,1205,93,84
Canada,5/23/20,85151,6466,1204,106,85
Canada,5/24/20,86106,6534,955,68,86
Canada,5/25/20,87119,6655,1013,121,87
Canada,5/26/20,88090,6753,971,98,88
Canada,5/27/20,88989,6876,899,123,89
Canada,5/28/20,89976,6982,987,106,90
Canada,5/29/20,90909,7063,933,81,91
Canada,5/30/20,91681,7159,772,96,92
Canada,5/31/20,92479,7374,798,215,93
Canada,6/1/20,93288,7404,809,30,94
Canada,6/2/20,93960,7478,672,74,95
Canada,6/3/20,94641,7579,681,101,96
Canada,6/4/20,95269,7717,628,138,97
Canada,6/5/20,95947,7778,678,61,98
Canada,6/6/20,96475,7850,528,72,99
Canada,6/7/20,97178,7877,703,27,100
Canada,6/8/20,97779,7910,601,33,101
Canada,6/9/20,98241,7970,462,60,102
Canada,6/10/20,98720,8038,479,68,103
Canada,6/11/20,99159,8071,439,33,104
Canada,6/12/20,99595,8125,436,54,105
Canada,6/13/20,100043,8183,448,58,106
Canada,6/14/20,100404,8218,361,35,107
Canada,6/15/20,100763,8228,359,10,108
Canada,6/16/20,101087,8271,324,43,109
Canada,6/17/20,101491,8312,404,41,110
Canada,6/18/20,101877,8361,386,49,111
Canada,6/19/20,102314,8408,437,47,112
Canada,6/20/20,102762,8466,448,58,113
Canada,6/21/20,103078,8482,316,16,114
Canada,6/22/20,103418,8494,340,12,115
Canada,6/23/20,103767,8512,349,18,116
Canada,6/24/20,104087,8544,320,32,117
Canada,6/25/20,104463,8567,376,23,118
Canada,6/26/20,104629,8571,166,4,119
Canada,6/27/20,104878,8576,249,5,120
Canada,6/28/20,105193,8582,315,6,121
Canada,6/29/20,105830,8628,637,46,122
Canada,6/30/20,106097,8650,267,22,123
Canada,7/1/20,106288,8678,191,28,124
Canada,7/2/20,106643,8700,355,22,125
Canada,7/3/20,106962,8722,319,22,126
Canada,7/4/20,107185,8732,223,10,127
Canada,7/5/20,107394,8739,209,7,128
Canada,7/6/20,107815,8748,421,9,129
Canada,7/7/20,108023,8765,208,17,130
Canada,7/8/20,108334,8786,311,21,131
Canada,7/9/20,108656,8797,322,11,132
Canada,7/10/20,108984,8811,328,14,133
Canada,7/11/20,109150,8818,166,7,134
Canada,7/12/20,109348,8829,198,11,135
Canada,7/13/20,109984,8836,636,7,136
Canada,7/14/20,110350,8845,366,9,137
Canada,7/15/20,110693,8857,343,12,138
Canada,7/16/20,111144,8875,451,18,139
Canada,7/17/20,111559,8884,415,9,140
Canada,7/18/20,111875,8892,316,8,141
Canada,7/19/20,112168,8896,293,4,142
Canada,7/20/20,112938,8902,770,6,143
Canada,7/21/20,113473,8908,535,6,144
Canada,7/22/20,113790,8913,317,5,145
Canada,7/23/20,114398,8919,608,6,146
Canada,7/24/20,115115,8923,717,4,147
Canada,7/25/20,115470,8929,355,6,148
Canada,7/26/20,115789,8934,319,5,149
Canada,7/27/20,116471,8945,682,11,150
Canada,7/28/20,116871,8957,400,12,151
Canada,7/29/20,117357,8962,486,5,152
Canada,7/30/20,117677,8974,320,12,153
Canada,7/31/20,118281,8980,604,6,154
Canada,8/1/20,118523,8986,242,6,155
Canada,8/2/20,118768,8990,245,4,156
Canada,8/3/20,118973,8995,205,5,157
Canada,8/4/20,119659,9005,686,10,158
Canada,8/5/20,120033,9010,374,5,159
Canada,8/6/20,120387,9013,354,3,160
Canada,8/7/20,120903,9017,516,4,161
Canada,8/8/20,121148,9024,245,7,162
Canada,8/9/20,121367,9028,219,4,163
Canada,8/10/20,122053,9034,686,6,164
Canada,8/11/20,122389,9038,336,4,165
Canada,8/12/20,122703,9052,314,14,166
Canada,8/13/20,123180,9063,477,11,167
Canada,8/14/20,123605,9068,425,5,168
Canada,8/15/20,123825,9072,220,4,169
Canada,8/16/20,124004,9074,179,2,170
Canada,8/17/20,124218,9075,214,1,171
Canada,8/18/20,125084,9090,866,15,172
Canada,8/19/20,125408,9095,324,5,173
Canada,8/20/20,125625,9097,217,2,174
Canada,8/21/20,126319,9110,694,13,175
Canada,8/22/20,126560,9117,241,7,176
Canada,8/23/20,126817,9119,257,2,177
Canada,8/24/20,127594,9129,777,10,178
Canada,8/25/20,127903,9136,309,7,179
Canada,8/26/20,128380,9141,477,5,180
Canada,8/27/20,128836,9148,456,7,181
Canada,8/28/20,129342,9155,506,7,182
Canada,8/29/20,129639,9161,297,6,183
Canada,8/30/20,129888,9164,249,3,184
Canada,8/31/20,130918,9173,1030,9,185
Canada,9/1/20,131422,9179,504,6,186
Canada,9/2/20,131941,9182,519,3,187
Canada,9/3/20,132527,9189,586,7,188
Canada,9/4/20,133141,9190,614,1,189
Canada,9/5/20,133511,9192,370,2,190
Canada,9/6/20,133890,9194,379,2,191
Canada,9/7/20,134295,9196,405,2,192
Canada,9/8/20,135757,9203,1462,7,193
Canada,9/9/20,136135,9204,378,1,194
Canada,9/10/20,136956,9213,821,9,195
Canada,9/11/20,137676,9214,720,1,196
Canada,9/12/20,138164,9220,488,6,197
Canada,9/13/20,138640,9220,476,0,198
Canada,9/14/20,140098,9229,1458,9,199
Canada,9/15/20,140900,9239,802,10,200
Canada,9/16/20,141852,9244,952,5,201
Canada,9/17/20,142879,9249,1027,5,202
Canada,9/18/20,144053,9256,1174,7,203
Canada,9/19/20,144607,9262,554,6,204
