country,date,confirmed,deaths,new_confirmed,new_deaths,tagged_day
Australia,2/29/20,25,0,10,0,1
Australia,3/1/20,27,1,2,1,2
Australia,3/2/20,30,1,3,0,3
Australia,3/3/20,39,1,9,0,4
Australia,3/4/20,52,2,13,1,5
Australia,3/5/20,55,2,3,0,6
Australia,3/6/20,60,2,5,0,7
Australia,3/7/20,63,2,3,0,8
Australia,3/8/20,76,3,13,1,9
Australia,3/9/20,91,3,15,0,10
Australia,3/10/20,107,3,16,0,11
Australia,3/11/20,128,3,21,0,12
Australia,3/12/20,128,3,0,0,13
Australia,3/13/20,200,3,72,0,14
Australia,3/14/20,250,3,50,0,15
Australia,3/15/20,297,3,47,0,16
Australia,3/16/20,377,3,80,0,17
Australia,3/17/20,452,5,75,2,18
Australia,3/18/20,568,6,116,1,19
Australia,3/19/20,681,6,113,0,20
Australia,3/20/20,791,7,110,1,21
Australia,3/21/20,1071,7,280,0,22
Australia,3/22/20,1549,7,478,0,23
Australia,3/23/20,1682,7,133,0,24
Australia,3/24/20,2044,8,362,1,25
Australia,3/25/20,2364,8,320,0,26
Australia,3/26/20,2810,13,446,5,27
Australia,3/27/20,3143,13,333,0,28
Australia,3/28/20,3640,14,497,1,29
Australia,3/29/20,3984,16,344,2,30
Australia,3/30/20,4361,17,377,1,31
Australia,3/31/20,4559,18,198,1,32
Australia,4/1/20,4862,20,303,2,33
Australia,4/2/20,5116,24,254,4,34
Australia,4/3/20,5330,28,214,4,35
Australia,4/4/20,5550,30,220,2,36
Australia,4/5/20,5687,35,137,5,37
Australia,4/6/20,5797,40,110,5,38
Australia,4/7/20,5895,45,98,5,39
Australia,4/8/20,6010,50,115,5,40
Australia,4/9/20,6108,51,98,1,41
Australia,4/10/20,6215,54,107,3,42
Australia,4/11/20,6303,57,88,3,43
Australia,4/12/20,6315,60,12,3,44
Australia,4/13/20,6351,61,36,1,45
Australia,4/14/20,6415,62,64,1,46
Australia,4/15/20,6440,63,25,1,47
Australia,4/16/20,6462,63,22,0,48
Australia,4/17/20,6522,66,60,3,49
Australia,4/18/20,6568,67,46,1,50
Australia,4/19/20,6610,67,42,0,51
Australia,4/20/20,6623,67,13,0,52
Australia,4/21/20,6645,67,22,0,53
Australia,4/22/20,6652,67,7,0,54
Australia,4/23/20,6662,75,10,8,55
Australia,4/24/20,6677,79,15,4,56
Australia,4/25/20,6694,80,17,1,57
Australia,4/26/20,6714,83,20,3,58
Australia,4/27/20,6721,83,7,0,59
Australia,4/28/20,6744,89,23,6,60
Australia,4/29/20,6752,91,8,2,61
Australia,4/30/20,6766,93,14,2,62
Australia,5/1/20,6778,93,12,0,63
Australia,5/2/20,6799,94,21,1,64
Australia,5/3/20,6822,95,23,1,65
Australia,5/4/20,6847,96,25,1,66
Australia,5/5/20,6875,97,28,1,67
Australia,5/6/20,6894,97,19,0,68
Australia,5/7/20,6913,97,19,0,69
Australia,5/8/20,6918,97,5,0,70
Australia,5/9/20,6939,97,21,0,71
Australia,5/10/20,6948,97,9,0,72
Australia,5/11/20,6970,97,22,0,73
Australia,5/12/20,6980,98,10,1,74
Australia,5/13/20,6989,98,9,0,75
Australia,5/14/20,7019,98,30,0,76
Australia,5/15/20,7035,98,16,0,77
Australia,5/16/20,7044,98,9,0,78
Australia,5/17/20,7054,99,10,1,79
Australia,5/18/20,7068,99,14,0,80
Australia,5/19/20,7072,100,4,1,81
Australia,5/20/20,7081,100,9,0,82
Australia,5/21/20,7095,101,14,1,83
Australia,5/22/20,7099,101,4,0,84
Australia,5/23/20,7114,102,15,1,85
Australia,5/24/20,7114,102,0,0,86
Australia,5/25/20,7126,102,12,0,87
Australia,5/26/20,7139,103,13,1,88
Australia,5/27/20,7150,103,11,0,89
Australia,5/28/20,7165,103,15,0,90
Australia,5/29/20,7184,103,19,0,91
Australia,5/30/20,7192,103,8,0,92
Australia,5/31/20,7202,103,10,0,93
Australia,6/1/20,7221,102,19,-1,94
Australia,6/2/20,7229,102,8,0,95
Australia,6/3/20,7240,102,11,0,96
Australia,6/4/20,7247,102,7,0,97
Australia,6/5/20,7252,102,5,0,98
Australia,6/6/20,7259,102,7,0,99
Australia,6/7/20,7265,102,6,0,100
Australia,6/8/20,7267,102,2,0,101
Australia,6/9/20,7274,102,7,0,102
Australia,6/10/20,7285,102,11,0,103
Australia,6/11/20,7289,102,4,0,104
Australia,6/12/20,7294,102,5,0,105
Australia,6/13/20,7320,102,26,0,106
Australia,6/14/20,7335,102,15,0,107
Australia,6/15/20,7347,102,12,0,108
Australia,6/16/20,7370,102,23,0,109
Australia,6/17/20,7391,102,21,0,110
Australia,6/18/20,7409,102,18,0,111
Australia,6/19/20,7411,102,2,0,112
Australia,6/20/20,7461,102,50,0,113
Australia,6/21/20,7474,102,13,0,114
Australia,6/22/20,7492,102,18,0,115
Australia,6/23/20,7521,103,29,1,116
Australia,6/24/20,7558,104,37,1,117
Australia,6/25/20,7595,104,37,0,118
Australia,6/26/20,7601,104,6,0,119
Australia,6/27/20,7686,104,85,0,120
Australia,6/28/20,7764,104,78,0,121
Australia,6/29/20,7834,104,70,0,122
Australia,6/30/20,7920,104,86,0,123
Australia,7/1/20,8001,104,81,0,124
Australia,7/2/20,8066,104,65,0,125
Australia,7/3/20,8260,104,194,0,126
Australia,7/4/20,8443,104,183,0,127
Australia,7/5/20,8583,106,140,2,128
Australia,7/6/20,8755,106,172,0,129
Australia,7/7/20,8886,106,131,0,130
Australia,7/8/20,9056,106,170,0,131
Australia,7/9/20,9374,106,318,0,132
Australia,7/10/20,9553,107,179,1,133
Australia,7/11/20,9797,108,244,1,134
Australia,7/12/20,9980,108,183,0,135
Australia,7/13/20,10251,108,271,0,136
Australia,7/14/20,10487,111,236,3,137
Australia,7/15/20,10810,113,323,2,138
Australia,7/16/20,11233,116,423,3,139
Australia,7/17/20,11441,118,208,2,140
Australia,7/18/20,11802,122,361,4,141
Australia,7/19/20,12069,123,267,1,142
Australia,7/20/20,12428,126,359,3,143
Australia,7/21/20,12894,128,466,2,144
Australia,7/22/20,13302,133,408,5,145
Australia,7/23/20,13595,139,293,6,146
Australia,7/24/20,13950,145,355,6,147
Australia,7/25/20,14403,155,453,10,148
Australia,7/26/20,14935,161,532,6,149
Australia,7/27/20,15303,167,368,6,150
Australia,7/28/20,15582,176,279,9,151
Australia,7/29/20,16298,189,716,13,152
Australia,7/30/20,16903,196,605,7,153
Australia,7/31/20,17280,201,377,5,154
Australia,8/1/20,17895,208,615,7,155
Australia,8/2/20,18318,221,423,13,156
Australia,8/3/20,18730,232,412,11,157
Australia,8/4/20,19445,247,715,15,158
Australia,8/5/20,19890,255,445,8,159
Australia,8/6/20,20272,266,382,11,160
Australia,8/7/20,20698,278,426,12,161
Australia,8/8/20,21084,295,386,17,162
Australia,8/9/20,21397,313,313,18,163
Australia,8/10/20,21713,331,316,18,164
Australia,8/11/20,22127,352,414,21,165
Australia,8/12/20,22358,361,231,9,166
Australia,8/13/20,22742,375,384,14,167
Australia,8/14/20,23035,379,293,4,168
Australia,8/15/20,23287,396,252,17,169
Australia,8/16/20,23558,421,271,25,170
Australia,8/17/20,23773,438,215,17,171
Australia,8/18/20,23989,450,216,12,172
Australia,8/19/20,24236,463,247,13,173
Australia,8/20/20,24407,472,171,9,174
Australia,8/21/20,24602,485,195,13,175
Australia,8/22/20,24811,502,209,17,176
Australia,8/23/20,24915,517,104,15,177
Australia,8/24/20,25053,525,138,8,178
Australia,8/25/20,25204,549,151,24,179
Australia,8/26/20,25322,572,118,23,180
Australia,8/27/20,25448,583,126,11,181
Australia,8/28/20,25547,600,99,17,182
Australia,8/29/20,25670,611,123,11,183
Australia,8/30/20,25746,652,76,41,184
Australia,8/31/20,25819,657,73,5,185
Australia,9/1/20,25923,663,104,6,186
Australia,9/2/20,26049,678,126,15,187
Australia,9/3/20,26136,737,87,59,188
Australia,9/4/20,26207,748,71,11,189
Australia,9/5/20,26278,753,71,5,190
Australia,9/6/20,26321,762,43,9,191
Australia,9/7/20,26373,770,52,8,192
Australia,9/8/20,26465,781,92,11,193
Australia,9/9/20,26524,788,59,7,194
Australia,9/10/20,26564,797,40,9,195
Australia,9/11/20,26607,803,43,6,196
Australia,9/12/20,26651,810,44,7,197
Australia,9/13/20,26692,816,41,6,198
Australia,9/14/20,26739,816,47,0,199
Australia,9/15/20,26778,824,39,8,200
Australia,9/16/20,26813,832,35,8,201
Australia,9/17/20,26861,837,48,5,202
Australia,9/18/20,26885,844,24,7,203
Australia,9/19/20,26898,849,13,5,204
Australia,9/20/20,26912,851,14,2,205
Australia,9/21/20,26942,854,30,3,206
Australia,9/22/20,26972,859,30,5,207
Australia,9/23/20,26980,861,8,2,208
Australia,9/24/20,27000,869,20,8,209
Australia,9/25/20,27016,870,16,1,210
Australia,9/26/20,27040,872,24,2,211
Australia,9/27/20,27044,875,4,3,212
Australia,9/28/20,27055,882,11,7,213
Australia,9/29/20,27078,886,23,4,214
Australia,9/30/20,27096,888,18,2,215
Australia,10/1/20,27109,890,13,2,216
Australia,10/2/20,27121,893,12,3,217
Australia,10/3/20,27135,894,14,1,218
Australia,10/4/20,27148,894,13,0,219
Australia,10/5/20,27173,895,25,1,220
Australia,10/6/20,27181,897,8,2,221
Australia,10/7/20,27206,897,25,0,222
Australia,10/8/20,27226,897,20,0,223
Australia,10/9/20,27244,897,18,0,224
Australia,10/10/20,27263,898,19,1,225
Australia,10/11/20,27285,898,22,0,226
Australia,10/12/20,27310,899,25,1,227
Australia,10/13/20,27337,904,27,5,228
Australia,10/14/20,27357,904,20,0,229
Australia,10/15/20,27371,904,14,0,230
Australia,10/16/20,27378,904,7,0,231
Australia,10/17/20,27390,904,12,0,232
Australia,10/18/20,27399,905,9,1,233
Australia,10/19/20,27405,905,6,0,234
Australia,10/20/20,27443,905,38,0,235
Australia,10/21/20,27458,905,15,0,236
Australia,10/22/20,27476,905,18,0,237
Australia,10/23/20,27495,905,19,0,238
Australia,10/24/20,27513,905,18,0,239
Australia,10/25/20,27525,905,12,0,240
Australia,10/26/20,27539,905,14,0,241
Australia,10/27/20,27553,907,14,2,242
Australia,10/28/20,27565,907,12,0,243
Australia,10/29/20,27579,907,14,0,244
Australia,10/30/20,27585,907,6,0,245
Australia,10/31/20,27595,907,10,0,246
Australia,11/1/20,27601,907,6,0,247
Australia,11/2/20,27610,907,9,0,248
Australia,11/3/20,27622,907,12,0,249
Australia,11/4/20,27630,907,8,0,250
Australia,11/5/20,27644,907,14,0,251
Australia,11/6/20,27652,907,8,0,252
Australia,11/7/20,27658,907,6,0,253
Australia,11/8/20,27665,907,7,0,254
Australia,11/9/20,27669,907,4,0,255
Australia,11/10/20,27671,907,2,0,256
Australia,11/11/20,27675,907,4,0,257
Australia,11/12/20,27676,907,1,0,258
Australia,11/13/20,27682,907,6,0,259
Australia,11/14/20,27711,907,29,0,260
Australia,11/15/20,27749,907,38,0,261
Australia,11/16/20,27758,907,9,0,262
Australia,11/17/20,27777,907,19,0,263
Australia,11/18/20,27785,907,8,0,264
Australia,11/19/20,27792,907,7,0,265
Australia,11/20/20,27806,907,14,0,266
Australia,11/21/20,27821,907,15,0,267
Australia,11/22/20,27834,907,13,0,268
Australia,11/23/20,27843,907,9,0,269
Australia,11/24/20,27853,907,10,0,270
Australia,11/25/20,27865,907,12,0,271
Australia,11/26/20,27873,907,8,0,272
Australia,11/27/20,27886,907,13,0,273
Australia,11/28/20,27892,907,6,0,274
Australia,11/29/20,27902,908,10,1,275
Australia,11/30/20,27912,908,10,0,276
Australia,12/1/20,27923,908,11,0,277
Australia,12/2/20,27939,908,16,0,278
Australia,12/3/20,27949,908,10,0,279
Australia,12/4/20,27956,908,7,0,280
Australia,12/5/20,27965,908,9,0,281
Australia,12/6/20,27972,908,7,0,282
Australia,12/7/20,27987,908,15,0,283
Australia,12/8/20,27993,908,6,0,284
Australia,12/9/20,28000,908,7,0,285
Australia,12/10/20,28011,908,11,0,286
Australia,12/11/20,28025,908,14,0,287
Australia,12/12/20,28030,908,5,0,288
Australia,12/13/20,28037,908,7,0,289
Australia,12/14/20,28048,908,11,0,290
Australia,12/15/20,28060,908,12,0,291
Australia,12/16/20,28072,908,12,0,292
Australia,12/17/20,28093,908,21,0,293
Australia,12/18/20,28126,908,33,0,294
Australia,12/19/20,28168,908,42,0,295
Australia,12/20/20,28198,908,30,0,296
Australia,12/21/20,28219,908,21,0,297
Australia,12/22/20,28237,908,18,0,298
Australia,12/23/20,28262,908,25,0,299
Australia,12/24/20,28274,908,12,0,300
Australia,12/25/20,28297,908,23,0,301
Australia,12/26/20,28308,908,11,0,302
Australia,12/27/20,28337,909,29,1,303
Australia,12/28/20,28349,909,12,0,304
Australia,12/29/20,28381,909,32,0,305
Australia,12/30/20,28405,909,24,0,306
Australia,12/31/20,28425,909,20,0,307
Australia,1/1/21,28460,909,35,0,308
Australia,1/2/21,28484,909,24,0,309
Australia,1/3/21,28504,909,20,0,310
Australia,1/4/21,28517,909,13,0,311
Australia,1/5/21,28536,909,19,0,312
Australia,1/6/21,28546,909,10,0,313
Australia,1/7/21,28571,909,25,0,314
Australia,1/8/21,28582,909,11,0,315
Australia,1/9/21,28595,909,13,0,316
Australia,1/10/21,28614,909,19,0,317
Australia,1/11/21,28634,909,20,0,318
Australia,1/12/21,28650,909,16,0,319
Australia,1/13/21,28660,909,10,0,320
Australia,1/14/21,28669,909,9,0,321
Australia,1/15/21,28689,909,20,0,322
Australia,1/16/21,28708,909,19,0,323
Australia,1/17/21,28721,909,13,0,324
Australia,1/18/21,28731,909,10,0,325
Australia,1/19/21,28740,909,9,0,326
Australia,1/20/21,28749,909,9,0,327
Australia,1/21/21,28755,909,6,0,328
Australia,1/22/21,28760,909,5,0,329
Australia,1/23/21,28766,909,6,0,330
Australia,1/24/21,28777,909,11,0,331
Australia,1/25/21,28780,909,3,0,332
Australia,1/26/21,28786,909,6,0,333
Australia,1/27/21,28794,909,8,0,334
Australia,1/28/21,28799,909,5,0,335
