country,date,confirmed,deaths,new_confirmed,new_deaths,tagged_day
Azerbaijan,3/15/20,23,1,8,0,1
Azerbaijan,3/16/20,28,1,5,0,2
Azerbaijan,3/17/20,28,1,0,0,3
Azerbaijan,3/18/20,28,1,0,0,4
Azerbaijan,3/19/20,44,1,16,0,5
Azerbaijan,3/20/20,44,1,0,0,6
Azerbaijan,3/21/20,53,1,9,0,7
Azerbaijan,3/22/20,65,1,12,0,8
Azerbaijan,3/23/20,72,1,7,0,9
Azerbaijan,3/24/20,87,1,15,0,10
Azerbaijan,3/25/20,93,2,6,1,11
Azerbaijan,3/26/20,122,3,29,1,12
Azerbaijan,3/27/20,165,3,43,0,13
Azerbaijan,3/28/20,182,4,17,1,14
Azerbaijan,3/29/20,209,4,27,0,15
Azerbaijan,3/30/20,273,4,64,0,16
Azerbaijan,3/31/20,298,5,25,1,17
Azerbaijan,4/1/20,359,5,61,0,18
Azerbaijan,4/2/20,400,5,41,0,19
Azerbaijan,4/3/20,443,5,43,0,20
Azerbaijan,4/4/20,521,5,78,0,21
Azerbaijan,4/5/20,584,7,63,2,22
Azerbaijan,4/6/20,641,7,57,0,23
Azerbaijan,4/7/20,717,8,76,1,24
Azerbaijan,4/8/20,822,8,105,0,25
Azerbaijan,4/9/20,926,9,104,1,26
Azerbaijan,4/10/20,991,10,65,1,27
Azerbaijan,4/11/20,1058,11,67,1,28
Azerbaijan,4/12/20,1098,11,40,0,29
Azerbaijan,4/13/20,1148,12,50,1,30
Azerbaijan,4/14/20,1197,13,49,1,31
Azerbaijan,4/15/20,1253,13,56,0,32
Azerbaijan,4/16/20,1283,15,30,2,33
Azerbaijan,4/17/20,1340,15,57,0,34
Azerbaijan,4/18/20,1373,18,33,3,35
Azerbaijan,4/19/20,1398,19,25,1,36
Azerbaijan,4/20/20,1436,19,38,0,37
Azerbaijan,4/21/20,1480,20,44,1,38
Azerbaijan,4/22/20,1518,20,38,0,39
Azerbaijan,4/23/20,1548,20,30,0,40
Azerbaijan,4/24/20,1592,21,44,1,41
Azerbaijan,4/25/20,1617,21,25,0,42
Azerbaijan,4/26/20,1645,21,28,0,43
Azerbaijan,4/27/20,1678,22,33,1,44
Azerbaijan,4/28/20,1717,22,39,0,45
Azerbaijan,4/29/20,1766,23,49,1,46
Azerbaijan,4/30/20,1804,24,38,1,47
Azerbaijan,5/1/20,1854,25,50,1,48
Azerbaijan,5/2/20,1894,25,40,0,49
Azerbaijan,5/3/20,1932,25,38,0,50
Azerbaijan,5/4/20,1984,26,52,1,51
Azerbaijan,5/5/20,2060,26,76,0,52
Azerbaijan,5/6/20,2127,28,67,2,53
Azerbaijan,5/7/20,2204,28,77,0,54
Azerbaijan,5/8/20,2279,28,75,0,55
Azerbaijan,5/9/20,2422,31,143,3,56
Azerbaijan,5/10/20,2519,32,97,1,57
Azerbaijan,5/11/20,2589,32,70,0,58
Azerbaijan,5/12/20,2693,33,104,1,59
Azerbaijan,5/13/20,2758,35,65,2,60
Azerbaijan,5/14/20,2879,35,121,0,61
Azerbaijan,5/15/20,2980,36,101,1,62
Azerbaijan,5/16/20,3138,36,158,0,63
Azerbaijan,5/17/20,3274,39,136,3,64
Azerbaijan,5/18/20,3387,40,113,1,65
Azerbaijan,5/19/20,3518,41,131,1,66
Azerbaijan,5/20/20,3631,43,113,2,67
Azerbaijan,5/21/20,3749,44,118,1,68
Azerbaijan,5/22/20,3855,46,106,2,69
Azerbaijan,5/23/20,3982,49,127,3,70
Azerbaijan,5/24/20,4122,49,140,0,71
Azerbaijan,5/25/20,4271,51,149,2,72
Azerbaijan,5/26/20,4403,52,132,1,73
Azerbaijan,5/27/20,4568,54,165,2,74
Azerbaijan,5/28/20,4759,56,191,2,75
Azerbaijan,5/29/20,4989,58,230,2,76
Azerbaijan,5/30/20,5246,61,257,3,77
Azerbaijan,5/31/20,5494,63,248,2,78
Azerbaijan,6/1/20,5662,68,168,5,79
Azerbaijan,6/2/20,5935,71,273,3,80
Azerbaijan,6/3/20,6260,76,325,5,81
Azerbaijan,6/4/20,6522,78,262,2,82
Azerbaijan,6/5/20,6860,82,338,4,83
Azerbaijan,6/6/20,7239,84,379,2,84
Azerbaijan,6/7/20,7553,88,314,4,85
Azerbaijan,6/8/20,7876,93,323,5,86
Azerbaijan,6/9/20,8191,98,315,5,87
Azerbaijan,6/10/20,8530,102,339,4,88
Azerbaijan,6/11/20,8882,108,352,6,89
Azerbaijan,6/12/20,9218,113,336,5,90
Azerbaijan,6/13/20,9570,115,352,2,91
Azerbaijan,6/14/20,9957,119,387,4,92
Azerbaijan,6/15/20,10324,122,367,3,93
Azerbaijan,6/16/20,10662,126,338,4,94
Azerbaijan,6/17/20,10991,133,329,7,95
Azerbaijan,6/18/20,11329,139,338,6,96
Azerbaijan,6/19/20,11767,143,438,4,97
Azerbaijan,6/20/20,12238,148,471,5,98
Azerbaijan,6/21/20,12729,154,491,6,99
Azerbaijan,6/22/20,13207,161,478,7,100
Azerbaijan,6/23/20,13715,167,508,6,101
Azerbaijan,6/24/20,14305,174,590,7,102
Azerbaijan,6/25/20,14852,180,547,6,103
Azerbaijan,6/26/20,15369,187,517,7,104
Azerbaijan,6/27/20,15890,193,521,6,105
Azerbaijan,6/28/20,16424,198,534,5,106
Azerbaijan,6/29/20,16968,206,544,8,107
Azerbaijan,6/30/20,17524,213,556,7,108
Azerbaijan,7/1/20,18112,220,588,7,109
Azerbaijan,7/2/20,18684,228,572,8,110
Azerbaijan,7/3/20,19267,235,583,7,111
Azerbaijan,7/4/20,19801,241,534,6,112
Azerbaijan,7/5/20,20324,250,523,9,113
Azerbaijan,7/6/20,20837,258,513,8,114
Azerbaijan,7/7/20,21374,265,537,7,115
Azerbaijan,7/8/20,21916,274,542,9,116
Azerbaijan,7/9/20,22464,284,548,10,117
Azerbaijan,7/10/20,22990,292,526,8,118
Azerbaijan,7/11/20,23521,298,531,6,119
Azerbaijan,7/12/20,24041,306,520,8,120
Azerbaijan,7/13/20,24570,313,529,7,121
Azerbaijan,7/14/20,25113,319,543,6,122
Azerbaijan,7/15/20,25672,326,559,7,123
Azerbaijan,7/16/20,26165,334,493,8,124
Azerbaijan,7/17/20,26636,341,471,7,125
Azerbaijan,7/18/20,27133,349,497,8,126
Azerbaijan,7/19/20,27521,354,388,5,127
Azerbaijan,7/20/20,27890,363,369,9,128
Azerbaijan,7/21/20,28242,376,352,13,129
Azerbaijan,7/22/20,28633,385,391,9,130
Azerbaijan,7/23/20,28980,391,347,6,131
Azerbaijan,7/24/20,29312,400,332,9,132
Azerbaijan,7/25/20,29633,408,321,8,133
Azerbaijan,7/26/20,30050,417,417,9,134
Azerbaijan,7/27/20,30446,423,396,6,135
Azerbaijan,7/28/20,30858,430,412,7,136
Azerbaijan,7/29/20,31221,438,363,8,137
Azerbaijan,7/30/20,31560,441,339,3,138
Azerbaijan,7/31/20,31878,448,318,7,139
Azerbaijan,8/1/20,32157,454,279,6,140
Azerbaijan,8/2/20,32443,462,286,8,141
Azerbaijan,8/3/20,32684,468,241,6,142
Azerbaijan,8/4/20,32910,473,226,5,143
Azerbaijan,8/5/20,33103,476,193,3,144
Azerbaijan,8/6/20,33247,479,144,3,145
Azerbaijan,8/7/20,33376,483,129,4,146
Azerbaijan,8/8/20,33481,488,105,5,147
Azerbaijan,8/9/20,33568,490,87,2,148
Azerbaijan,8/10/20,33647,492,79,2,149
Azerbaijan,8/11/20,33731,495,84,3,150
Azerbaijan,8/12/20,33824,497,93,2,151
Azerbaijan,8/13/20,33915,500,91,3,152
Azerbaijan,8/14/20,34018,504,103,4,153
Azerbaijan,8/15/20,34107,506,89,2,154
Azerbaijan,8/16/20,34219,506,112,0,155
Azerbaijan,8/17/20,34343,508,124,2,156
Azerbaijan,8/18/20,34474,509,131,1,157
Azerbaijan,8/19/20,34620,510,146,1,158
Azerbaijan,8/20/20,34759,510,139,0,159
Azerbaijan,8/21/20,34921,512,162,2,160
Azerbaijan,8/22/20,35105,515,184,3,161
Azerbaijan,8/23/20,35274,518,169,3,162
Azerbaijan,8/24/20,35426,519,152,1,163
Azerbaijan,8/25/20,35559,521,133,2,164
Azerbaijan,8/26/20,35707,522,148,1,165
Azerbaijan,8/27/20,35844,524,137,2,166
Azerbaijan,8/28/20,35986,527,142,3,167
Azerbaijan,8/29/20,36174,529,188,2,168
Azerbaijan,8/30/20,36309,531,135,2,169
Azerbaijan,8/31/20,36435,534,126,3,170
Azerbaijan,9/1/20,36578,536,143,2,171
Azerbaijan,9/2/20,36732,538,154,2,172
Azerbaijan,9/3/20,36899,541,167,3,173
Azerbaijan,9/4/20,37031,543,132,2,174
Azerbaijan,9/5/20,37192,545,161,2,175
Azerbaijan,9/6/20,37329,548,137,3,176
Azerbaijan,9/7/20,37418,551,89,3,177
Azerbaijan,9/8/20,37557,552,139,1,178
Azerbaijan,9/9/20,37732,555,175,3,179
Azerbaijan,9/10/20,37874,556,142,1,180
Azerbaijan,9/11/20,38037,557,163,1,181
Azerbaijan,9/12/20,38172,559,135,2,182
Azerbaijan,9/13/20,38327,562,155,3,183
Azerbaijan,9/14/20,38403,564,76,2,184
Azerbaijan,9/15/20,38517,566,114,2,185
Azerbaijan,9/16/20,38658,569,141,3,186
Azerbaijan,9/17/20,38777,571,119,2,187
Azerbaijan,9/18/20,38894,572,117,1,188
Azerbaijan,9/19/20,39042,574,148,2,189
Azerbaijan,9/20/20,39188,575,146,1,190
Azerbaijan,9/21/20,39280,576,92,1,191
Azerbaijan,9/22/20,39378,578,98,2,192
Azerbaijan,9/23/20,39524,580,146,2,193
Azerbaijan,9/24/20,39686,581,162,1,194
Azerbaijan,9/25/20,39787,583,101,2,195
Azerbaijan,9/26/20,39895,585,108,2,196
Azerbaijan,9/27/20,40023,586,128,1,197
Azerbaijan,9/28/20,40061,588,38,2,198
Azerbaijan,9/29/20,40119,590,58,2,199
Azerbaijan,9/30/20,40229,591,110,1,200
Azerbaijan,10/1/20,40309,593,80,2,201
Azerbaijan,10/2/20,40453,594,144,1,202
Azerbaijan,10/3/20,40561,595,108,1,203
Azerbaijan,10/4/20,40691,596,130,1,204
Azerbaijan,10/5/20,40788,598,97,2,205
Azerbaijan,10/6/20,40931,600,143,2,206
Azerbaijan,10/7/20,41113,602,182,2,207
Azerbaijan,10/8/20,41304,603,191,1,208
Azerbaijan,10/9/20,41519,605,215,2,209
Azerbaijan,10/10/20,41752,608,233,3,210
Azerbaijan,10/11/20,41982,609,230,1,211
Azerbaijan,10/12/20,42104,609,122,0,212
Azerbaijan,10/13/20,42381,612,277,3,213
Azerbaijan,10/14/20,42750,616,369,4,214
Azerbaijan,10/15/20,43280,619,530,3,215
Azerbaijan,10/16/20,43789,621,509,2,216
Azerbaijan,10/17/20,44317,623,528,2,217
Azerbaijan,10/18/20,44964,626,647,3,218
Azerbaijan,10/19/20,45295,630,331,4,219
Azerbaijan,10/20/20,45879,635,584,5,220
Azerbaijan,10/21/20,46593,642,714,7,221
Azerbaijan,10/22/20,47418,648,825,6,222
Azerbaijan,10/23/20,48221,656,803,8,223
Azerbaijan,10/24/20,49013,664,792,8,224
Azerbaijan,10/25/20,49959,671,946,7,225
Azerbaijan,10/26/20,50486,679,527,8,226
Azerbaijan,10/27/20,51149,688,663,9,227
Azerbaijan,10/28/20,52137,699,988,11,228
Azerbaijan,10/29/20,53152,708,1015,9,229
Azerbaijan,10/30/20,54174,718,1022,10,230
Azerbaijan,10/31/20,55269,730,1095,12,231
Azerbaijan,11/1/20,56444,740,1175,10,232
Azerbaijan,11/2/20,57040,753,596,13,233
Azerbaijan,11/3/20,58282,768,1242,15,234
Azerbaijan,11/4/20,59509,780,1227,12,235
Azerbaijan,11/5/20,60873,794,1364,14,236
Azerbaijan,11/6/20,62338,811,1465,17,237
Azerbaijan,11/7/20,63748,824,1410,13,238
Azerbaijan,11/8/20,65411,840,1663,16,239
Azerbaijan,11/9/20,66046,852,635,12,240
Azerbaijan,11/10/20,67392,867,1346,15,241
Azerbaijan,11/11/20,68594,885,1202,18,242
Azerbaijan,11/12/20,70216,905,1622,20,243
Azerbaijan,11/13/20,71580,927,1364,22,244
Azerbaijan,11/14/20,73429,946,1849,19,245
Azerbaijan,11/15/20,75688,967,2259,21,246
Azerbaijan,11/16/20,77083,985,1395,18,247
Azerbaijan,11/17/20,79158,1005,2075,20,248
Azerbaijan,11/18/20,81397,1030,2239,25,249
Azerbaijan,11/19/20,83994,1053,2597,23,250
Azerbaijan,11/20/20,87163,1079,3169,26,251
Azerbaijan,11/21/20,89898,1107,2735,28,252
Azerbaijan,11/22/20,93094,1131,3196,24,253
Azerbaijan,11/23/20,95281,1160,2187,29,254
Azerbaijan,11/24/20,98927,1194,3646,34,255
Azerbaijan,11/25/20,102396,1224,3469,30,256
Azerbaijan,11/26/20,106101,1256,3705,32,257
Azerbaijan,11/27/20,109813,1291,3712,35,258
Azerbaijan,11/28/20,114025,1323,4212,32,259
Azerbaijan,11/29/20,118195,1361,4170,38,260
Azerbaijan,11/30/20,121176,1392,2981,31,261
Azerbaijan,12/1/20,125602,1433,4426,41,262
Azerbaijan,12/2/20,129544,1470,3942,37,263
Azerbaijan,12/3/20,133733,1510,4189,40,264
Azerbaijan,12/4/20,138000,1551,4267,41,265
Azerbaijan,12/5/20,142323,1593,4323,42,266
Azerbaijan,12/6/20,146679,1632,4356,39,267
Azerbaijan,12/7/20,149765,1675,3086,43,268
Azerbaijan,12/8/20,154152,1713,4387,38,269
Azerbaijan,12/9/20,158555,1755,4403,42,270
Azerbaijan,12/10/20,162774,1793,4219,38,271
Azerbaijan,12/11/20,167155,1840,4381,47,272
Azerbaijan,12/12/20,171423,1883,4268,43,273
Azerbaijan,12/13/20,175874,1922,4451,39,274
Azerbaijan,12/14/20,178986,1966,3112,44,275
Azerbaijan,12/15/20,183259,2007,4273,41,276
Azerbaijan,12/16/20,187336,2050,4077,43,277
Azerbaijan,12/17/20,191460,2088,4124,38,278
Azerbaijan,12/18/20,195422,2133,3962,45,279
Azerbaijan,12/19/20,199127,2175,3705,42,280
Azerbaijan,12/20/20,202088,2210,2961,35,281
Azerbaijan,12/21/20,203593,2253,1505,43,282
Azerbaijan,12/22/20,205877,2294,2284,41,283
Azerbaijan,12/23/20,208211,2340,2334,46,284
Azerbaijan,12/24/20,210061,2380,1850,40,285
Azerbaijan,12/25/20,211764,2416,1703,36,286
Azerbaijan,12/26/20,213192,2454,1428,38,287
Azerbaijan,12/27/20,214711,2499,1519,45,288
Azerbaijan,12/28/20,215483,2538,772,39,289
Azerbaijan,12/29/20,216584,2575,1101,37,290
Azerbaijan,12/30/20,217636,2609,1052,34,291
Azerbaijan,12/31/20,218700,2641,1064,32,292
Azerbaijan,1/1/21,219041,2670,341,29,293
Azerbaijan,1/2/21,219462,2703,421,33,294
Azerbaijan,1/3/21,220265,2733,803,30,295
Azerbaijan,1/4/21,220599,2761,334,28,296
Azerbaijan,1/5/21,221401,2792,802,31,297
Azerbaijan,1/6/21,222200,2818,799,26,298
Azerbaijan,1/7/21,222885,2845,685,27,299
Azerbaijan,1/8/21,223417,2869,532,24,300
Azerbaijan,1/9/21,224050,2890,633,21,301
Azerbaijan,1/10/21,224651,2909,601,19,302
Azerbaijan,1/11/21,224827,2926,176,17,303
Azerbaijan,1/12/21,225346,2941,519,15,304
Azerbaijan,1/13/21,225820,2957,474,16,305
Azerbaijan,1/14/21,226200,2971,380,14,306
Azerbaijan,1/15/21,226549,2983,349,12,307
Azerbaijan,1/16/21,226951,2998,402,15,308
Azerbaijan,1/17/21,227273,3009,322,11,309
Azerbaijan,1/18/21,227391,3022,118,13,310
Azerbaijan,1/19/21,227696,3032,305,10,311
Azerbaijan,1/20/21,228028,3044,332,12,312
Azerbaijan,1/21/21,228246,3053,218,9,313
Azerbaijan,1/22/21,228526,3064,280,11,314
Azerbaijan,1/23/21,228688,3072,162,8,315
Azerbaijan,1/24/21,228975,3082,287,10,316
Azerbaijan,1/25/21,229032,3093,57,11,317
Azerbaijan,1/26/21,229358,3100,326,7,318
Azerbaijan,1/27/21,229584,3105,226,5,319
Azerbaijan,1/28/21,229793,3113,209,8,320
