country,date,confirmed,deaths,new_confirmed,new_deaths,tagged_day
Czechia,3/8/20,31,0,12,0,1
Czechia,3/9/20,31,0,0,0,2
Czechia,3/10/20,41,0,10,0,3
Czechia,3/11/20,91,0,50,0,4
Czechia,3/12/20,94,0,3,0,5
Czechia,3/13/20,141,0,47,0,6
Czechia,3/14/20,189,0,48,0,7
Czechia,3/15/20,253,0,64,0,8
Czechia,3/16/20,298,0,45,0,9
Czechia,3/17/20,396,0,98,0,10
Czechia,3/18/20,464,0,68,0,11
Czechia,3/19/20,694,0,230,0,12
Czechia,3/20/20,833,0,139,0,13
Czechia,3/21/20,995,0,162,0,14
Czechia,3/22/20,1120,1,125,1,15
Czechia,3/23/20,1236,1,116,0,16
Czechia,3/24/20,1394,3,158,2,17
Czechia,3/25/20,1654,6,260,3,18
Czechia,3/26/20,1925,9,271,3,19
Czechia,3/27/20,2279,9,354,0,20
Czechia,3/28/20,2631,11,352,2,21
Czechia,3/29/20,2817,16,186,5,22
Czechia,3/30/20,3001,23,184,7,23
Czechia,3/31/20,3308,31,307,8,24
Czechia,4/1/20,3508,39,200,8,25
Czechia,4/2/20,3858,44,350,5,26
Czechia,4/3/20,4091,53,233,9,27
Czechia,4/4/20,4472,59,381,6,28
Czechia,4/5/20,4587,67,115,8,29
Czechia,4/6/20,4822,78,235,11,30
Czechia,4/7/20,5017,88,195,10,31
Czechia,4/8/20,5312,99,295,11,32
Czechia,4/9/20,5569,112,257,13,33
Czechia,4/10/20,5732,119,163,7,34
Czechia,4/11/20,5831,129,99,10,35
Czechia,4/12/20,5991,138,160,9,36
Czechia,4/13/20,6059,143,68,5,37
Czechia,4/14/20,6111,161,52,18,38
Czechia,4/15/20,6216,166,105,5,39
Czechia,4/16/20,6433,169,217,3,40
Czechia,4/17/20,6549,173,116,4,41
Czechia,4/18/20,6606,181,57,8,42
Czechia,4/19/20,6746,186,140,5,43
Czechia,4/20/20,6900,194,154,8,44
Czechia,4/21/20,7033,201,133,7,45
Czechia,4/22/20,7132,208,99,7,46
Czechia,4/23/20,7187,210,55,2,47
Czechia,4/24/20,7273,214,86,4,48
Czechia,4/25/20,7352,218,79,4,49
Czechia,4/26/20,7404,220,52,2,50
Czechia,4/27/20,7445,223,41,3,51
Czechia,4/28/20,7504,227,59,4,52
Czechia,4/29/20,7579,227,75,0,53
Czechia,4/30/20,7682,236,103,9,54
Czechia,5/1/20,7737,240,55,4,55
Czechia,5/2/20,7755,245,18,5,56
Czechia,5/3/20,7781,248,26,3,57
Czechia,5/4/20,7819,252,38,4,58
Czechia,5/5/20,7896,257,77,5,59
Czechia,5/6/20,7974,262,78,5,60
Czechia,5/7/20,8031,270,57,8,61
Czechia,5/8/20,8077,273,46,3,62
Czechia,5/9/20,8095,276,18,3,63
Czechia,5/10/20,8123,280,28,4,64
Czechia,5/11/20,8176,282,53,2,65
Czechia,5/12/20,8221,283,45,1,66
Czechia,5/13/20,8269,290,48,7,67
Czechia,5/14/20,8351,293,82,3,68
Czechia,5/15/20,8406,295,55,2,69
Czechia,5/16/20,8455,296,49,1,70
Czechia,5/17/20,8475,298,20,2,71
Czechia,5/18/20,8586,297,111,-1,72
Czechia,5/19/20,8647,302,61,5,73
Czechia,5/20/20,8721,304,74,2,74
Czechia,5/21/20,8754,306,33,2,75
Czechia,5/22/20,8813,312,59,6,76
Czechia,5/23/20,8890,314,77,2,77
Czechia,5/24/20,8955,315,65,1,78
Czechia,5/25/20,9002,317,47,2,79
Czechia,5/26/20,9050,317,48,0,80
Czechia,5/27/20,9086,317,36,0,81
Czechia,5/28/20,9140,319,54,2,82
Czechia,5/29/20,9196,319,56,0,83
Czechia,5/30/20,9230,319,34,0,84
Czechia,5/31/20,9268,320,38,1,85
Czechia,6/1/20,9302,321,34,1,86
Czechia,6/2/20,9364,323,62,2,87
Czechia,6/3/20,9438,325,74,2,88
Czechia,6/4/20,9494,326,56,1,89
Czechia,6/5/20,9529,327,35,1,90
Czechia,6/6/20,9567,327,38,0,91
Czechia,6/7/20,9628,327,61,0,92
Czechia,6/8/20,9697,328,69,1,93
Czechia,6/9/20,9751,328,54,0,94
Czechia,6/10/20,9824,330,73,2,95
Czechia,6/11/20,9855,328,31,-2,96
Czechia,6/12/20,9938,329,83,1,97
Czechia,6/13/20,9991,328,53,-1,98
Czechia,6/14/20,10024,329,33,1,99
Czechia,6/15/20,10064,330,40,1,100
Czechia,6/16/20,10111,331,47,1,101
Czechia,6/17/20,10162,333,51,2,102
Czechia,6/18/20,10280,334,118,1,103
Czechia,6/19/20,10406,335,126,1,104
Czechia,6/20/20,10448,336,42,1,105
Czechia,6/21/20,10498,336,50,0,106
Czechia,6/22/20,10523,336,25,0,107
Czechia,6/23/20,10650,339,127,3,108
Czechia,6/24/20,10777,343,127,4,109
Czechia,6/25/20,10870,345,93,2,110
Czechia,6/26/20,11038,349,168,4,111
Czechia,6/27/20,11298,349,260,0,112
Czechia,6/28/20,11603,348,305,-1,113
Czechia,6/29/20,11805,348,202,0,114
Czechia,6/30/20,11954,349,149,1,115
Czechia,7/1/20,12046,349,92,0,116
Czechia,7/2/20,12178,353,132,4,117
Czechia,7/3/20,12319,353,141,0,118
Czechia,7/4/20,12440,351,121,-2,119
Czechia,7/5/20,12515,348,75,-3,120
Czechia,7/6/20,12566,350,51,2,121
Czechia,7/7/20,12685,351,119,1,122
Czechia,7/8/20,12814,351,129,0,123
Czechia,7/9/20,12919,352,105,1,124
Czechia,7/10/20,13001,352,82,0,125
Czechia,7/11/20,13115,352,114,0,126
Czechia,7/12/20,13174,352,59,0,127
Czechia,7/13/20,13238,353,64,1,128
Czechia,7/14/20,13341,355,103,2,129
Czechia,7/15/20,13475,355,134,0,130
Czechia,7/16/20,13612,355,137,0,131
Czechia,7/17/20,13742,358,130,3,132
Czechia,7/18/20,13855,358,113,0,133
Czechia,7/19/20,13945,359,90,1,134
Czechia,7/20/20,14098,359,153,0,135
Czechia,7/21/20,14324,360,226,1,136
Czechia,7/22/20,14570,364,246,4,137
Czechia,7/23/20,14800,365,230,1,138
Czechia,7/24/20,15081,369,281,4,139
Czechia,7/25/20,15212,369,131,0,140
Czechia,7/26/20,15324,371,112,2,141
Czechia,7/27/20,15516,373,192,2,142
Czechia,7/28/20,15799,374,283,1,143
Czechia,7/29/20,16093,374,294,0,144
Czechia,7/30/20,16371,379,278,5,145
Czechia,7/31/20,16574,382,203,3,146
Czechia,8/1/20,16699,383,125,1,147
Czechia,8/2/20,16800,384,101,1,148
Czechia,8/3/20,17008,386,208,2,149
Czechia,8/4/20,17286,383,278,-3,150
Czechia,8/5/20,17529,388,243,5,151
Czechia,8/6/20,17731,390,202,2,152
Czechia,8/7/20,18060,389,329,-1,153
Czechia,8/8/20,18235,389,175,0,154
Czechia,8/9/20,18353,390,118,1,155
Czechia,8/10/20,18494,390,141,0,156
Czechia,8/11/20,18783,391,289,1,157
Czechia,8/12/20,19075,391,292,0,158
Czechia,8/13/20,19401,391,326,0,159
Czechia,8/14/20,19693,394,292,3,160
Czechia,8/15/20,19891,395,198,1,161
Czechia,8/16/20,20012,397,121,2,162
Czechia,8/17/20,20202,399,190,2,163
Czechia,8/18/20,20483,401,281,2,164
Czechia,8/19/20,20798,404,315,3,165
Czechia,8/20/20,21045,406,247,2,166
Czechia,8/21/20,21551,411,506,5,167
Czechia,8/22/20,21790,411,239,0,168
Czechia,8/23/20,21923,412,133,1,169
Czechia,8/24/20,22181,415,258,3,170
Czechia,8/25/20,22548,416,367,1,171
Czechia,8/26/20,22951,418,403,2,172
Czechia,8/27/20,23169,418,218,0,173
Czechia,8/28/20,23777,419,608,1,174
Czechia,8/29/20,24094,421,317,2,175
Czechia,8/30/20,24367,423,273,2,176
Czechia,8/31/20,24618,424,251,1,177
Czechia,9/1/20,25117,425,499,1,178
Czechia,9/2/20,25773,425,656,0,179
Czechia,9/3/20,26452,426,679,1,180
Czechia,9/4/20,27249,429,797,3,181
Czechia,9/5/20,27752,431,503,2,182
Czechia,9/6/20,28156,436,404,5,183
Czechia,9/7/20,28716,437,560,1,184
Czechia,9/8/20,29877,441,1161,4,185
Czechia,9/9/20,31036,444,1159,3,186
Czechia,9/10/20,32413,448,1377,4,187
Czechia,9/11/20,33860,450,1447,2,188
Czechia,9/12/20,35401,453,1541,3,189
Czechia,9/13/20,36188,456,787,3,190
Czechia,9/14/20,37222,465,1034,9,191
Czechia,9/15/20,38896,476,1674,11,192
Czechia,9/16/20,41032,482,2136,6,193
Czechia,9/17/20,44155,489,3123,7,194
Czechia,9/18/20,46262,495,2107,6,195
Czechia,9/19/20,48306,499,2044,4,196
Czechia,9/20/20,49290,503,984,4,197
Czechia,9/21/20,50764,522,1474,19,198
Czechia,9/22/20,53158,531,2394,9,199
Czechia,9/23/20,55464,555,2306,24,200
Czechia,9/24/20,58374,567,2910,12,201
Czechia,9/25/20,61318,581,2944,14,202
Czechia,9/26/20,63294,591,1976,10,203
Czechia,9/27/20,64597,606,1303,15,204
Czechia,9/28/20,65883,618,1286,12,205
Czechia,9/29/20,67843,636,1960,18,206
Czechia,9/30/20,70763,655,2920,19,207
Czechia,10/1/20,74255,678,3492,23,208
Czechia,10/2/20,78051,699,3796,21,209
Czechia,10/3/20,80605,711,2554,12,210
Czechia,10/4/20,82446,727,1841,16,211
Czechia,10/5/20,85566,758,3120,31,212
Czechia,10/6/20,90022,794,4456,36,213
Czechia,10/7/20,95360,829,5338,35,214
Czechia,10/8/20,100757,869,5397,40,215
Czechia,10/9/20,109374,905,8617,36,216
Czechia,10/10/20,114005,948,4631,43,217
Czechia,10/11/20,117110,987,3105,39,218
Czechia,10/12/20,121421,1051,4311,64,219
Czechia,10/13/20,129747,1106,8326,55,220
Czechia,10/14/20,139290,1172,9543,66,221
Czechia,10/15/20,149010,1230,9720,58,222
Czechia,10/16/20,160112,1283,11102,53,223
Czechia,10/17/20,168827,1352,8715,69,224
Czechia,10/18/20,173885,1422,5058,70,225
Czechia,10/19/20,181962,1513,8077,91,226
Czechia,10/20/20,193946,1619,11984,106,227
Czechia,10/21/20,208915,1739,14969,120,228
Czechia,10/22/20,223065,1845,14150,106,229
Czechia,10/23/20,238323,1971,15258,126,230
Czechia,10/24/20,250797,2077,12474,106,231
Czechia,10/25/20,258097,2201,7300,124,232
Czechia,10/26/20,268370,2365,10273,164,233
Czechia,10/27/20,284033,2547,15663,182,234
Czechia,10/28/20,297013,2675,12980,128,235
Czechia,10/29/20,310068,2862,13055,187,236
Czechia,10/30/20,323673,3078,13605,216,237
Czechia,10/31/20,335102,3251,11429,173,238
Czechia,11/1/20,341644,3429,6542,178,239
Czechia,11/2/20,350896,3654,9252,225,240
Czechia,11/3/20,362985,3913,12089,259,241
Czechia,11/4/20,378716,4133,15731,220,242
Czechia,11/5/20,391945,4330,13229,197,243
Czechia,11/6/20,403497,4484,11552,154,244
Czechia,11/7/20,411220,4681,7723,197,245
Czechia,11/8/20,414828,4858,3608,177,246
Czechia,11/9/20,417181,5028,2353,170,247
Czechia,11/10/20,429880,5323,12699,295,248
Czechia,11/11/20,438805,5570,8925,247,249
Czechia,11/12/20,446675,5755,7870,185,250
Czechia,11/13/20,454030,5926,7355,171,251
Czechia,11/14/20,458229,6058,4199,132,252
Czechia,11/15/20,460116,6208,1887,150,253
Czechia,11/16/20,465523,6416,5407,208,254
Czechia,11/17/20,469769,6558,4246,142,255
Czechia,11/18/20,475284,6740,5515,182,256
Czechia,11/19/20,481755,6874,6471,134,257
Czechia,11/20/20,487563,7021,5808,147,258
Czechia,11/21/20,490750,7095,3187,74,259
Czechia,11/22/20,492263,7196,1513,101,260
Czechia,11/23/20,496638,7360,4375,164,261
Czechia,11/24/20,502534,7499,5896,139,262
Czechia,11/25/20,505215,7611,2681,112,263
Czechia,11/26/20,511520,7779,6305,168,264
Czechia,11/27/20,515984,7967,4464,188,265
Czechia,11/28/20,518649,8054,2665,87,266
Czechia,11/29/20,519723,8138,1074,84,267
Czechia,11/30/20,523298,8295,3575,157,268
Czechia,12/1/20,528474,8407,5176,112,269
Czechia,12/2/20,533042,8515,4568,108,270
Czechia,12/3/20,537663,8641,4621,126,271
Czechia,12/4/20,542406,8738,4743,97,272
Czechia,12/5/20,544179,8815,1773,77,273
Czechia,12/6/20,546833,8902,2654,87,274
Czechia,12/7/20,546833,8902,0,0,275
Czechia,12/8/20,551070,9036,4237,134,276
Czechia,12/9/20,556927,9136,5857,100,277
Czechia,12/10/20,563333,9226,6406,90,278
Czechia,12/11/20,569205,9341,5872,115,279
Czechia,12/12/20,575422,9450,6217,109,280
Czechia,12/13/20,579079,9535,3657,85,281
Czechia,12/14/20,581079,9609,2000,74,282
Czechia,12/15/20,586251,9743,5172,134,283
Czechia,12/16/20,594148,9882,7897,139,284
Czechia,12/17/20,602404,10036,8256,154,285
Czechia,12/18/20,610006,10163,7602,127,286
Czechia,12/19/20,618836,10271,8830,108,287
Czechia,12/20/20,624140,10331,5304,60,288
Czechia,12/21/20,627523,10411,3383,80,289
Czechia,12/22/20,635414,10562,7891,151,290
Czechia,12/23/20,646312,10664,10898,102,291
Czechia,12/24/20,660461,10776,14149,112,292
Czechia,12/25/20,664863,10859,4402,83,293
Czechia,12/26/20,667569,10950,2706,91,294
Czechia,12/27/20,670599,11044,3030,94,295
Czechia,12/28/20,674340,11152,3741,108,296
Czechia,12/29/20,685202,11302,10862,150,297
Czechia,12/30/20,701622,11429,16420,127,298
Czechia,12/31/20,718661,11580,17039,151,299
Czechia,1/1/21,732022,11711,13361,131,300
Czechia,1/2/21,735469,11827,3447,116,301
Czechia,1/3/21,740481,11960,5012,133,302
Czechia,1/4/21,746714,12070,6233,110,303
Czechia,1/5/21,759635,12257,12921,187,304
Czechia,1/6/21,776967,12436,17332,179,305
Czechia,1/7/21,794740,12621,17773,185,306
Czechia,1/8/21,809601,12800,14861,179,307
Czechia,1/9/21,822716,12978,13115,178,308
Czechia,1/10/21,831165,13115,8449,137,309
Czechia,1/11/21,835454,13272,4289,157,310
Czechia,1/12/21,844799,13485,9345,213,311
Czechia,1/13/21,855600,13656,10801,171,312
Czechia,1/14/21,866522,13856,10922,200,313
Czechia,1/15/21,874605,14029,8083,173,314
Czechia,1/16/21,883906,14215,9301,186,315
Czechia,1/17/21,889159,14338,5253,123,316
Czechia,1/18/21,891852,14449,2693,111,317
Czechia,1/19/21,899503,14646,7651,197,318
Czechia,1/20/21,909131,14820,9628,174,319
Czechia,1/21/21,917359,14973,8228,153,320
Czechia,1/22/21,924847,15130,7488,157,321
Czechia,1/23/21,933361,15270,8514,140,322
Czechia,1/24/21,937617,15369,4256,99,323
Czechia,1/25/21,940004,15453,2387,84,324
Czechia,1/26/21,946946,15618,6942,165,325
Czechia,1/27/21,956155,15791,9209,173,326
Czechia,1/28/21,964660,15944,8505,153,327
