country,date,confirmed,deaths,new_confirmed,new_deaths,tagged_day
Israel,3/5/20,21,0,6,0,1
Israel,3/6/20,37,0,16,0,2
Israel,3/7/20,47,0,10,0,3
Israel,3/8/20,56,0,9,0,4
Israel,3/9/20,60,0,4,0,5
Israel,3/10/20,88,0,28,0,6
Israel,3/11/20,60,0,-28,0,7
Israel,3/12/20,81,0,21,0,8
Israel,3/13/20,112,0,31,0,9
Israel,3/14/20,138,0,26,0,10
Israel,3/15/20,177,0,39,0,11
Israel,3/16/20,251,0,74,0,12
Israel,3/17/20,295,0,44,0,13
Israel,3/18/20,371,0,76,0,14
Israel,3/19/20,386,0,15,0,15
Israel,3/20/20,628,1,242,1,16
Israel,3/21/20,843,1,215,0,17
Israel,3/22/20,1080,1,237,0,18
Israel,3/23/20,1249,1,169,0,19
Israel,3/24/20,1351,4,102,3,20
Israel,3/25/20,2468,5,1117,1,21
Israel,3/26/20,2988,10,520,5,22
Israel,3/27/20,3421,12,433,2,23
Israel,3/28/20,3901,13,480,1,24
Israel,3/29/20,4433,16,532,3,25
Israel,3/30/20,4979,17,546,1,26
Israel,3/31/20,5717,21,738,4,27
Israel,4/1/20,6413,29,696,8,28
Israel,4/2/20,7132,38,719,9,29
Israel,4/3/20,7729,43,597,5,30
Israel,4/4/20,8157,49,428,6,31
Israel,4/5/20,8740,56,583,7,32
Israel,4/6/20,9191,64,451,8,33
Israel,4/7/20,9568,72,377,8,34
Israel,4/8/20,9906,80,338,8,35
Israel,4/9/20,10249,89,343,9,36
Israel,4/10/20,10607,97,358,8,37
Israel,4/11/20,10952,103,345,6,38
Israel,4/12/20,11504,109,552,6,39
Israel,4/13/20,11942,118,438,9,40
Israel,4/14/20,12341,126,399,8,41
Israel,4/15/20,12652,139,311,13,42
Israel,4/16/20,12948,146,296,7,43
Israel,4/17/20,13246,155,298,9,44
Israel,4/18/20,13537,166,291,11,45
Israel,4/19/20,13813,174,276,8,46
Israel,4/20/20,14112,180,299,6,47
Israel,4/21/20,14394,189,282,9,48
Israel,4/22/20,14619,192,225,3,49
Israel,4/23/20,14895,196,276,4,50
Israel,4/24/20,15143,199,248,3,51
Israel,4/25/20,15302,202,159,3,52
Israel,4/26/20,15385,204,83,2,53
Israel,4/27/20,15513,208,128,4,54
Israel,4/28/20,15672,213,159,5,55
Israel,4/29/20,15754,219,82,6,56
Israel,4/30/20,15896,225,142,6,57
Israel,5/1/20,16012,229,116,4,58
Israel,5/2/20,16069,232,57,3,59
Israel,5/3/20,16096,235,27,3,60
Israel,5/4/20,16149,238,53,3,61
Israel,5/5/20,16181,240,32,2,62
Israel,5/6/20,16246,241,65,1,63
Israel,5/7/20,16307,242,61,1,64
Israel,5/8/20,16340,248,33,6,65
Israel,5/9/20,16359,251,19,3,66
Israel,5/10/20,16388,255,29,4,67
Israel,5/11/20,16427,260,39,5,68
Israel,5/12/20,16450,263,23,3,69
Israel,5/13/20,16489,266,39,3,70
Israel,5/14/20,16511,268,22,2,71
Israel,5/15/20,16523,268,12,0,72
Israel,5/16/20,16528,271,5,3,73
Israel,5/17/20,16543,275,15,4,74
Israel,5/18/20,16570,278,27,3,75
Israel,5/19/20,16592,280,22,2,76
Israel,5/20/20,16607,281,15,1,77
Israel,5/21/20,16624,281,17,0,78
Israel,5/22/20,16643,281,19,0,79
Israel,5/23/20,16648,281,5,0,80
Israel,5/24/20,16661,282,13,1,81
Israel,5/25/20,16683,284,22,2,82
Israel,5/26/20,16733,284,50,0,83
Israel,5/27/20,16773,286,40,2,84
Israel,5/28/20,16850,287,77,1,85
Israel,5/29/20,16963,287,113,0,86
Israel,5/30/20,16992,287,29,0,87
Israel,5/31/20,17079,287,87,0,88
Israel,6/1/20,17179,290,100,3,89
Israel,6/2/20,17300,292,121,2,90
Israel,6/3/20,17397,293,97,1,91
Israel,6/4/20,17539,293,142,0,92
Israel,6/5/20,17666,294,127,1,93
Israel,6/6/20,17744,298,78,4,94
Israel,6/7/20,17884,300,140,2,95
Israel,6/8/20,18063,300,179,0,96
Israel,6/9/20,18236,301,173,1,97
Israel,6/10/20,18476,302,240,1,98
Israel,6/11/20,18667,302,191,0,99
Israel,6/12/20,18851,302,184,0,100
Israel,6/13/20,19000,303,149,1,101
Israel,6/14/20,19136,305,136,2,102
Israel,6/15/20,19334,305,198,0,103
Israel,6/16/20,19634,306,300,1,104
Israel,6/17/20,19905,306,271,0,105
Israel,6/18/20,20207,306,302,0,106
Israel,6/19/20,20517,307,310,1,107
Israel,6/20/20,20676,308,159,1,108
Israel,6/21/20,20849,308,173,0,109
Israel,6/22/20,21194,309,345,1,110
Israel,6/23/20,21645,311,451,2,111
Israel,6/24/20,22132,314,487,3,112
Israel,6/25/20,22648,318,516,4,113
Israel,6/26/20,23112,321,464,3,114
Israel,6/27/20,23510,324,398,3,115
Israel,6/28/20,23895,326,385,2,116
Israel,6/29/20,24652,326,757,0,117
Israel,6/30/20,25438,327,786,1,118
Israel,7/1/20,26410,330,972,3,119
Israel,7/2/20,27556,331,1146,1,120
Israel,7/3/20,28495,334,939,3,121
Israel,7/4/20,29316,339,821,5,122
Israel,7/5/20,30147,341,831,2,123
Israel,7/6/20,31281,349,1134,8,124
Israel,7/7/20,32671,354,1390,5,125
Israel,7/8/20,33998,359,1327,5,126
Israel,7/9/20,35523,364,1525,5,127
Israel,7/10/20,36932,368,1409,4,128
Israel,7/11/20,38100,373,1168,5,129
Israel,7/12/20,39338,380,1238,7,130
Israel,7/13/20,41058,384,1720,4,131
Israel,7/14/20,42662,391,1604,7,132
Israel,7/15/20,44539,397,1877,6,133
Israel,7/16/20,46478,406,1939,9,134
Israel,7/17/20,48083,418,1605,12,135
Israel,7/18/20,49531,426,1448,8,136
Israel,7/19/20,50547,436,1016,10,137
Israel,7/20/20,52434,448,1887,12,138
Israel,7/21/20,54440,457,2006,9,139
Israel,7/22/20,56484,463,2044,6,140
Israel,7/23/20,58474,479,1990,16,141
Israel,7/24/20,60304,487,1830,8,142
Israel,7/25/20,61416,494,1112,7,143
Israel,7/26/20,62458,505,1042,11,144
Israel,7/27/20,64506,512,2048,7,145
Israel,7/28/20,66631,520,2125,8,146
Israel,7/29/20,68585,535,1954,15,147
Israel,7/30/20,70372,550,1787,15,148
Israel,7/31/20,71734,564,1362,14,149
Israel,8/1/20,72359,578,625,14,150
Israel,8/2/20,73067,589,708,11,151
Israel,8/3/20,74867,604,1800,15,152
Israel,8/4/20,76596,615,1729,11,153
Israel,8/5/20,78286,625,1690,10,154
Israel,8/6/20,79963,634,1677,9,155
Israel,8/7/20,81727,646,1764,12,156
Israel,8/8/20,82481,659,754,13,157
Israel,8/9/20,83405,666,924,7,158
Israel,8/10/20,85109,681,1704,15,159
Israel,8/11/20,86932,692,1823,11,160
Israel,8/12/20,88554,707,1622,15,161
Israel,8/13/20,90197,723,1643,16,162
Israel,8/14/20,91585,735,1388,12,163
Israel,8/15/20,92342,745,757,10,164
Israel,8/16/20,93410,764,1068,19,165
Israel,8/17/20,95060,768,1650,4,166
Israel,8/18/20,96709,782,1649,14,167
Israel,8/19/20,98349,794,1640,12,168
Israel,8/20/20,99836,806,1487,12,169
Israel,8/21/20,101329,819,1493,13,170
Israel,8/22/20,102040,829,711,10,171
Israel,8/23/20,103005,842,965,13,172
Israel,8/24/20,104905,858,1900,16,173
Israel,8/25/20,106861,877,1956,19,174
Israel,8/26/20,108814,888,1953,11,175
Israel,8/27/20,110885,899,2071,11,176
Israel,8/28/20,112717,911,1832,12,177
Israel,8/29/20,113627,916,910,5,178
Israel,8/30/20,114728,930,1101,14,179
Israel,8/31/20,116906,953,2178,23,180
Israel,9/1/20,119158,968,2252,15,181
Israel,9/2/20,122351,982,3193,14,182
Israel,9/3/20,125012,998,2661,16,183
Israel,9/4/20,127635,1010,2623,12,184
Israel,9/5/20,129140,1025,1505,15,185
Israel,9/6/20,131317,1037,2177,12,186
Israel,9/7/20,134705,1054,3388,17,187
Israel,9/8/20,138194,1074,3489,20,188
Israel,9/9/20,142190,1089,3996,15,189
Israel,9/10/20,146351,1103,4161,14,190
Israel,9/11/20,150326,1123,3975,20,191
Israel,9/12/20,153045,1138,2719,15,192
Israel,9/13/20,156220,1155,3175,17,193
Israel,9/14/20,161025,1175,4805,20,194
Israel,9/15/20,166564,1191,5539,16,195
Israel,9/16/20,171138,1217,4574,26,196
Israel,9/17/20,176523,1235,5385,18,197
Israel,9/18/20,181863,1255,5340,20,198
Israel,9/19/20,185672,1282,3809,27,199
Israel,9/20/20,188251,1303,2579,21,200
Israel,9/21/20,192117,1334,3866,31,201
Israel,9/22/20,199138,1360,7021,26,202
Israel,9/23/20,206263,1385,7125,25,203
Israel,9/24/20,214497,1416,8234,31,204
Israel,9/25/20,222887,1446,8390,30,205
Israel,9/26/20,228769,1471,5882,25,206
Israel,9/27/20,232183,1503,3414,32,207
Israel,9/28/20,233342,1532,1159,29,208
Israel,9/29/20,238333,1567,4991,35,209
Israel,9/30/20,247411,1604,9078,37,210
Israel,10/1/20,255142,1650,7731,46,211
Israel,10/2/20,262200,1675,7058,25,212
Israel,10/3/20,264793,1712,2593,37,213
Israel,10/4/20,267730,1748,2937,36,214
Israel,10/5/20,273451,1775,5721,27,215
Israel,10/6/20,278175,1820,4724,45,216
Israel,10/7/20,282340,1846,4165,26,217
Israel,10/8/20,286095,1893,3755,47,218
Israel,10/9/20,289058,1933,2963,40,219
Israel,10/10/20,289974,1968,916,35,220
Israel,10/11/20,291620,2014,1646,46,221
Israel,10/12/20,294789,2044,3169,30,222
Israel,10/13/20,297125,2082,2336,38,223
Israel,10/14/20,299242,2117,2117,35,224
Israel,10/15/20,300854,2148,1612,31,225
Israel,10/16/20,302354,2182,1500,34,226
Israel,10/17/20,302765,2214,411,32,227
Israel,10/18/20,303687,2247,922,33,228
Israel,10/19/20,305204,2278,1517,31,229
Israel,10/20/20,306397,2298,1193,20,230
Israel,10/21/20,307569,2323,1172,25,231
Israel,10/22/20,308601,2352,1032,29,232
Israel,10/23/20,309450,2378,849,26,233
Israel,10/24/20,309696,2405,246,27,234
Israel,10/25/20,310303,2440,607,35,235
Israel,10/26/20,311187,2468,884,28,236
Israel,10/27/20,312074,2496,887,28,237
Israel,10/28/20,312797,2506,723,10,238
Israel,10/29/20,313441,2525,644,19,239
Israel,10/30/20,314121,2536,680,11,240
Israel,10/31/20,314349,2561,228,25,241
Israel,11/1/20,315007,2580,658,19,242
Israel,11/2/20,315795,2596,788,16,243
Israel,11/3/20,316641,2622,846,26,244
Israel,11/4/20,317410,2639,769,17,245
Israel,11/5/20,317980,2652,570,13,246
Israel,11/6/20,318671,2668,691,16,247
Israel,11/7/20,318883,2676,212,8,248
Israel,11/8/20,319417,2683,534,7,249
Israel,11/9/20,320136,2689,719,6,250
Israel,11/10/20,320811,2699,675,10,251
Israel,11/11/20,321574,2706,763,7,252
Israel,11/12/20,322410,2718,836,12,253
Israel,11/13/20,323171,2723,761,5,254
Israel,11/14/20,323463,2735,292,12,255
Israel,11/15/20,324088,2744,625,9,256
Israel,11/16/20,324961,2751,873,7,257
Israel,11/17/20,325790,2763,829,12,258
Israel,11/18/20,326585,2770,795,7,259
Israel,11/19/20,327355,2778,770,8,260
Israel,11/20/20,328129,2784,774,6,261
Israel,11/21/20,328551,2796,422,12,262
Israel,11/22/20,329316,2813,765,17,263
Israel,11/23/20,330275,2820,959,7,264
Israel,11/24/20,331132,2826,857,6,265
Israel,11/25/20,332211,2831,1079,5,266
Israel,11/26/20,333296,2840,1085,9,267
Israel,11/27/20,334328,2846,1032,6,268
Israel,11/28/20,334908,2856,580,10,269
Israel,11/29/20,335933,2864,1025,8,270
Israel,11/30/20,337191,2872,1258,8,271
Israel,12/1/20,338389,2882,1198,10,272
Israel,12/2/20,339968,2886,1579,4,273
Israel,12/3/20,341406,2895,1438,9,274
Israel,12/4/20,342101,2896,695,1,275
Israel,12/5/20,343826,2909,1725,13,276
Israel,12/6/20,344906,2917,1080,8,277
Israel,12/7/20,346797,2924,1891,7,278
Israel,12/8/20,348285,2932,1488,8,279
Israel,12/9/20,350271,2934,1986,2,280
Israel,12/10/20,352397,2961,2126,27,281
Israel,12/11/20,353269,2969,872,8,282
Israel,12/12/20,355786,2983,2517,14,283
Israel,12/13/20,357176,2999,1390,16,284
Israel,12/14/20,359506,3004,2330,5,285
Israel,12/15/20,360630,3014,1124,10,286
Israel,12/16/20,365042,3034,4412,20,287
Israel,12/17/20,367975,3050,2933,16,288
Israel,12/18/20,370152,3057,2177,7,289
Israel,12/19/20,372886,3074,2734,17,290
Israel,12/20/20,374760,3099,1874,25,291
Israel,12/21/20,378259,3111,3499,12,292
Israel,12/22/20,382487,3136,4228,25,293
Israel,12/23/20,385022,3150,2535,14,294
Israel,12/24/20,389678,3171,4656,21,295
Israel,12/25/20,394391,3186,4713,15,296
Israel,12/26/20,398664,3210,4273,24,297
Israel,12/27/20,401470,3226,2806,16,298
Israel,12/28/20,407285,3256,5815,30,299
Israel,12/29/20,412398,3292,5113,36,300
Israel,12/30/20,416584,3307,4186,15,301
Israel,12/31/20,423262,3325,6678,18,302
Israel,1/1/21,428510,3356,5248,31,303
Israel,1/2/21,434799,3392,6289,36,304
Israel,1/3/21,441542,3416,6743,24,305
Israel,1/4/21,448173,3445,6631,29,306
Israel,1/5/21,456139,3496,7966,51,307
Israel,1/6/21,463448,3529,7309,33,308
Israel,1/7/21,471048,3552,7600,23,309
Israel,1/8/21,477357,3596,6309,44,310
Israel,1/9/21,485434,3645,8077,49,311
Israel,1/10/21,491319,3671,5885,26,312
Israel,1/11/21,501073,3704,9754,33,313
Israel,1/12/21,510063,3771,8990,67,314
Israel,1/13/21,520060,3817,9997,46,315
Israel,1/14/21,529814,3870,9754,53,316
Israel,1/15/21,535049,3910,5235,40,317
Israel,1/16/21,543499,3959,8450,49,318
Israel,1/17/21,551689,4005,8190,46,319
Israel,1/18/21,558249,4044,6560,39,320
Israel,1/19/21,565629,4080,7380,36,321
Israel,1/20/21,575842,4181,10213,101,322
Israel,1/21/21,582869,4245,7027,64,323
Israel,1/22/21,589028,4266,6159,21,324
Israel,1/23/21,593961,4341,4933,75,325
Israel,1/24/21,597403,4419,3442,78,326
Israel,1/25/21,613340,4498,15937,79,327
Israel,1/26/21,617168,4513,3828,15,328
Israel,1/27/21,621590,4605,4422,92,329
Israel,1/28/21,628895,4669,7305,64,330
