country,date,confirmed,deaths,new_confirmed,new_deaths,tagged_day
Kazakhstan,3/17/20,33,0,23,0,1
Kazakhstan,3/18/20,35,0,2,0,2
Kazakhstan,3/19/20,44,0,9,0,3
Kazakhstan,3/20/20,49,0,5,0,4
Kazakhstan,3/21/20,53,0,4,0,5
Kazakhstan,3/22/20,61,0,8,0,6
Kazakhstan,3/23/20,62,0,1,0,7
Kazakhstan,3/24/20,72,0,10,0,8
Kazakhstan,3/25/20,81,0,9,0,9
Kazakhstan,3/26/20,111,1,30,1,10
Kazakhstan,3/27/20,150,1,39,0,11
Kazakhstan,3/28/20,228,1,78,0,12
Kazakhstan,3/29/20,284,1,56,0,13
Kazakhstan,3/30/20,302,1,18,0,14
Kazakhstan,3/31/20,343,2,41,1,15
Kazakhstan,4/1/20,380,3,37,1,16
Kazakhstan,4/2/20,435,3,55,0,17
Kazakhstan,4/3/20,464,6,29,3,18
Kazakhstan,4/4/20,531,5,67,-1,19
Kazakhstan,4/5/20,584,6,53,1,20
Kazakhstan,4/6/20,662,6,78,0,21
Kazakhstan,4/7/20,697,6,35,0,22
Kazakhstan,4/8/20,727,7,30,1,23
Kazakhstan,4/9/20,781,8,54,1,24
Kazakhstan,4/10/20,812,10,31,2,25
Kazakhstan,4/11/20,865,10,53,0,26
Kazakhstan,4/12/20,951,10,86,0,27
Kazakhstan,4/13/20,1091,12,140,2,28
Kazakhstan,4/14/20,1232,14,141,2,29
Kazakhstan,4/15/20,1295,16,63,2,30
Kazakhstan,4/16/20,1402,17,107,1,31
Kazakhstan,4/17/20,1546,17,144,0,32
Kazakhstan,4/18/20,1615,17,69,0,33
Kazakhstan,4/19/20,1676,17,61,0,34
Kazakhstan,4/20/20,1852,19,176,2,35
Kazakhstan,4/21/20,1995,19,143,0,36
Kazakhstan,4/22/20,2135,19,140,0,37
Kazakhstan,4/23/20,2289,20,154,1,38
Kazakhstan,4/24/20,2482,25,193,5,39
Kazakhstan,4/25/20,2601,25,119,0,40
Kazakhstan,4/26/20,2717,25,116,0,41
Kazakhstan,4/27/20,2835,25,118,0,42
Kazakhstan,4/28/20,3027,25,192,0,43
Kazakhstan,4/29/20,3138,25,111,0,44
Kazakhstan,4/30/20,3402,25,264,0,45
Kazakhstan,5/1/20,3597,25,195,0,46
Kazakhstan,5/2/20,3857,25,260,0,47
Kazakhstan,5/3/20,3920,27,63,2,48
Kazakhstan,5/4/20,4049,29,129,2,49
Kazakhstan,5/5/20,4205,29,156,0,50
Kazakhstan,5/6/20,4422,30,217,1,51
Kazakhstan,5/7/20,4578,30,156,0,52
Kazakhstan,5/8/20,4834,31,256,1,53
Kazakhstan,5/9/20,4975,31,141,0,54
Kazakhstan,5/10/20,5090,31,115,0,55
Kazakhstan,5/11/20,5207,32,117,1,56
Kazakhstan,5/12/20,5279,32,72,0,57
Kazakhstan,5/13/20,5417,32,138,0,58
Kazakhstan,5/14/20,5571,32,154,0,59
Kazakhstan,5/15/20,5689,34,118,2,60
Kazakhstan,5/16/20,5850,34,161,0,61
Kazakhstan,5/17/20,6157,34,307,0,62
Kazakhstan,5/18/20,6751,35,594,1,63
Kazakhstan,5/19/20,6751,35,0,0,64
Kazakhstan,5/20/20,6969,35,218,0,65
Kazakhstan,5/21/20,7234,35,265,0,66
Kazakhstan,5/22/20,7919,35,685,0,67
Kazakhstan,5/23/20,7919,35,0,0,68
Kazakhstan,5/24/20,8531,35,612,0,69
Kazakhstan,5/25/20,8969,35,438,0,70
Kazakhstan,5/26/20,8969,37,0,2,71
Kazakhstan,5/27/20,9304,37,335,0,72
Kazakhstan,5/28/20,9576,37,272,0,73
Kazakhstan,5/29/20,9932,37,356,0,74
Kazakhstan,5/30/20,10382,38,450,1,75
Kazakhstan,5/31/20,10858,40,476,2,76
Kazakhstan,6/1/20,11308,41,450,1,77
Kazakhstan,6/2/20,11571,44,263,3,78
Kazakhstan,6/3/20,12067,48,496,4,79
Kazakhstan,6/4/20,12067,52,0,4,80
Kazakhstan,6/5/20,12312,52,245,0,81
Kazakhstan,6/6/20,12511,53,199,1,82
Kazakhstan,6/7/20,12694,56,183,3,83
Kazakhstan,6/8/20,12859,56,165,0,84
Kazakhstan,6/9/20,13074,61,215,5,85
Kazakhstan,6/10/20,13319,67,245,6,86
Kazakhstan,6/11/20,13872,67,553,0,87
Kazakhstan,6/12/20,13872,70,0,3,88
Kazakhstan,6/13/20,14238,73,366,3,89
Kazakhstan,6/14/20,14496,77,258,4,90
Kazakhstan,6/15/20,15192,81,696,4,91
Kazakhstan,6/16/20,15542,88,350,7,92
Kazakhstan,6/17/20,15877,97,335,9,93
Kazakhstan,6/18/20,15877,100,0,3,94
Kazakhstan,6/19/20,16779,113,902,13,95
Kazakhstan,6/20/20,17225,118,446,5,96
Kazakhstan,6/21/20,17732,120,507,2,97
Kazakhstan,6/22/20,18231,127,499,7,98
Kazakhstan,6/23/20,18765,134,534,7,99
Kazakhstan,6/24/20,19285,136,520,2,100
Kazakhstan,6/25/20,19750,140,465,4,101
Kazakhstan,6/26/20,20319,150,569,10,102
Kazakhstan,6/27/20,20319,166,0,16,103
Kazakhstan,6/28/20,21327,178,1008,12,104
Kazakhstan,6/29/20,21819,188,492,10,105
Kazakhstan,6/30/20,22308,188,489,0,106
Kazakhstan,7/1/20,41065,188,18757,0,107
Kazakhstan,7/2/20,42574,188,1509,0,108
Kazakhstan,7/3/20,45719,188,3145,0,109
Kazakhstan,7/4/20,47171,188,1452,0,110
Kazakhstan,7/5/20,48574,188,1403,0,111
Kazakhstan,7/6/20,49683,264,1109,76,112
Kazakhstan,7/7/20,51059,264,1376,0,113
Kazakhstan,7/8/20,51059,264,0,0,114
Kazakhstan,7/9/20,54747,264,3688,0,115
Kazakhstan,7/10/20,56455,264,1708,0,116
Kazakhstan,7/11/20,58253,264,1798,0,117
Kazakhstan,7/12/20,58253,375,0,111,118
Kazakhstan,7/13/20,61755,375,3502,0,119
Kazakhstan,7/14/20,63514,375,1759,0,120
Kazakhstan,7/15/20,65188,375,1674,0,121
Kazakhstan,7/16/20,66895,375,1707,0,122
Kazakhstan,7/17/20,68703,375,1808,0,123
Kazakhstan,7/18/20,68703,375,0,0,124
Kazakhstan,7/19/20,71838,375,3135,0,125
Kazakhstan,7/20/20,73468,585,1630,210,126
Kazakhstan,7/21/20,75153,585,1685,0,127
Kazakhstan,7/22/20,75153,585,0,0,128
Kazakhstan,7/23/20,78486,585,3333,0,129
Kazakhstan,7/24/20,80226,585,1740,0,130
Kazakhstan,7/25/20,81720,585,1494,0,131
Kazakhstan,7/26/20,83122,585,1402,0,132
Kazakhstan,7/27/20,84648,585,1526,0,133
Kazakhstan,7/28/20,86192,793,1544,208,134
Kazakhstan,7/29/20,87664,793,1472,0,135
Kazakhstan,7/30/20,89078,793,1414,0,136
Kazakhstan,7/31/20,90367,793,1289,0,137
Kazakhstan,8/1/20,90367,793,0,0,138
Kazakhstan,8/2/20,96774,823,6407,30,139
Kazakhstan,8/3/20,98641,1109,1867,286,140
Kazakhstan,8/4/20,100075,1109,1434,0,141
Kazakhstan,8/5/20,102936,1109,2861,0,142
Kazakhstan,8/6/20,105526,1109,2590,0,143
Kazakhstan,8/7/20,107930,1109,2404,0,144
Kazakhstan,8/8/20,109939,1109,2009,0,145
Kazakhstan,8/9/20,111822,1109,1883,0,146
Kazakhstan,8/10/20,112722,1433,900,324,147
Kazakhstan,8/11/20,113501,1433,779,0,148
Kazakhstan,8/12/20,115615,1433,2114,0,149
Kazakhstan,8/13/20,117104,1433,1489,0,150
Kazakhstan,8/14/20,118514,1433,1410,0,151
Kazakhstan,8/15/20,119781,1480,1267,47,152
Kazakhstan,8/16/20,121161,1485,1380,5,153
Kazakhstan,8/17/20,121639,1487,478,2,154
Kazakhstan,8/18/20,121973,1635,334,148,155
Kazakhstan,8/19/20,123325,1646,1352,11,156
Kazakhstan,8/20/20,124356,1652,1031,6,157
Kazakhstan,8/21/20,125335,1658,979,6,158
Kazakhstan,8/22/20,126243,1663,908,5,159
Kazakhstan,8/23/20,127203,1671,960,8,160
Kazakhstan,8/24/20,127462,1781,259,110,161
Kazakhstan,8/25/20,127462,1781,0,0,162
Kazakhstan,8/26/20,127462,1781,0,0,163
Kazakhstan,8/27/20,127664,1781,202,0,164
Kazakhstan,8/28/20,128618,1781,954,0,165
Kazakhstan,8/29/20,130040,1781,1422,0,166
Kazakhstan,8/30/20,130673,1781,633,0,167
Kazakhstan,8/31/20,130673,1781,0,0,168
Kazakhstan,9/1/20,131596,1815,923,34,169
Kazakhstan,9/2/20,131695,1883,99,68,170
Kazakhstan,9/3/20,132354,1889,659,6,171
Kazakhstan,9/4/20,132924,1893,570,4,172
Kazakhstan,9/5/20,133028,1893,104,0,173
Kazakhstan,9/6/20,133924,1901,896,8,174
Kazakhstan,9/7/20,134123,1902,199,1,175
Kazakhstan,9/8/20,134203,1903,80,1,176
Kazakhstan,9/9/20,134726,1950,523,47,177
Kazakhstan,9/10/20,135159,1951,433,1,178
Kazakhstan,9/11/20,135589,1952,430,1,179
Kazakhstan,9/12/20,135964,1954,375,2,180
Kazakhstan,9/13/20,136384,1955,420,1,181
Kazakhstan,9/14/20,136513,1962,129,7,182
Kazakhstan,9/15/20,136586,1965,73,3,183
Kazakhstan,9/16/20,137058,2003,472,38,184
Kazakhstan,9/17/20,137393,2006,335,3,185
Kazakhstan,9/18/20,137713,2008,320,2,186
Kazakhstan,9/19/20,138013,2009,300,1,187
Kazakhstan,9/20/20,138348,2014,335,5,188
Kazakhstan,9/21/20,138455,2015,107,1,189
Kazakhstan,9/22/20,138542,2016,87,1,190
Kazakhstan,9/23/20,138982,2044,440,28,191
Kazakhstan,9/24/20,139289,2045,307,1,192
Kazakhstan,9/25/20,139581,2046,292,1,193
Kazakhstan,9/26/20,139882,2046,301,0,194
Kazakhstan,9/27/20,140175,2048,293,2,195
Kazakhstan,9/28/20,140265,2049,90,1,196
Kazakhstan,9/29/20,140333,2050,68,1,197
Kazakhstan,9/30/20,140707,2078,374,28,198
Kazakhstan,10/1/20,140958,2080,251,2,199
Kazakhstan,10/2/20,141256,2082,298,2,200
Kazakhstan,10/3/20,141484,2083,228,1,201
Kazakhstan,10/4/20,141748,2083,264,0,202
Kazakhstan,10/5/20,141844,2085,96,2,203
Kazakhstan,10/6/20,141904,2085,60,0,204
Kazakhstan,10/7/20,142239,2107,335,22,205
Kazakhstan,10/8/20,142597,2108,358,1,206
Kazakhstan,10/9/20,142945,2110,348,2,207
Kazakhstan,10/10/20,143280,2111,335,1,208
Kazakhstan,10/11/20,143632,2113,352,2,209
Kazakhstan,10/12/20,143740,2114,108,1,210
Kazakhstan,10/13/20,143814,2116,74,2,211
Kazakhstan,10/14/20,144218,2141,404,25,212
Kazakhstan,10/15/20,144328,2141,110,0,213
Kazakhstan,10/16/20,144761,2144,433,3,214
Kazakhstan,10/17/20,145019,2148,258,4,215
Kazakhstan,10/18/20,145320,2149,301,1,216
Kazakhstan,10/19/20,145473,2150,153,1,217
Kazakhstan,10/20/20,145603,2155,130,5,218
Kazakhstan,10/21/20,145966,2184,363,29,219
Kazakhstan,10/22/20,146288,2186,322,2,220
Kazakhstan,10/23/20,146653,2187,365,1,221
Kazakhstan,10/24/20,146982,2189,329,2,222
Kazakhstan,10/25/20,147297,2189,315,0,223
Kazakhstan,10/26/20,147463,2190,166,1,224
Kazakhstan,10/27/20,147615,2191,152,1,225
Kazakhstan,10/28/20,148037,2221,422,30,226
Kazakhstan,10/29/20,148479,2222,442,1,227
Kazakhstan,10/30/20,149066,2224,587,2,228
Kazakhstan,10/31/20,149699,2226,633,2,229
Kazakhstan,11/1/20,150380,2227,681,1,230
Kazakhstan,11/2/20,150863,2227,483,0,231
Kazakhstan,11/3/20,151321,2261,458,34,232
Kazakhstan,11/4/20,152022,2262,701,1,233
Kazakhstan,11/5/20,152725,2263,703,1,234
Kazakhstan,11/6/20,153547,2263,822,0,235
Kazakhstan,11/7/20,154321,2265,774,2,236
Kazakhstan,11/8/20,155220,2266,899,1,237
Kazakhstan,11/9/20,155876,2266,656,0,238
Kazakhstan,11/10/20,156451,2267,575,1,239
Kazakhstan,11/11/20,157261,2267,810,0,240
Kazakhstan,11/12/20,158036,2311,775,44,241
Kazakhstan,11/13/20,158853,2314,817,3,242
Kazakhstan,11/14/20,159756,2315,903,1,243
Kazakhstan,11/15/20,160612,2317,856,2,244
Kazakhstan,11/16/20,161850,2319,1238,2,245
Kazakhstan,11/17/20,162555,2320,705,1,246
Kazakhstan,11/18/20,163585,2366,1030,46,247
Kazakhstan,11/19/20,164578,2368,993,2,248
Kazakhstan,11/20/20,165558,2369,980,1,249
Kazakhstan,11/21/20,166468,2370,910,1,250
Kazakhstan,11/22/20,167341,2372,873,2,251
Kazakhstan,11/23/20,167385,2372,44,0,252
Kazakhstan,11/24/20,168803,2373,1418,1,253
Kazakhstan,11/25/20,169827,2422,1024,49,254
Kazakhstan,11/26/20,170808,2424,981,2,255
Kazakhstan,11/27/20,171795,2429,987,5,256
Kazakhstan,11/28/20,172805,2430,1010,1,257
Kazakhstan,11/29/20,173763,2433,958,3,258
Kazakhstan,11/30/20,174563,2433,800,0,259
Kazakhstan,12/1/20,175565,2434,1002,1,260
Kazakhstan,12/2/20,176342,2436,777,2,261
Kazakhstan,12/3/20,177386,2438,1044,2,262
Kazakhstan,12/4/20,178378,2484,992,46,263
Kazakhstan,12/5/20,179344,2488,966,4,264
Kazakhstan,12/6/20,180089,2488,745,0,265
Kazakhstan,12/7/20,180777,2490,688,2,266
Kazakhstan,12/8/20,181721,2544,944,54,267
Kazakhstan,12/9/20,182657,2546,936,2,268
Kazakhstan,12/10/20,183630,2550,973,4,269
Kazakhstan,12/11/20,184557,2551,927,1,270
Kazakhstan,12/12/20,185513,2552,956,1,271
Kazakhstan,12/13/20,186277,2552,764,0,272
Kazakhstan,12/14/20,186960,2554,683,2,273
Kazakhstan,12/15/20,187890,2613,930,59,274
Kazakhstan,12/16/20,188837,2613,947,0,275
Kazakhstan,12/17/20,189551,2615,714,2,276
Kazakhstan,12/18/20,190292,2617,741,2,277
Kazakhstan,12/19/20,190969,2621,677,4,278
Kazakhstan,12/20/20,191650,2622,681,1,279
Kazakhstan,12/21/20,192579,2626,929,4,280
Kazakhstan,12/22/20,193503,2677,924,51,281
Kazakhstan,12/23/20,194257,2677,754,0,282
Kazakhstan,12/24/20,194993,2677,736,0,283
Kazakhstan,12/25/20,196216,2685,1223,8,284
Kazakhstan,12/26/20,197142,2686,926,1,285
Kazakhstan,12/27/20,197902,2686,760,0,286
Kazakhstan,12/28/20,198659,2689,757,3,287
Kazakhstan,12/29/20,199555,2760,896,71,288
Kazakhstan,12/30/20,200443,2761,888,1,289
Kazakhstan,12/31/20,201196,2761,753,0,290
Kazakhstan,1/1/21,202060,2765,864,4,291
Kazakhstan,1/2/21,202880,2770,820,5,292
Kazakhstan,1/3/21,203563,2771,683,1,293
Kazakhstan,1/4/21,204293,2775,730,4,294
Kazakhstan,1/5/21,205064,2775,771,0,295
Kazakhstan,1/6/21,205933,2781,869,6,296
Kazakhstan,1/7/21,206840,2781,907,0,297
Kazakhstan,1/8/21,207683,2838,843,57,298
Kazakhstan,1/9/21,208596,2843,913,5,299
Kazakhstan,1/10/21,209369,2844,773,1,300
Kazakhstan,1/11/21,210086,2845,717,1,301
Kazakhstan,1/12/21,210976,2879,890,34,302
Kazakhstan,1/13/21,211901,2881,925,2,303
Kazakhstan,1/14/21,212812,2882,911,1,304
Kazakhstan,1/15/21,213855,2883,1043,1,305
Kazakhstan,1/16/21,214927,2887,1072,4,306
Kazakhstan,1/17/21,215947,2889,1020,2,307
Kazakhstan,1/18/21,216964,2891,1017,2,308
Kazakhstan,1/19/21,218216,2894,1252,3,309
Kazakhstan,1/20/21,219527,2950,1311,56,310
Kazakhstan,1/21/21,221053,2952,1526,2,311
Kazakhstan,1/22/21,222701,2953,1648,1,312
Kazakhstan,1/23/21,224395,2955,1694,2,313
Kazakhstan,1/24/21,225891,2958,1496,3,314
Kazakhstan,1/25/21,227165,2961,1274,3,315
Kazakhstan,1/26/21,228692,3035,1527,74,316
Kazakhstan,1/27/21,230188,3040,1496,5,317
Kazakhstan,1/28/21,231716,3040,1528,0,318
