country,date,confirmed,deaths,new_confirmed,new_deaths,tagged_day
Malaysia,2/15/20,22,0,3,0,1
Malaysia,2/16/20,22,0,0,0,2
Malaysia,2/17/20,22,0,0,0,3
Malaysia,2/18/20,22,0,0,0,4
Malaysia,2/19/20,22,0,0,0,5
Malaysia,2/20/20,22,0,0,0,6
Malaysia,2/21/20,22,0,0,0,7
Malaysia,2/22/20,22,0,0,0,8
Malaysia,2/23/20,22,0,0,0,9
Malaysia,2/24/20,22,0,0,0,10
Malaysia,2/25/20,22,0,0,0,11
Malaysia,2/26/20,22,0,0,0,12
Malaysia,2/27/20,23,0,1,0,13
Malaysia,2/28/20,23,0,0,0,14
Malaysia,2/29/20,25,0,2,0,15
Malaysia,3/1/20,29,0,4,0,16
Malaysia,3/2/20,29,0,0,0,17
Malaysia,3/3/20,36,0,7,0,18
Malaysia,3/4/20,50,0,14,0,19
Malaysia,3/5/20,50,0,0,0,20
Malaysia,3/6/20,83,0,33,0,21
Malaysia,3/7/20,93,0,10,0,22
Malaysia,3/8/20,99,0,6,0,23
Malaysia,3/9/20,117,0,18,0,24
Malaysia,3/10/20,129,0,12,0,25
Malaysia,3/11/20,149,0,20,0,26
Malaysia,3/12/20,149,0,0,0,27
Malaysia,3/13/20,197,0,48,0,28
Malaysia,3/14/20,238,0,41,0,29
Malaysia,3/15/20,428,0,190,0,30
Malaysia,3/16/20,566,0,138,0,31
Malaysia,3/17/20,673,2,107,2,32
Malaysia,3/18/20,790,2,117,0,33
Malaysia,3/19/20,900,2,110,0,34
Malaysia,3/20/20,1030,3,130,1,35
Malaysia,3/21/20,1183,4,153,1,36
Malaysia,3/22/20,1306,10,123,6,37
Malaysia,3/23/20,1518,14,212,4,38
Malaysia,3/24/20,1624,16,106,2,39
Malaysia,3/25/20,1796,20,172,4,40
Malaysia,3/26/20,2031,23,235,3,41
Malaysia,3/27/20,2161,26,130,3,42
Malaysia,3/28/20,2320,27,159,1,43
Malaysia,3/29/20,2470,35,150,8,44
Malaysia,3/30/20,2626,37,156,2,45
Malaysia,3/31/20,2766,43,140,6,46
Malaysia,4/1/20,2908,45,142,2,47
Malaysia,4/2/20,3116,50,208,5,48
Malaysia,4/3/20,3333,53,217,3,49
Malaysia,4/4/20,3483,57,150,4,50
Malaysia,4/5/20,3662,61,179,4,51
Malaysia,4/6/20,3793,62,131,1,52
Malaysia,4/7/20,3963,63,170,1,53
Malaysia,4/8/20,4119,65,156,2,54
Malaysia,4/9/20,4228,67,109,2,55
Malaysia,4/10/20,4346,70,118,3,56
Malaysia,4/11/20,4530,73,184,3,57
Malaysia,4/12/20,4683,76,153,3,58
Malaysia,4/13/20,4817,77,134,1,59
Malaysia,4/14/20,4987,82,170,5,60
Malaysia,4/15/20,5072,83,85,1,61
Malaysia,4/16/20,5182,84,110,1,62
Malaysia,4/17/20,5251,86,69,2,63
Malaysia,4/18/20,5305,88,54,2,64
Malaysia,4/19/20,5389,89,84,1,65
Malaysia,4/20/20,5425,89,36,0,66
Malaysia,4/21/20,5482,92,57,3,67
Malaysia,4/22/20,5532,93,50,1,68
Malaysia,4/23/20,5603,95,71,2,69
Malaysia,4/24/20,5691,96,88,1,70
Malaysia,4/25/20,5742,98,51,2,71
Malaysia,4/26/20,5780,98,38,0,72
Malaysia,4/27/20,5820,99,40,1,73
Malaysia,4/28/20,5851,100,31,1,74
Malaysia,4/29/20,5945,100,94,0,75
Malaysia,4/30/20,6002,102,57,2,76
Malaysia,5/1/20,6071,103,69,1,77
Malaysia,5/2/20,6176,103,105,0,78
Malaysia,5/3/20,6298,105,122,2,79
Malaysia,5/4/20,6353,105,55,0,80
Malaysia,5/5/20,6383,106,30,1,81
Malaysia,5/6/20,6428,107,45,1,82
Malaysia,5/7/20,6467,107,39,0,83
Malaysia,5/8/20,6535,107,68,0,84
Malaysia,5/9/20,6589,108,54,1,85
Malaysia,5/10/20,6656,108,67,0,86
Malaysia,5/11/20,6726,109,70,1,87
Malaysia,5/12/20,6742,109,16,0,88
Malaysia,5/13/20,6779,111,37,2,89
Malaysia,5/14/20,6819,112,40,1,90
Malaysia,5/15/20,6855,112,36,0,91
Malaysia,5/16/20,6872,113,17,1,92
Malaysia,5/17/20,6894,113,22,0,93
Malaysia,5/18/20,6941,113,47,0,94
Malaysia,5/19/20,6978,114,37,1,95
Malaysia,5/20/20,7009,114,31,0,96
Malaysia,5/21/20,7059,114,50,0,97
Malaysia,5/22/20,7137,115,78,1,98
Malaysia,5/23/20,7185,115,48,0,99
Malaysia,5/24/20,7245,115,60,0,100
Malaysia,5/25/20,7417,115,172,0,101
Malaysia,5/26/20,7604,115,187,0,102
Malaysia,5/27/20,7619,115,15,0,103
Malaysia,5/28/20,7629,115,10,0,104
Malaysia,5/29/20,7732,115,103,0,105
Malaysia,5/30/20,7762,115,30,0,106
Malaysia,5/31/20,7819,115,57,0,107
Malaysia,6/1/20,7857,115,38,0,108
Malaysia,6/2/20,7877,115,20,0,109
Malaysia,6/3/20,7970,115,93,0,110
Malaysia,6/4/20,8247,115,277,0,111
Malaysia,6/5/20,8266,116,19,1,112
Malaysia,6/6/20,8303,117,37,1,113
Malaysia,6/7/20,8322,117,19,0,114
Malaysia,6/8/20,8329,117,7,0,115
Malaysia,6/9/20,8336,117,7,0,116
Malaysia,6/10/20,8338,118,2,1,117
Malaysia,6/11/20,8369,118,31,0,118
Malaysia,6/12/20,8402,119,33,1,119
Malaysia,6/13/20,8445,120,43,1,120
Malaysia,6/14/20,8453,121,8,1,121
Malaysia,6/15/20,8494,121,41,0,122
Malaysia,6/16/20,8505,121,11,0,123
Malaysia,6/17/20,8515,121,10,0,124
Malaysia,6/18/20,8529,121,14,0,125
Malaysia,6/19/20,8535,121,6,0,126
Malaysia,6/20/20,8556,121,21,0,127
Malaysia,6/21/20,8572,121,16,0,128
Malaysia,6/22/20,8587,121,15,0,129
Malaysia,6/23/20,8590,121,3,0,130
Malaysia,6/24/20,8596,121,6,0,131
Malaysia,6/25/20,8600,121,4,0,132
Malaysia,6/26/20,8606,121,6,0,133
Malaysia,6/27/20,8616,121,10,0,134
Malaysia,6/28/20,8634,121,18,0,135
Malaysia,6/29/20,8637,121,3,0,136
Malaysia,6/30/20,8639,121,2,0,137
Malaysia,7/1/20,8640,121,1,0,138
Malaysia,7/2/20,8643,121,3,0,139
Malaysia,7/3/20,8648,121,5,0,140
Malaysia,7/4/20,8658,121,10,0,141
Malaysia,7/5/20,8663,121,5,0,142
Malaysia,7/6/20,8668,121,5,0,143
Malaysia,7/7/20,8674,121,6,0,144
Malaysia,7/8/20,8677,121,3,0,145
Malaysia,7/9/20,8683,121,6,0,146
Malaysia,7/10/20,8696,121,13,0,147
Malaysia,7/11/20,8704,122,8,1,148
Malaysia,7/12/20,8718,122,14,0,149
Malaysia,7/13/20,8725,122,7,0,150
Malaysia,7/14/20,8729,122,4,0,151
Malaysia,7/15/20,8734,122,5,0,152
Malaysia,7/16/20,8737,122,3,0,153
Malaysia,7/17/20,8755,122,18,0,154
Malaysia,7/18/20,8764,122,9,0,155
Malaysia,7/19/20,8779,123,15,1,156
Malaysia,7/20/20,8800,123,21,0,157
Malaysia,7/21/20,8815,123,15,0,158
Malaysia,7/22/20,8831,123,16,0,159
Malaysia,7/23/20,8840,123,9,0,160
Malaysia,7/24/20,8861,123,21,0,161
Malaysia,7/25/20,8884,123,23,0,162
Malaysia,7/26/20,8897,124,13,1,163
Malaysia,7/27/20,8904,124,7,0,164
Malaysia,7/28/20,8943,124,39,0,165
Malaysia,7/29/20,8956,124,13,0,166
Malaysia,7/30/20,8964,124,8,0,167
Malaysia,7/31/20,8976,125,12,1,168
Malaysia,8/1/20,8985,125,9,0,169
Malaysia,8/2/20,8999,125,14,0,170
Malaysia,8/3/20,9001,125,2,0,171
Malaysia,8/4/20,9002,125,1,0,172
Malaysia,8/5/20,9023,125,21,0,173
Malaysia,8/6/20,9038,125,15,0,174
Malaysia,8/7/20,9063,125,25,0,175
Malaysia,8/8/20,9070,125,7,0,176
Malaysia,8/9/20,9083,125,13,0,177
Malaysia,8/10/20,9094,125,11,0,178
Malaysia,8/11/20,9103,125,9,0,179
Malaysia,8/12/20,9114,125,11,0,180
Malaysia,8/13/20,9129,125,15,0,181
Malaysia,8/14/20,9149,125,20,0,182
Malaysia,8/15/20,9175,125,26,0,183
Malaysia,8/16/20,9200,125,25,0,184
Malaysia,8/17/20,9212,125,12,0,185
Malaysia,8/18/20,9219,125,7,0,186
Malaysia,8/19/20,9235,125,16,0,187
Malaysia,8/20/20,9240,125,5,0,188
Malaysia,8/21/20,9249,125,9,0,189
Malaysia,8/22/20,9257,125,8,0,190
Malaysia,8/23/20,9267,125,10,0,191
Malaysia,8/24/20,9274,125,7,0,192
Malaysia,8/25/20,9285,125,11,0,193
Malaysia,8/26/20,9291,125,6,0,194
Malaysia,8/27/20,9296,125,5,0,195
Malaysia,8/28/20,9306,125,10,0,196
Malaysia,8/29/20,9317,125,11,0,197
Malaysia,8/30/20,9334,126,17,1,198
Malaysia,8/31/20,9340,127,6,1,199
Malaysia,9/1/20,9354,128,14,1,200
Malaysia,9/2/20,9360,128,6,0,201
Malaysia,9/3/20,9374,128,14,0,202
Malaysia,9/4/20,9385,128,11,0,203
Malaysia,9/5/20,9391,128,6,0,204
Malaysia,9/6/20,9397,128,6,0,205
Malaysia,9/7/20,9459,128,62,0,206
Malaysia,9/8/20,9559,128,100,0,207
Malaysia,9/9/20,9583,128,24,0,208
Malaysia,9/10/20,9628,128,45,0,209
Malaysia,9/11/20,9810,128,182,0,210
Malaysia,9/12/20,9868,128,58,0,211
Malaysia,9/13/20,9915,128,47,0,212
Malaysia,9/14/20,9946,128,31,0,213
Malaysia,9/15/20,9969,128,23,0,214
Malaysia,9/16/20,10031,128,62,0,215
Malaysia,9/17/20,10052,128,21,0,216
Malaysia,9/18/20,10147,129,95,1,217
Malaysia,9/19/20,10167,130,20,1,218
Malaysia,9/20/20,10219,130,52,0,219
Malaysia,9/21/20,10276,130,57,0,220
Malaysia,9/22/20,10358,130,82,0,221
Malaysia,9/23/20,10505,133,147,3,222
Malaysia,9/24/20,10576,133,71,0,223
Malaysia,9/25/20,10687,133,111,0,224
Malaysia,9/26/20,10769,133,82,0,225
Malaysia,9/27/20,10919,134,150,1,226
Malaysia,9/28/20,11034,134,115,0,227
Malaysia,9/29/20,11135,134,101,0,228
Malaysia,9/30/20,11224,136,89,2,229
Malaysia,10/1/20,11484,136,260,0,230
Malaysia,10/2/20,11771,136,287,0,231
Malaysia,10/3/20,12088,137,317,1,232
Malaysia,10/4/20,12381,137,293,0,233
Malaysia,10/5/20,12813,137,432,0,234
Malaysia,10/6/20,13504,141,691,4,235
Malaysia,10/7/20,13993,141,489,0,236
Malaysia,10/8/20,14368,146,375,5,237
Malaysia,10/9/20,14722,152,354,6,238
Malaysia,10/10/20,15096,155,374,3,239
Malaysia,10/11/20,15657,157,561,2,240
Malaysia,10/12/20,16220,159,563,2,241
Malaysia,10/13/20,16880,163,660,4,242
Malaysia,10/14/20,17540,167,660,4,243
Malaysia,10/15/20,18129,170,589,3,244
Malaysia,10/16/20,18758,176,629,6,245
Malaysia,10/17/20,19627,180,869,4,246
Malaysia,10/18/20,20498,187,871,7,247
Malaysia,10/19/20,21363,190,865,3,248
Malaysia,10/20/20,22225,193,862,3,249
Malaysia,10/21/20,22957,199,732,6,250
Malaysia,10/22/20,23804,204,847,5,251
Malaysia,10/23/20,24514,214,710,10,252
Malaysia,10/24/20,25742,221,1228,7,253
Malaysia,10/25/20,26565,229,823,8,254
Malaysia,10/26/20,27805,236,1240,7,255
Malaysia,10/27/20,28640,238,835,2,256
Malaysia,10/28/20,29441,246,801,8,257
Malaysia,10/29/20,30090,246,649,0,258
Malaysia,10/30/20,30889,249,799,3,259
Malaysia,10/31/20,31548,249,659,0,260
Malaysia,11/1/20,32505,249,957,0,261
Malaysia,11/2/20,33339,251,834,2,262
Malaysia,11/3/20,34393,263,1054,12,263
Malaysia,11/4/20,35425,271,1032,8,264
Malaysia,11/5/20,36434,277,1009,6,265
Malaysia,11/6/20,38189,279,1755,2,266
Malaysia,11/7/20,39357,282,1168,3,267
Malaysia,11/8/20,40209,286,852,4,268
Malaysia,11/9/20,41181,294,972,8,269
Malaysia,11/10/20,42050,300,869,6,270
Malaysia,11/11/20,42872,302,822,2,271
Malaysia,11/12/20,43791,303,919,1,272
Malaysia,11/13/20,45095,304,1304,1,273
Malaysia,11/14/20,46209,306,1114,2,274
Malaysia,11/15/20,47417,309,1208,3,275
Malaysia,11/16/20,48520,313,1103,4,276
Malaysia,11/17/20,49730,318,1210,5,277
Malaysia,11/18/20,50390,322,660,4,278
Malaysia,11/19/20,51680,326,1290,4,279
Malaysia,11/20/20,52638,329,958,3,280
Malaysia,11/21/20,53679,332,1041,3,281
Malaysia,11/22/20,54775,335,1096,3,282
Malaysia,11/23/20,56659,337,1884,2,283
Malaysia,11/24/20,58847,341,2188,4,284
Malaysia,11/25/20,59817,345,970,4,285
Malaysia,11/26/20,60752,348,935,3,286
Malaysia,11/27/20,61861,350,1109,2,287
Malaysia,11/28/20,63176,354,1315,4,288
Malaysia,11/29/20,64485,357,1309,3,289
Malaysia,11/30/20,65697,360,1212,3,290
Malaysia,12/1/20,67169,363,1472,3,291
Malaysia,12/2/20,68020,365,851,2,292
Malaysia,12/3/20,69095,376,1075,11,293
Malaysia,12/4/20,70236,376,1141,0,294
Malaysia,12/5/20,71359,380,1123,4,295
Malaysia,12/6/20,72694,382,1335,2,296
Malaysia,12/7/20,74294,384,1600,2,297
Malaysia,12/8/20,75306,388,1012,4,298
Malaysia,12/9/20,76265,393,959,5,299
Malaysia,12/10/20,78499,396,2234,3,300
Malaysia,12/11/20,80309,402,1810,6,301
Malaysia,12/12/20,82246,411,1937,9,302
Malaysia,12/13/20,83475,415,1229,4,303
Malaysia,12/14/20,84846,419,1371,4,304
Malaysia,12/15/20,86618,422,1772,3,305
Malaysia,12/16/20,87913,429,1295,7,306
Malaysia,12/17/20,89133,432,1220,3,307
Malaysia,12/18/20,90816,432,1683,0,308
Malaysia,12/19/20,91969,433,1153,1,309
Malaysia,12/20/20,93309,437,1340,4,310
Malaysia,12/21/20,95327,438,2018,1,311
Malaysia,12/22/20,97389,439,2062,1,312
Malaysia,12/23/20,98737,444,1348,5,313
Malaysia,12/24/20,100318,446,1581,2,314
Malaysia,12/25/20,101565,449,1247,3,315
Malaysia,12/26/20,103900,451,2335,2,316
Malaysia,12/27/20,105096,452,1196,1,317
Malaysia,12/28/20,106690,455,1594,3,318
Malaysia,12/29/20,108615,457,1925,2,319
Malaysia,12/30/20,110485,463,1870,6,320
Malaysia,12/31/20,113010,471,2525,8,321
Malaysia,1/1/21,115078,474,2068,3,322
Malaysia,1/2/21,117373,483,2295,9,323
Malaysia,1/3/21,119077,494,1704,11,324
Malaysia,1/4/21,120818,501,1741,7,325
Malaysia,1/5/21,122845,509,2027,8,326
Malaysia,1/6/21,125438,513,2593,4,327
Malaysia,1/7/21,128465,521,3027,8,328
Malaysia,1/8/21,131108,537,2643,16,329
Malaysia,1/9/21,133559,542,2451,5,330
Malaysia,1/10/21,135992,551,2433,9,331
Malaysia,1/11/21,138224,555,2232,4,332
Malaysia,1/12/21,141533,559,3309,4,333
Malaysia,1/13/21,144518,563,2985,4,334
Malaysia,1/14/21,147855,578,3337,15,335
Malaysia,1/15/21,151066,586,3211,8,336
Malaysia,1/16/21,155095,594,4029,8,337
Malaysia,1/17/21,158434,601,3339,7,338
Malaysia,1/18/21,161740,605,3306,4,339
Malaysia,1/19/21,165371,619,3631,14,340
Malaysia,1/20/21,169379,630,4008,11,341
Malaysia,1/21/21,172549,642,3170,12,342
Malaysia,1/22/21,176180,660,3631,18,343
Malaysia,1/23/21,180455,667,4275,7,344
Malaysia,1/24/21,183801,678,3346,11,345
Malaysia,1/25/21,186849,689,3048,11,346
Malaysia,1/26/21,190434,700,3585,11,347
Malaysia,1/27/21,194114,707,3680,7,348
Malaysia,1/28/21,198208,717,4094,10,349
