country,date,confirmed,deaths,new_confirmed,new_deaths,tagged_day
Rwanda,3/23/20,36,0,17,0,1
Rwanda,3/24/20,40,0,4,0,2
Rwanda,3/25/20,41,0,1,0,3
Rwanda,3/26/20,50,0,9,0,4
Rwanda,3/27/20,54,0,4,0,5
Rwanda,3/28/20,60,0,6,0,6
Rwanda,3/29/20,70,0,10,0,7
Rwanda,3/30/20,70,0,0,0,8
Rwanda,3/31/20,75,0,5,0,9
Rwanda,4/1/20,82,0,7,0,10
Rwanda,4/2/20,84,0,2,0,11
Rwanda,4/3/20,89,0,5,0,12
Rwanda,4/4/20,102,0,13,0,13
Rwanda,4/5/20,104,0,2,0,14
Rwanda,4/6/20,105,0,1,0,15
Rwanda,4/7/20,105,0,0,0,16
Rwanda,4/8/20,110,0,5,0,17
Rwanda,4/9/20,110,0,0,0,18
Rwanda,4/10/20,118,0,8,0,19
Rwanda,4/11/20,120,0,2,0,20
Rwanda,4/12/20,126,0,6,0,21
Rwanda,4/13/20,127,0,1,0,22
Rwanda,4/14/20,134,0,7,0,23
Rwanda,4/15/20,136,0,2,0,24
Rwanda,4/16/20,138,0,2,0,25
Rwanda,4/17/20,143,0,5,0,26
Rwanda,4/18/20,144,0,1,0,27
Rwanda,4/19/20,147,0,3,0,28
Rwanda,4/20/20,147,0,0,0,29
Rwanda,4/21/20,150,0,3,0,30
Rwanda,4/22/20,153,0,3,0,31
Rwanda,4/23/20,154,0,1,0,32
Rwanda,4/24/20,176,0,22,0,33
Rwanda,4/25/20,183,0,7,0,34
Rwanda,4/26/20,191,0,8,0,35
Rwanda,4/27/20,207,0,16,0,36
Rwanda,4/28/20,212,0,5,0,37
Rwanda,4/29/20,225,0,13,0,38
Rwanda,4/30/20,243,0,18,0,39
Rwanda,5/1/20,249,0,6,0,40
Rwanda,5/2/20,255,0,6,0,41
Rwanda,5/3/20,259,0,4,0,42
Rwanda,5/4/20,261,0,2,0,43
Rwanda,5/5/20,261,0,0,0,44
Rwanda,5/6/20,268,0,7,0,45
Rwanda,5/7/20,271,0,3,0,46
Rwanda,5/8/20,273,0,2,0,47
Rwanda,5/9/20,280,0,7,0,48
Rwanda,5/10/20,284,0,4,0,49
Rwanda,5/11/20,285,0,1,0,50
Rwanda,5/12/20,286,0,1,0,51
Rwanda,5/13/20,287,0,1,0,52
Rwanda,5/14/20,287,0,0,0,53
Rwanda,5/15/20,287,0,0,0,54
Rwanda,5/16/20,289,0,2,0,55
Rwanda,5/17/20,292,0,3,0,56
Rwanda,5/18/20,297,0,5,0,57
Rwanda,5/19/20,308,0,11,0,58
Rwanda,5/20/20,314,0,6,0,59
Rwanda,5/21/20,320,0,6,0,60
Rwanda,5/22/20,321,0,1,0,61
Rwanda,5/23/20,325,0,4,0,62
Rwanda,5/24/20,327,0,2,0,63
Rwanda,5/25/20,336,0,9,0,64
Rwanda,5/26/20,339,0,3,0,65
Rwanda,5/27/20,346,0,7,0,66
Rwanda,5/28/20,349,0,3,0,67
Rwanda,5/29/20,355,0,6,0,68
Rwanda,5/30/20,359,1,4,1,69
Rwanda,5/31/20,370,1,11,0,70
Rwanda,6/1/20,377,1,7,0,71
Rwanda,6/2/20,384,2,7,1,72
Rwanda,6/3/20,397,2,13,0,73
Rwanda,6/4/20,410,2,13,0,74
Rwanda,6/5/20,420,2,10,0,75
Rwanda,6/6/20,431,2,11,0,76
Rwanda,6/7/20,439,2,8,0,77
Rwanda,6/8/20,451,2,12,0,78
Rwanda,6/9/20,463,2,12,0,79
Rwanda,6/10/20,476,2,13,0,80
Rwanda,6/11/20,494,2,18,0,81
Rwanda,6/12/20,510,2,16,0,82
Rwanda,6/13/20,541,2,31,0,83
Rwanda,6/14/20,582,2,41,0,84
Rwanda,6/15/20,612,2,30,0,85
Rwanda,6/16/20,636,2,24,0,86
Rwanda,6/17/20,639,2,3,0,87
Rwanda,6/18/20,646,2,7,0,88
Rwanda,6/19/20,661,2,15,0,89
Rwanda,6/20/20,702,2,41,0,90
Rwanda,6/21/20,728,2,26,0,91
Rwanda,6/22/20,787,2,59,0,92
Rwanda,6/23/20,798,2,11,0,93
Rwanda,6/24/20,830,2,32,0,94
Rwanda,6/25/20,850,2,20,0,95
Rwanda,6/26/20,858,2,8,0,96
Rwanda,6/27/20,878,2,20,0,97
Rwanda,6/28/20,900,2,22,0,98
Rwanda,6/29/20,1001,2,101,0,99
Rwanda,6/30/20,1025,2,24,0,100
Rwanda,7/1/20,1042,3,17,1,101
Rwanda,7/2/20,1063,3,21,0,102
Rwanda,7/3/20,1081,3,18,0,103
Rwanda,7/4/20,1092,3,11,0,104
Rwanda,7/5/20,1105,3,13,0,105
Rwanda,7/6/20,1113,3,8,0,106
Rwanda,7/7/20,1172,3,59,0,107
Rwanda,7/8/20,1194,3,22,0,108
Rwanda,7/9/20,1210,3,16,0,109
Rwanda,7/10/20,1252,3,42,0,110
Rwanda,7/11/20,1299,4,47,1,111
Rwanda,7/12/20,1337,4,38,0,112
Rwanda,7/13/20,1378,4,41,0,113
Rwanda,7/14/20,1416,4,38,0,114
Rwanda,7/15/20,1435,4,19,0,115
Rwanda,7/16/20,1473,4,38,0,116
Rwanda,7/17/20,1485,4,12,0,117
Rwanda,7/18/20,1539,5,54,1,118
Rwanda,7/19/20,1582,5,43,0,119
Rwanda,7/20/20,1629,5,47,0,120
Rwanda,7/21/20,1655,5,26,0,121
Rwanda,7/22/20,1689,5,34,0,122
Rwanda,7/23/20,1710,5,21,0,123
Rwanda,7/24/20,1729,5,19,0,124
Rwanda,7/25/20,1752,5,23,0,125
Rwanda,7/26/20,1821,5,69,0,126
Rwanda,7/27/20,1879,5,58,0,127
Rwanda,7/28/20,1926,5,47,0,128
Rwanda,7/29/20,1963,5,37,0,129
Rwanda,7/30/20,1994,5,31,0,130
Rwanda,7/31/20,2022,5,28,0,131
Rwanda,8/1/20,2042,5,20,0,132
Rwanda,8/2/20,2062,5,20,0,133
Rwanda,8/3/20,2092,5,30,0,134
Rwanda,8/4/20,2099,5,7,0,135
Rwanda,8/5/20,2104,5,5,0,136
Rwanda,8/6/20,2111,5,7,0,137
Rwanda,8/7/20,2128,5,17,0,138
Rwanda,8/8/20,2134,6,6,1,139
Rwanda,8/9/20,2140,7,6,1,140
Rwanda,8/10/20,2152,7,12,0,141
Rwanda,8/11/20,2171,7,19,0,142
Rwanda,8/12/20,2189,8,18,1,143
Rwanda,8/13/20,2200,8,11,0,144
Rwanda,8/14/20,2293,8,93,0,145
Rwanda,8/15/20,2352,8,59,0,146
Rwanda,8/16/20,2453,8,101,0,147
Rwanda,8/17/20,2540,8,87,0,148
Rwanda,8/18/20,2577,10,37,2,149
Rwanda,8/19/20,2644,10,67,0,150
Rwanda,8/20/20,2717,11,73,1,151
Rwanda,8/21/20,2780,11,63,0,152
Rwanda,8/22/20,2889,11,109,0,153
Rwanda,8/23/20,3089,12,200,1,154
Rwanda,8/24/20,3306,14,217,2,155
Rwanda,8/25/20,3537,15,231,1,156
Rwanda,8/26/20,3625,15,88,0,157
Rwanda,8/27/20,3672,15,47,0,158
Rwanda,8/28/20,3742,16,70,1,159
Rwanda,8/29/20,3843,16,101,0,160
Rwanda,8/30/20,4020,16,177,0,161
Rwanda,8/31/20,4063,16,43,0,162
Rwanda,9/1/20,4142,16,79,0,163
Rwanda,9/2/20,4218,17,76,1,164
Rwanda,9/3/20,4255,18,37,1,165
Rwanda,9/4/20,4304,18,49,0,166
Rwanda,9/5/20,4349,18,45,0,167
Rwanda,9/6/20,4374,19,25,1,168
Rwanda,9/7/20,4409,19,35,0,169
Rwanda,9/8/20,4439,20,30,1,170
Rwanda,9/9/20,4460,21,21,1,171
Rwanda,9/10/20,4479,22,19,1,172
Rwanda,9/11/20,4534,22,55,0,173
Rwanda,9/12/20,4565,22,31,0,174
Rwanda,9/13/20,4591,22,26,0,175
Rwanda,9/14/20,4602,22,11,0,176
Rwanda,9/15/20,4624,22,22,0,177
Rwanda,9/16/20,4634,22,10,0,178
Rwanda,9/17/20,4653,23,19,1,179
Rwanda,9/18/20,4671,25,18,2,180
Rwanda,9/19/20,4689,26,18,1,181
Rwanda,9/20/20,4711,26,22,0,182
Rwanda,9/21/20,4722,27,11,1,183
Rwanda,9/22/20,4738,27,16,0,184
Rwanda,9/23/20,4779,27,41,0,185
Rwanda,9/24/20,4789,27,10,0,186
Rwanda,9/25/20,4798,29,9,2,187
Rwanda,9/26/20,4811,29,13,0,188
Rwanda,9/27/20,4820,29,9,0,189
Rwanda,9/28/20,4832,29,12,0,190
Rwanda,9/29/20,4836,29,4,0,191
Rwanda,9/30/20,4840,29,4,0,192
Rwanda,10/1/20,4843,29,3,0,193
Rwanda,10/2/20,4847,29,4,0,194
Rwanda,10/3/20,4852,29,5,0,195
Rwanda,10/4/20,4866,29,14,0,196
Rwanda,10/5/20,4867,29,1,0,197
Rwanda,10/6/20,4873,29,6,0,198
Rwanda,10/7/20,4883,29,10,0,199
Rwanda,10/8/20,4885,29,2,0,200
Rwanda,10/9/20,4890,30,5,1,201
Rwanda,10/10/20,4892,30,2,0,202
Rwanda,10/11/20,4896,31,4,1,203
Rwanda,10/12/20,4905,32,9,1,204
Rwanda,10/13/20,4908,32,3,0,205
Rwanda,10/14/20,4940,33,32,1,206
Rwanda,10/15/20,4953,33,13,0,207
Rwanda,10/16/20,4965,34,12,1,208
Rwanda,10/17/20,4971,34,6,0,209
Rwanda,10/18/20,4974,34,3,0,210
Rwanda,10/19/20,4992,34,18,0,211
Rwanda,10/20/20,4996,34,4,0,212
Rwanda,10/21/20,5012,34,16,0,213
Rwanda,10/22/20,5017,34,5,0,214
Rwanda,10/23/20,5052,34,35,0,215
Rwanda,10/24/20,5060,34,8,0,216
Rwanda,10/25/20,5066,34,6,0,217
Rwanda,10/26/20,5073,34,7,0,218
Rwanda,10/27/20,5084,35,11,1,219
Rwanda,10/28/20,5129,35,45,0,220
Rwanda,10/29/20,5131,35,2,0,221
Rwanda,10/30/20,5134,35,3,0,222
Rwanda,10/31/20,5137,35,3,0,223
Rwanda,11/1/20,5146,35,9,0,224
Rwanda,11/2/20,5155,35,9,0,225
Rwanda,11/3/20,5162,35,7,0,226
Rwanda,11/4/20,5174,35,12,0,227
Rwanda,11/5/20,5192,36,18,1,228
Rwanda,11/6/20,5208,36,16,0,229
Rwanda,11/7/20,5213,36,5,0,230
Rwanda,11/8/20,5222,36,9,0,231
Rwanda,11/9/20,5242,38,20,2,232
Rwanda,11/10/20,5262,40,20,2,233
Rwanda,11/11/20,5312,41,50,1,234
Rwanda,11/12/20,5319,41,7,0,235
Rwanda,11/13/20,5362,42,43,1,236
Rwanda,11/14/20,5394,42,32,0,237
Rwanda,11/15/20,5455,45,61,3,238
Rwanda,11/16/20,5491,45,36,0,239
Rwanda,11/17/20,5507,46,16,1,240
Rwanda,11/18/20,5543,46,36,0,241
Rwanda,11/19/20,5572,46,29,0,242
Rwanda,11/20/20,5586,46,14,0,243
Rwanda,11/21/20,5620,46,34,0,244
Rwanda,11/22/20,5665,47,45,1,245
Rwanda,11/23/20,5726,47,61,0,246
Rwanda,11/24/20,5750,47,24,0,247
Rwanda,11/25/20,5779,47,29,0,248
Rwanda,11/26/20,5851,47,72,0,249
Rwanda,11/27/20,5872,47,21,0,250
Rwanda,11/28/20,5891,47,19,0,251
Rwanda,11/29/20,5919,48,28,1,252
Rwanda,11/30/20,5934,49,15,1,253
Rwanda,12/1/20,5948,49,14,0,254
Rwanda,12/2/20,5994,50,46,1,255
Rwanda,12/3/20,6011,50,17,0,256
Rwanda,12/4/20,6043,51,32,1,257
Rwanda,12/5/20,6084,51,41,0,258
Rwanda,12/6/20,6129,51,45,0,259
Rwanda,12/7/20,6191,51,62,0,260
Rwanda,12/8/20,6237,51,46,0,261
Rwanda,12/9/20,6278,53,41,2,262
Rwanda,12/10/20,6349,53,71,0,263
Rwanda,12/11/20,6428,54,79,1,264
Rwanda,12/12/20,6528,56,100,2,265
Rwanda,12/13/20,6659,56,131,0,266
Rwanda,12/14/20,6747,56,88,0,267
Rwanda,12/15/20,6832,57,85,1,268
Rwanda,12/16/20,6954,57,122,0,269
Rwanda,12/17/20,7032,57,78,0,270
Rwanda,12/18/20,7105,57,73,0,271
Rwanda,12/19/20,7232,59,127,2,272
Rwanda,12/20/20,7293,63,61,4,273
Rwanda,12/21/20,7402,65,109,2,274
Rwanda,12/22/20,7511,66,109,1,275
Rwanda,12/23/20,7598,66,87,0,276
Rwanda,12/24/20,7670,69,72,3,277
Rwanda,12/25/20,7743,69,73,0,278
Rwanda,12/26/20,7817,72,74,3,279
Rwanda,12/27/20,7970,74,153,2,280
Rwanda,12/28/20,8021,75,51,1,281
Rwanda,12/29/20,8128,79,107,4,282
Rwanda,12/30/20,8250,86,122,7,283
Rwanda,12/31/20,8383,92,133,6,284
Rwanda,1/1/21,8460,94,77,2,285
Rwanda,1/2/21,8567,98,107,4,286
Rwanda,1/3/21,8676,101,109,3,287
Rwanda,1/4/21,8848,105,172,4,288
Rwanda,1/5/21,8955,110,107,5,289
Rwanda,1/6/21,9058,112,103,2,290
Rwanda,1/7/21,9225,113,167,1,291
Rwanda,1/8/21,9368,115,143,2,292
Rwanda,1/9/21,9461,118,93,3,293
Rwanda,1/10/21,9630,120,169,2,294
Rwanda,1/11/21,9784,124,154,4,295
Rwanda,1/12/21,9950,125,166,1,296
Rwanda,1/13/21,10122,128,172,3,297
Rwanda,1/14/21,10316,133,194,5,298
Rwanda,1/15/21,10573,138,257,5,299
Rwanda,1/16/21,10850,140,277,2,300
Rwanda,1/17/21,11032,142,182,2,301
Rwanda,1/18/21,11259,146,227,4,302
Rwanda,1/19/21,11548,148,289,2,303
Rwanda,1/20/21,11860,153,312,5,304
Rwanda,1/21/21,12170,162,310,9,305
Rwanda,1/22/21,12443,165,273,3,306
Rwanda,1/23/21,12647,172,204,7,307
Rwanda,1/24/21,12975,174,328,2,308
Rwanda,1/25/21,13311,177,336,3,309
Rwanda,1/26/21,13885,181,574,4,310
Rwanda,1/27/21,14166,183,281,2,311
Rwanda,1/28/21,14529,186,363,3,312
