country,date,confirmed,deaths,new_confirmed,new_deaths,tagged_day
Gambia,5/8/20,20,1,2,0,1
Gambia,5/9/20,20,1,0,0,2
Gambia,5/10/20,20,1,0,0,3
Gambia,5/11/20,22,1,2,0,4
Gambia,5/12/20,22,1,0,0,5
Gambia,5/13/20,23,1,1,0,6
Gambia,5/14/20,23,1,0,0,7
Gambia,5/15/20,23,1,0,0,8
Gambia,5/16/20,23,1,0,0,9
Gambia,5/17/20,23,1,0,0,10
Gambia,5/18/20,24,1,1,0,11
Gambia,5/19/20,24,1,0,0,12
Gambia,5/20/20,24,1,0,0,13
Gambia,5/21/20,24,1,0,0,14
Gambia,5/22/20,25,1,1,0,15
Gambia,5/23/20,25,1,0,0,16
Gambia,5/24/20,25,1,0,0,17
Gambia,5/25/20,25,1,0,0,18
Gambia,5/26/20,25,1,0,0,19
Gambia,5/27/20,25,1,0,0,20
Gambia,5/28/20,25,1,0,0,21
Gambia,5/29/20,25,1,0,0,22
Gambia,5/30/20,25,1,0,0,23
Gambia,5/31/20,25,1,0,0,24
Gambia,6/1/20,25,1,0,0,25
Gambia,6/2/20,25,1,0,0,26
Gambia,6/3/20,26,1,1,0,27
Gambia,6/4/20,26,1,0,0,28
Gambia,6/5/20,26,1,0,0,29
Gambia,6/6/20,26,1,0,0,30
Gambia,6/7/20,26,1,0,0,31
Gambia,6/8/20,28,1,2,0,32
Gambia,6/9/20,28,1,0,0,33
Gambia,6/10/20,28,1,0,0,34
Gambia,6/11/20,28,1,0,0,35
Gambia,6/12/20,28,1,0,0,36
Gambia,6/13/20,28,1,0,0,37
Gambia,6/14/20,28,1,0,0,38
Gambia,6/15/20,30,1,2,0,39
Gambia,6/16/20,34,1,4,0,40
Gambia,6/17/20,34,1,0,0,41
Gambia,6/18/20,36,1,2,0,42
Gambia,6/19/20,36,1,0,0,43
Gambia,6/20/20,37,2,1,1,44
Gambia,6/21/20,37,2,0,0,45
Gambia,6/22/20,41,2,4,0,46
Gambia,6/23/20,42,2,1,0,47
Gambia,6/24/20,42,2,0,0,48
Gambia,6/25/20,43,2,1,0,49
Gambia,6/26/20,43,2,0,0,50
Gambia,6/27/20,44,2,1,0,51
Gambia,6/28/20,45,2,1,0,52
Gambia,6/29/20,47,2,2,0,53
Gambia,6/30/20,49,2,2,0,54
Gambia,7/1/20,49,2,0,0,55
Gambia,7/2/20,55,2,6,0,56
Gambia,7/3/20,55,2,0,0,57
Gambia,7/4/20,57,2,2,0,58
Gambia,7/5/20,57,2,0,0,59
Gambia,7/6/20,61,3,4,1,60
Gambia,7/7/20,61,3,0,0,61
Gambia,7/8/20,61,3,0,0,62
Gambia,7/9/20,63,3,2,0,63
Gambia,7/10/20,64,3,1,0,64
Gambia,7/11/20,64,3,0,0,65
Gambia,7/12/20,64,3,0,0,66
Gambia,7/13/20,64,3,0,0,67
Gambia,7/14/20,64,3,0,0,68
Gambia,7/15/20,64,3,0,0,69
Gambia,7/16/20,78,3,14,0,70
Gambia,7/17/20,78,3,0,0,71
Gambia,7/18/20,93,4,15,1,72
Gambia,7/19/20,93,4,0,0,73
Gambia,7/20/20,112,4,19,0,74
Gambia,7/21/20,112,4,0,0,75
Gambia,7/22/20,146,5,34,1,76
Gambia,7/23/20,170,5,24,0,77
Gambia,7/24/20,216,6,46,1,78
Gambia,7/25/20,277,6,61,0,79
Gambia,7/26/20,277,6,0,0,80
Gambia,7/27/20,326,8,49,2,81
Gambia,7/28/20,326,8,0,0,82
Gambia,7/29/20,326,8,0,0,83
Gambia,7/30/20,403,8,77,0,84
Gambia,7/31/20,498,9,95,1,85
Gambia,8/1/20,498,9,0,0,86
Gambia,8/2/20,498,9,0,0,87
Gambia,8/3/20,498,9,0,0,88
Gambia,8/4/20,671,14,173,5,89
Gambia,8/5/20,799,16,128,2,90
Gambia,8/6/20,935,16,136,0,91
Gambia,8/7/20,1090,19,155,3,92
Gambia,8/8/20,1090,19,0,0,93
Gambia,8/9/20,1235,23,145,4,94
Gambia,8/10/20,1235,23,0,0,95
Gambia,8/11/20,1346,32,111,9,96
Gambia,8/12/20,1477,33,131,1,97
Gambia,8/13/20,1556,43,79,10,98
Gambia,8/14/20,1623,50,67,7,99
Gambia,8/15/20,1689,54,66,4,100
Gambia,8/16/20,1872,63,183,9,101
Gambia,8/17/20,1872,63,0,0,102
Gambia,8/18/20,2116,63,244,0,103
Gambia,8/19/20,2288,77,172,14,104
Gambia,8/20/20,2401,81,113,4,105
Gambia,8/21/20,2437,84,36,3,106
Gambia,8/22/20,2437,84,0,0,107
Gambia,8/23/20,2685,87,248,3,108
Gambia,8/24/20,2585,87,-100,0,109
Gambia,8/25/20,2686,90,101,3,110
Gambia,8/26/20,2708,93,22,3,111
Gambia,8/27/20,2743,93,35,0,112
Gambia,8/28/20,2797,96,54,3,113
Gambia,8/29/20,2895,96,98,0,114
Gambia,8/30/20,2963,96,68,0,115
Gambia,8/31/20,2963,96,0,0,116
Gambia,9/1/20,3029,96,66,0,117
Gambia,9/2/20,3067,97,38,1,118
Gambia,9/3/20,3101,99,34,2,119
Gambia,9/4/20,3120,99,19,0,120
Gambia,9/5/20,3150,99,30,0,121
Gambia,9/6/20,3197,99,47,0,122
Gambia,9/7/20,3197,99,0,0,123
Gambia,9/8/20,3275,99,78,0,124
Gambia,9/9/20,3293,99,18,0,125
Gambia,9/10/20,3330,100,37,1,126
Gambia,9/11/20,3362,100,32,0,127
Gambia,9/12/20,3376,102,14,2,128
Gambia,9/13/20,3405,103,29,1,129
Gambia,9/14/20,3405,103,0,0,130
