state,date,confirmed,deaths,new_confirmed,new_deaths,tagged_day
Massachusetts,3/8/20,22,0,16,0,1
Massachusetts,3/9/20,22,0,0,0,2
Massachusetts,3/10/20,41,0,19,0,3
Massachusetts,3/11/20,92,0,51,0,4
Massachusetts,3/12/20,107,0,15,0,5
Massachusetts,3/13/20,123,0,16,0,6
Massachusetts,3/14/20,138,0,15,0,7
Massachusetts,3/15/20,138,0,0,0,8
Massachusetts,3/16/20,187,0,49,0,9
Massachusetts,3/17/20,217,0,30,0,10
Massachusetts,3/18/20,252,0,35,0,11
Massachusetts,3/19/20,328,0,76,0,12
Massachusetts,3/20/20,413,1,85,1,13
Massachusetts,3/21/20,523,1,110,0,14
Massachusetts,3/22/20,640,5,117,4,15
Massachusetts,3/23/20,777,9,137,4,16
Massachusetts,3/24/20,1159,11,382,2,17
Massachusetts,3/25/20,1838,15,679,4,18
Massachusetts,3/26/20,2417,25,579,10,19
Massachusetts,3/27/20,3240,35,823,10,20
Massachusetts,3/28/20,4257,44,1017,9,21
Massachusetts,3/29/20,4955,48,698,4,22
Massachusetts,3/30/20,5752,56,797,8,23
Massachusetts,3/31/20,6620,89,868,33,24
Massachusetts,4/1/20,7738,122,1118,33,25
Massachusetts,4/2/20,8966,154,1228,32,26
Massachusetts,4/3/20,10402,192,1436,38,27
Massachusetts,4/4/20,11736,216,1334,24,28
Massachusetts,4/5/20,12500,231,764,15,29
Massachusetts,4/6/20,13837,260,1337,29,30
Massachusetts,4/7/20,15202,356,1365,96,31
Massachusetts,4/8/20,16790,433,1588,77,32
Massachusetts,4/9/20,18941,503,2151,70,33
Massachusetts,4/10/20,20974,599,2033,96,34
Massachusetts,4/11/20,22860,686,1886,87,35
Massachusetts,4/12/20,25475,756,2615,70,36
Massachusetts,4/13/20,26867,844,1392,88,37
Massachusetts,4/14/20,28164,844,1297,0,38
Massachusetts,4/15/20,29919,1108,1755,264,39
Massachusetts,4/16/20,32181,1108,2262,0,40
Massachusetts,4/17/20,34985,1245,2804,137,41
Massachusetts,4/18/20,36963,1404,1978,159,42
Massachusetts,4/19/20,38674,1706,1711,302,43
Massachusetts,4/20/20,40252,1706,1578,0,44
Massachusetts,4/21/20,41832,1961,1580,255,45
Massachusetts,4/22/20,43614,2182,1782,221,46
Massachusetts,4/23/20,46727,2360,3113,178,47
Massachusetts,4/24/20,51700,2556,4973,196,48
Massachusetts,4/25/20,54135,2730,2435,174,49
Massachusetts,4/26/20,55753,2899,1618,169,50
Massachusetts,4/27/20,57295,3003,1542,104,51
Massachusetts,4/28/20,59193,3153,1898,150,52
Massachusetts,4/29/20,61201,3405,2008,252,53
Massachusetts,4/30/20,63211,3562,2010,157,54
Massachusetts,5/1/20,65388,3716,2177,154,55
Massachusetts,5/2/20,67438,3846,2050,130,56
Massachusetts,5/3/20,69318,4004,1880,158,57
Massachusetts,5/4/20,70388,4090,1070,86,58
Massachusetts,5/5/20,71654,4212,1266,122,59
Massachusetts,5/6/20,73538,4420,1884,208,60
Massachusetts,5/7/20,75338,4552,1800,132,61
Massachusetts,5/8/20,77090,4702,1752,150,62
Massachusetts,5/9/20,78561,4840,1471,138,63
Massachusetts,5/10/20,79676,4979,1115,139,64
Massachusetts,5/11/20,80409,5108,733,129,65
Massachusetts,5/12/20,81370,5141,961,33,66
Massachusetts,5/13/20,82657,5315,1287,174,67
Massachusetts,5/14/20,84460,5482,1803,167,68
Massachusetts,5/15/20,85786,5592,1326,110,69
Massachusetts,5/16/20,87374,5705,1588,113,70
Massachusetts,5/17/20,88500,5797,1126,92,71
Massachusetts,5/18/20,89566,5862,1066,65,72
Massachusetts,5/19/20,90521,5938,955,76,73
Massachusetts,5/20/20,91654,6066,1133,128,74
Massachusetts,5/21/20,92860,6148,1206,82,75
Massachusetts,5/22/20,93796,6228,936,80,76
Massachusetts,5/23/20,94641,6304,845,76,77
Massachusetts,5/24/20,95708,6372,1067,68,78
Massachusetts,5/25/20,96366,6416,658,44,79
Massachusetts,5/26/20,96826,6473,460,57,80
Massachusetts,5/27/20,97428,6547,602,74,81
Massachusetts,5/28/20,98198,6640,770,93,82
Massachusetts,5/29/20,98880,6718,682,78,83
Massachusetts,5/30/20,99773,6768,893,50,84
Massachusetts,5/31/20,100468,6846,695,78,85
Massachusetts,6/1/20,100805,7035,337,189,86
Massachusetts,6/2/20,101163,7085,358,50,87
Massachusetts,6/3/20,101592,7152,429,67,88
Massachusetts,6/4/20,102063,7201,471,49,89
Massachusetts,6/5/20,102557,7235,494,34,90
Massachusetts,6/6/20,103132,7289,575,54,91
Massachusetts,6/7/20,103436,7316,304,27,92
Massachusetts,6/8/20,103626,7353,190,37,93
Massachusetts,6/9/20,103889,7408,263,55,94
Massachusetts,6/10/20,104156,7454,267,46,95
Massachusetts,6/11/20,104667,7492,511,38,96
Massachusetts,6/12/20,105059,7538,392,46,97
Massachusetts,6/13/20,105395,7576,336,38,98
Massachusetts,6/14/20,105603,7624,208,48,99
Massachusetts,6/15/20,105690,7647,87,23,100
Massachusetts,6/16/20,105885,7665,195,18,101
Massachusetts,6/17/20,106151,7734,266,69,102
Massachusetts,6/18/20,106422,7770,271,36,103
Massachusetts,6/19/20,106650,7800,228,30,104
Massachusetts,6/20/20,106936,7828,286,28,105
Massachusetts,6/21/20,107061,7858,125,30,106
Massachusetts,6/22/20,107210,7874,149,16,107
Massachusetts,6/23/20,107439,7890,229,16,108
Massachusetts,6/24/20,107611,7938,172,48,109
Massachusetts,6/25/20,107837,7963,226,25,110
Massachusetts,6/26/20,108070,8013,233,50,111
Massachusetts,6/27/20,108443,8041,373,28,112
Massachusetts,6/28/20,108667,8060,224,19,113
Massachusetts,6/29/20,108768,8095,101,35,114
Massachusetts,6/30/20,108882,8054,114,-41,115
Massachusetts,7/1/20,109143,8081,261,27,116
Massachusetts,7/2/20,109338,8132,195,51,117
Massachusetts,7/3/20,109628,8149,290,17,118
Massachusetts,7/4/20,109838,8172,210,23,119
Massachusetts,7/5/20,109974,8183,136,11,120
Massachusetts,7/6/20,110137,8198,163,15,121
Massachusetts,7/7/20,110338,8213,201,15,122
Massachusetts,7/8/20,110602,8243,264,30,123
Massachusetts,7/9/20,110897,8268,295,25,124
Massachusetts,7/10/20,111110,8296,213,28,125
Massachusetts,7/11/20,111398,8310,288,14,126
Massachusetts,7/12/20,111597,8325,199,15,127
Massachusetts,7/13/20,111827,8330,230,5,128
Massachusetts,7/14/20,112130,8340,303,10,129
Massachusetts,7/15/20,112347,8368,217,28,130
Massachusetts,7/16/20,112581,8380,234,12,131
Massachusetts,7/17/20,112879,8402,298,22,132
Massachusetts,7/18/20,113238,8419,359,17,133
Massachusetts,7/19/20,113534,8431,296,12,134
Massachusetts,7/20/20,113789,8433,255,2,135
Massachusetts,7/21/20,114033,8450,244,17,136
Massachusetts,7/22/20,114320,8468,287,18,137
Massachusetts,7/23/20,114647,8484,327,16,138
Massachusetts,7/24/20,114985,8498,338,14,139
Massachusetts,7/25/20,115268,8510,283,12,140
Massachusetts,7/26/20,115637,8529,369,19,141
Massachusetts,7/27/20,115926,8536,289,7,142
Massachusetts,7/28/20,116182,8551,256,15,143
Massachusetts,7/29/20,116684,8580,502,29,144
Massachusetts,7/30/20,117098,8580,414,0,145
Massachusetts,7/31/20,117612,8609,514,29,146
Massachusetts,8/1/20,118040,8626,428,17,147
Massachusetts,8/2/20,118458,8638,418,12,148
Massachusetts,8/3/20,118657,8648,199,10,149
Massachusetts,8/4/20,119203,8657,546,9,150
Massachusetts,8/5/20,119643,8659,440,2,151
Massachusetts,8/6/20,119874,8691,231,32,152
Massachusetts,8/7/20,120291,8709,417,18,153
Massachusetts,8/8/20,120711,8721,420,12,154
Massachusetts,8/9/20,121040,8735,329,14,155
Massachusetts,8/10/20,121315,8741,275,6,156
Massachusetts,8/11/20,121707,8751,392,10,157
Massachusetts,8/12/20,122000,8769,293,18,158
Massachusetts,8/13/20,122423,8790,423,21,159
Massachusetts,8/14/20,122728,8810,305,20,160
Massachusetts,8/15/20,123199,8826,471,16,161
Massachusetts,8/16/20,123593,8838,394,12,162
Massachusetts,8/17/20,123841,8842,248,4,163
Massachusetts,8/18/20,124063,8848,222,6,164
Massachusetts,8/19/20,124415,8876,352,28,165
Massachusetts,8/20/20,124728,8888,313,12,166
Massachusetts,8/21/20,125216,8901,488,13,167
Massachusetts,8/22/20,125360,8921,144,20,168
Massachusetts,8/23/20,125360,8921,0,0,169
Massachusetts,8/24/20,126022,8949,662,28,170
Massachusetts,8/25/20,126420,8961,398,12,171
Massachusetts,8/26/20,126756,8987,336,26,172
Massachusetts,8/27/20,127124,9008,368,21,173
Massachusetts,8/28/20,127584,9024,460,16,174
Massachusetts,8/29/20,128030,9036,446,12,175
Massachusetts,8/30/20,128229,9049,199,13,176
Massachusetts,8/31/20,128533,9060,304,11,177
Massachusetts,9/1/20,128888,9064,355,4,178
Massachusetts,9/2/20,129182,9060,294,-4,179
Massachusetts,9/3/20,121546,9077,-7636,17,180
Massachusetts,9/4/20,121758,9100,212,23,181
Massachusetts,9/5/20,122196,9116,438,16,182
Massachusetts,9/6/20,122562,9125,366,9,183
Massachusetts,9/7/20,122791,9133,229,8,184
Massachusetts,9/8/20,122962,9141,171,8,185
Massachusetts,9/9/20,123143,9146,181,5,186
Massachusetts,9/10/20,123546,9166,403,20,187
Massachusetts,9/11/20,123986,9180,440,14,188
Massachusetts,9/12/20,124540,9196,554,16,189
Massachusetts,9/13/20,124826,9210,286,14,190
Massachusetts,9/14/20,125080,9219,254,9,191
