state,date,confirmed,deaths,new_confirmed,new_deaths,tagged_day
Georgia,3/10/20,17,0,7,0,1
Georgia,3/11/20,23,0,6,0,2
Georgia,3/12/20,31,1,8,1,3
Georgia,3/13/20,42,1,11,0,4
Georgia,3/14/20,73,1,31,0,5
Georgia,3/15/20,99,1,26,0,6
Georgia,3/16/20,121,1,22,0,7
Georgia,3/17/20,146,1,25,0,8
Georgia,3/18/20,197,3,51,2,9
Georgia,3/19/20,287,10,90,7,10
Georgia,3/20/20,485,14,198,4,11
Georgia,3/21/20,555,20,70,6,12
Georgia,3/22/20,621,25,66,5,13
Georgia,3/23/20,772,25,151,0,14
Georgia,3/24/20,1026,32,254,7,15
Georgia,3/25/20,1247,40,221,8,16
Georgia,3/26/20,1525,48,278,8,17
Georgia,3/27/20,2000,64,475,16,18
Georgia,3/28/20,2366,69,366,5,19
Georgia,3/29/20,2651,80,285,11,20
Georgia,3/30/20,2808,87,157,7,21
Georgia,3/31/20,3929,111,1121,24,22
Georgia,4/1/20,4638,139,709,28,23
Georgia,4/2/20,5348,163,710,24,24
Georgia,4/3/20,5831,184,483,21,25
Georgia,4/4/20,6160,201,329,17,26
Georgia,4/5/20,6647,211,487,10,27
Georgia,4/6/20,7314,229,667,18,28
Georgia,4/7/20,8822,329,1508,100,29
Georgia,4/8/20,9901,362,1079,33,30
Georgia,4/9/20,10566,379,665,17,31
Georgia,4/10/20,11485,416,919,37,32
Georgia,4/11/20,12159,429,674,13,33
Georgia,4/12/20,12452,433,293,4,34
Georgia,4/13/20,13315,465,863,32,35
Georgia,4/14/20,14578,525,1263,60,36
Georgia,4/15/20,14987,552,409,27,37
Georgia,4/16/20,15669,587,682,35,38
Georgia,4/17/20,17194,650,1525,63,39
Georgia,4/18/20,17669,673,475,23,40
Georgia,4/19/20,18301,687,632,14,41
Georgia,4/20/20,19407,775,1106,88,42
Georgia,4/21/20,19881,798,474,23,43
Georgia,4/22/20,21214,848,1333,50,44
Georgia,4/23/20,21883,881,669,33,45
Georgia,4/24/20,22491,899,608,18,46
Georgia,4/25/20,23222,907,731,8,47
Georgia,4/26/20,23486,916,264,9,48
Georgia,4/27/20,24302,995,816,79,49
Georgia,4/28/20,24922,1036,620,41,50
Georgia,4/29/20,25775,1101,853,65,51
Georgia,4/30/20,26264,1132,489,31,52
Georgia,5/1/20,27489,1169,1225,37,53
Georgia,5/2/20,28331,1177,842,8,54
Georgia,5/3/20,28665,1184,334,7,55
Georgia,5/4/20,29451,1246,786,62,56
Georgia,5/5/20,29998,1299,547,53,57
Georgia,5/6/20,30743,1327,745,28,58
Georgia,5/7/20,31618,1355,875,28,59
Georgia,5/8/20,32181,1400,563,45,60
Georgia,5/9/20,32588,1403,407,3,61
Georgia,5/10/20,33580,1406,992,3,62
Georgia,5/11/20,34002,1444,422,38,63
Georgia,5/12/20,34924,1498,922,54,64
Georgia,5/13/20,35427,1517,503,19,65
Georgia,5/14/20,35977,1545,550,28,66
Georgia,5/15/20,36772,1588,795,43,67
Georgia,5/16/20,37212,1598,440,10,68
Georgia,5/17/20,37579,1610,367,12,69
Georgia,5/18/20,38283,1649,704,39,70
Georgia,5/19/20,38855,1675,572,26,71
Georgia,5/20/20,39801,1697,946,22,72
Georgia,5/21/20,40663,1775,862,78,73
Georgia,5/22/20,41482,1808,819,33,74
Georgia,5/23/20,42242,1822,760,14,75
Georgia,5/24/20,42902,1827,660,5,76
Georgia,5/25/20,43400,1848,498,21,77
Georgia,5/26/20,43983,1896,583,48,78
Georgia,5/27/20,44638,1933,655,37,79
Georgia,5/28/20,45266,1973,628,40,80
Georgia,5/29/20,45881,1987,615,14,81
Georgia,5/30/20,46331,2004,450,17,82
Georgia,5/31/20,47063,2053,732,49,83
Georgia,6/1/20,47902,2094,839,41,84
Georgia,6/2/20,48207,2102,305,8,85
Georgia,6/3/20,48894,2123,687,21,86
Georgia,6/4/20,49859,2149,965,26,87
Georgia,6/5/20,50621,2174,762,25,88
Georgia,6/6/20,51359,2178,738,4,89
Georgia,6/7/20,51898,2180,539,2,90
Georgia,6/8/20,52497,2208,599,28,91
Georgia,6/9/20,53249,2285,752,77,92
Georgia,6/10/20,53980,2329,731,44,93
Georgia,6/11/20,54973,2375,993,46,94
Georgia,6/12/20,55783,2418,810,43,95
Georgia,6/13/20,56804,2447,1021,29,96
Georgia,6/14/20,57681,2451,877,4,97
Georgia,6/15/20,58414,2494,733,43,98
Georgia,6/16/20,59078,2529,664,35,99
Georgia,6/17/20,60030,2575,952,46,100
Georgia,6/18/20,60912,2605,882,30,101
Georgia,6/19/20,62009,2636,1097,31,102
Georgia,6/20/20,63809,2642,1800,6,103
Georgia,6/21/20,64701,2643,892,1,104
Georgia,6/22/20,65928,2648,1227,5,105
Georgia,6/23/20,67810,2695,1882,47,106
Georgia,6/24/20,69381,2698,1571,3,107
Georgia,6/25/20,71095,2745,1714,47,108
Georgia,6/26/20,72995,2770,1900,25,109
Georgia,6/27/20,74985,2776,1990,6,110
Georgia,6/28/20,77210,2778,2225,2,111
Georgia,6/29/20,79417,2784,2207,6,112
Georgia,6/30/20,81291,2805,1874,21,113
Georgia,7/1/20,84242,2827,2951,22,114
Georgia,7/2/20,87709,2849,3467,22,115
Georgia,7/3/20,90493,2857,2784,8,116
Georgia,7/4/20,93319,2857,2826,0,117
Georgia,7/5/20,95516,2860,2197,3,118
Georgia,7/6/20,97064,2878,1548,18,119
Georgia,7/7/20,100470,2899,3406,21,120
Georgia,7/8/20,103890,2922,3420,23,121
Georgia,7/9/20,106727,2930,2837,8,122
Georgia,7/10/20,111217,2965,4490,35,123
Georgia,7/11/20,114401,2996,3184,31,124
Georgia,7/12/20,116935,3003,2534,7,125
Georgia,7/13/20,120572,3026,3637,23,126
Georgia,7/14/20,123963,3054,3391,28,127
Georgia,7/15/20,127838,3091,3875,37,128
Georgia,7/16/20,131287,3105,3449,14,129
Georgia,7/17/20,135192,3132,3905,27,130
Georgia,7/18/20,139880,3169,4688,37,131
Georgia,7/19/20,143129,3174,3249,5,132
Georgia,7/20/20,145582,3177,2453,3,133
Georgia,7/21/20,148988,3254,3406,77,134
Georgia,7/22/20,152302,3335,3314,81,135
Georgia,7/23/20,156607,3361,4305,26,136
Georgia,7/24/20,161420,3443,4813,82,137
Georgia,7/25/20,165188,3494,3768,51,138
Georgia,7/26/20,167953,3498,2765,4,139
Georgia,7/27/20,170843,3509,2890,11,140
Georgia,7/28/20,175052,3563,4209,54,141
Georgia,7/29/20,178323,3642,3271,79,142
Georgia,7/30/20,182286,3671,3963,29,143
Georgia,7/31/20,186352,3752,4066,81,144
Georgia,8/1/20,190012,3825,3660,73,145
Georgia,8/2/20,193177,3840,3165,15,146
Georgia,8/3/20,195435,3842,2258,2,147
Georgia,8/4/20,197948,3921,2513,79,148
Georgia,8/5/20,201713,3984,3765,63,149
Georgia,8/6/20,204895,4026,3182,42,150
Georgia,8/7/20,209004,4117,4109,91,151
Georgia,8/8/20,213427,4186,4423,69,152
Georgia,8/9/20,216596,4199,3169,13,153
Georgia,8/10/20,219025,4229,2429,30,154
Georgia,8/11/20,222588,4351,3563,122,155
Georgia,8/12/20,226153,4456,3565,105,156
Georgia,8/13/20,228668,4538,2515,82,157
Georgia,8/14/20,231895,4573,3227,35,158
Georgia,8/15/20,235168,4669,3273,96,159
Georgia,8/16/20,237030,4702,1862,33,160
Georgia,8/17/20,238861,4727,1831,25,161
Georgia,8/18/20,241677,4794,2816,67,162
Georgia,8/19/20,243982,4849,2305,55,163
Georgia,8/20/20,246741,4904,2759,55,164
Georgia,8/21/20,249630,4998,2889,94,165
Georgia,8/22/20,252222,5092,2592,94,166
Georgia,8/23/20,253949,5132,1727,40,167
Georgia,8/24/20,256253,5156,2304,24,168
Georgia,8/25/20,258354,5262,2101,106,169
Georgia,8/26/20,260590,5311,2236,49,170
Georgia,8/27/20,263074,5393,2484,82,171
Georgia,8/28/20,265372,5471,2298,78,172
Georgia,8/29/20,267758,5576,2386,105,173
Georgia,8/30/20,268973,5604,1215,28,174
Georgia,8/31/20,270471,5633,1498,29,175
Georgia,9/1/20,272697,5733,2226,100,176
Georgia,9/2/20,274613,5795,1916,62,177
Georgia,9/3/20,277288,5868,2675,73,178
Georgia,9/4/20,279354,5931,2066,63,179
Georgia,9/5/20,281548,5977,2194,46,180
Georgia,9/6/20,283199,6037,1651,60,181
Georgia,9/7/20,283807,6044,608,7,182
Georgia,9/8/20,285350,6070,1543,26,183
Georgia,9/9/20,287300,6128,1950,58,184
Georgia,9/10/20,289123,6204,1823,76,185
Georgia,9/11/20,290781,6246,1658,42,186
Georgia,9/12/20,292905,6287,2124,41,187
Georgia,9/13/20,294314,6333,1409,46,188
Georgia,9/14/20,295337,6353,1023,20,189
Georgia,9/15/20,296994,6397,1657,44,190
Georgia,9/16/20,299056,6419,2062,22,191
Georgia,9/17/20,300903,6474,1847,55,192
Georgia,9/18/20,302854,6536,1951,62,193
Georgia,9/19/20,305021,6599,2167,63,194
Georgia,9/20/20,306155,6602,1134,3,195
Georgia,9/21/20,307339,6604,1184,2,196
Georgia,9/22/20,308294,6673,955,69,197
Georgia,9/23/20,310161,6769,1867,96,198
Georgia,9/24/20,311698,6816,1537,47,199
Georgia,9/25/20,312514,6874,816,58,200
Georgia,9/26/20,313873,6914,1359,40,201
Georgia,9/27/20,314685,6946,812,32,202
Georgia,9/28/20,315281,6961,596,15,203
Georgia,9/29/20,316306,6994,1025,33,204
Georgia,9/30/20,318026,7021,1720,27,205
Georgia,10/1/20,319359,7063,1333,42,206
Georgia,10/2/20,320634,7106,1275,43,207
Georgia,10/3/20,322169,7133,1535,27,208
Georgia,10/4/20,322925,7162,756,29,209
Georgia,10/5/20,323714,7192,789,30,210
Georgia,10/6/20,324650,7229,936,37,211
Georgia,10/7/20,326142,7259,1492,30,212
Georgia,10/8/20,327407,7294,1265,35,213
Georgia,10/9/20,329032,7348,1625,54,214
Georgia,10/10/20,330269,7393,1237,45,215
Georgia,10/11/20,331409,7416,1140,23,216
Georgia,10/12/20,332311,7429,902,13,217
Georgia,10/13/20,333304,7454,993,25,218
Georgia,10/14/20,334601,7470,1297,16,219
Georgia,10/15/20,336241,7492,1640,22,220
Georgia,10/16/20,337850,7556,1609,64,221
Georgia,10/17/20,339384,7607,1534,51,222
Georgia,10/18/20,340558,7638,1174,31,223
Georgia,10/19/20,341310,7657,752,19,224
Georgia,10/20/20,342438,7674,1128,17,225
Georgia,10/21/20,343750,7704,1312,30,226
Georgia,10/22/20,345535,7729,1785,25,227
Georgia,10/23/20,347759,7766,2224,37,228
Georgia,10/24/20,349605,7808,1846,42,229
Georgia,10/25/20,350923,7809,1318,1,230
Georgia,10/26/20,351881,7827,958,18,231
Georgia,10/27/20,353372,7844,1491,17,232
Georgia,10/28/20,355025,7876,1653,32,233
Georgia,10/29/20,356848,7923,1823,47,234
Georgia,10/30/20,358225,7955,1377,32,235
Georgia,10/31/20,360790,7979,2565,24,236
Georgia,11/1/20,361982,7981,1192,2,237
Georgia,11/2/20,362921,7999,939,18,238
Georgia,11/3/20,394526,8479,31605,480,239
Georgia,11/4/20,397137,8522,2611,43,240
Georgia,11/5/20,399625,8578,2488,56,241
Georgia,11/6/20,402427,8608,2802,30,242
Georgia,11/7/20,405037,8647,2610,39,243
Georgia,11/8/20,406061,8648,1024,1,244
Georgia,11/9/20,407333,8677,1272,29,245
Georgia,11/10/20,411652,8730,4319,53,246
Georgia,11/11/20,413894,8806,2242,76,247
Georgia,11/12/20,416876,8881,2982,75,248
Georgia,11/13/20,419870,8905,2994,24,249
Georgia,11/14/20,422905,8956,3035,51,250
Georgia,11/15/20,424989,8957,2084,1,251
Georgia,11/16/20,426236,8967,1247,10,252
Georgia,11/17/20,430571,9008,4335,41,253
Georgia,11/18/20,433732,9065,3161,57,254
Georgia,11/19/20,437156,9102,3424,37,255
Georgia,11/20/20,440591,9142,3435,40,256
Georgia,11/21/20,446804,9179,6213,37,257
Georgia,11/22/20,449132,9198,2328,19,258
Georgia,11/23/20,451056,9215,1924,17,259
Georgia,11/24/20,454732,9221,3676,6,260
Georgia,11/25/20,457909,9297,3177,76,261
Georgia,11/26/20,461517,9336,3608,39,262
Georgia,11/27/20,464526,9380,3009,44,263
Georgia,11/28/20,467564,9424,3038,44,264
Georgia,11/29/20,469516,9442,1952,18,265
Georgia,11/30/20,471563,9452,2047,10,266
Georgia,12/1/20,476405,9515,4842,63,267
Georgia,12/2/20,482139,9567,5734,52,268
Georgia,12/3/20,487978,9648,5839,81,269
Georgia,12/4/20,494354,9725,6376,77,270
Georgia,12/5/20,499371,9793,5017,68,271
Georgia,12/6/20,501405,9806,2034,13,272
Georgia,12/7/20,506690,9851,5285,45,273
Georgia,12/8/20,512267,9873,5577,22,274
Georgia,12/9/20,517779,9921,5512,48,275
Georgia,12/10/20,525402,9975,7623,54,276
Georgia,12/11/20,531593,10031,6191,56,277
Georgia,12/12/20,538040,10075,6447,44,278
Georgia,12/13/20,542838,10076,4798,1,279
Georgia,12/14/20,546558,10104,3720,28,280
Georgia,12/15/20,553995,10160,7437,56,281
Georgia,12/16/20,560619,10228,6624,68,282
Georgia,12/17/20,568396,10294,7777,66,283
Georgia,12/18/20,576537,10332,8141,38,284
Georgia,12/19/20,582300,10381,5763,49,285
Georgia,12/20/20,587918,10383,5618,2,286
Georgia,12/21/20,591438,10399,3520,16,287
Georgia,12/22/20,600517,10463,9079,64,288
Georgia,12/23/20,608290,10519,7773,56,289
Georgia,12/24/20,618576,10582,10286,63,290
Georgia,12/25/20,624630,10631,6054,49,291
Georgia,12/26/20,628788,10685,4158,54,292
Georgia,12/27/20,632299,10689,3511,4,293
Georgia,12/28/20,636240,10696,3941,7,294
Georgia,12/29/20,645690,10779,9450,83,295
Georgia,12/30/20,654743,10846,9053,67,296
Georgia,12/31/20,666452,10934,11709,88,297
Georgia,1/1/21,677589,10958,11137,24,298
Georgia,1/2/21,685122,10960,7533,2,299
Georgia,1/3/21,690900,10964,5778,4,300
Georgia,1/4/21,696063,10971,5163,7,301
Georgia,1/5/21,706154,11072,10091,101,302
Georgia,1/6/21,713840,11165,7686,93,303
Georgia,1/7/21,723630,11230,9790,65,304
Georgia,1/8/21,736926,11314,13296,84,305
Georgia,1/9/21,748852,11457,11926,143,306
Georgia,1/10/21,757045,11458,8193,1,307
Georgia,1/11/21,764499,11475,7454,17,308
Georgia,1/12/21,773692,11662,9193,187,309
Georgia,1/13/21,782288,11803,8596,141,310
Georgia,1/14/21,791324,11975,9036,172,311
Georgia,1/15/21,801130,12138,9806,163,312
Georgia,1/16/21,809663,12291,8533,153,313
Georgia,1/17/21,815995,12296,6332,5,314
Georgia,1/18/21,820952,12360,4957,64,315
Georgia,1/19/21,828581,12572,7629,212,316
Georgia,1/20/21,836649,12778,8068,206,317
Georgia,1/21/21,844799,12889,8150,111,318
Georgia,1/22/21,853173,13060,8374,171,319
Georgia,1/23/21,862158,13246,8985,186,320
Georgia,1/24/21,866911,13250,4753,4,321
Georgia,1/25/21,870828,13303,3917,53,322
Georgia,1/26/21,879221,13482,8393,179,323
Georgia,1/27/21,885605,13643,6384,161,324
Georgia,1/28/21,892957,13827,7352,184,325
Georgia,1/29/21,899515,13986,6558,159,326
Georgia,1/30/21,905858,14196,6343,210,327
Georgia,1/31/21,909445,14198,3587,2,328
Georgia,2/1/21,912479,14242,3034,44,329
Georgia,2/2/21,917440,14450,4961,208,330
Georgia,2/3/21,922364,14587,4924,137,331
Georgia,2/4/21,928070,14756,5706,169,332
Georgia,2/5/21,932912,14858,4842,102,333
Georgia,2/6/21,937402,15090,4490,232,334
Georgia,2/7/21,940991,15092,3589,2,335
Georgia,2/8/21,943695,15130,2704,38,336
Georgia,2/9/21,947416,15301,3721,171,337
Georgia,2/10/21,950906,15421,3490,120,338
Georgia,2/11/21,955085,15513,4179,92,339
Georgia,2/12/21,958985,15708,3900,195,340
Georgia,2/13/21,962808,15850,3823,142,341
Georgia,2/14/21,964737,15871,1929,21,342
