state,date,confirmed,deaths,new_confirmed,new_deaths,tagged_day
Indiana,3/11/20,11,0,5,0,1
Indiana,3/12/20,13,0,2,0,2
Indiana,3/13/20,13,0,0,0,3
Indiana,3/14/20,16,0,3,0,4
Indiana,3/15/20,20,0,4,0,5
Indiana,3/16/20,25,1,5,1,6
Indiana,3/17/20,30,3,5,2,7
Indiana,3/18/20,38,4,8,1,8
Indiana,3/19/20,60,4,22,0,9
Indiana,3/20/20,86,8,26,4,10
Indiana,3/21/20,128,13,42,5,11
Indiana,3/22/20,204,18,76,5,12
Indiana,3/23/20,270,23,66,5,13
Indiana,3/24/20,368,28,98,5,14
Indiana,3/25/20,477,34,109,6,15
Indiana,3/26/20,645,43,168,9,16
Indiana,3/27/20,979,46,334,3,17
Indiana,3/28/20,1233,58,254,12,18
Indiana,3/29/20,1513,76,280,18,19
Indiana,3/30/20,1786,91,273,15,20
Indiana,3/31/20,2158,112,372,21,21
Indiana,4/1/20,2564,134,406,22,22
Indiana,4/2/20,3038,156,474,22,23
Indiana,4/3/20,3437,188,399,32,24
Indiana,4/4/20,3953,213,516,25,25
Indiana,4/5/20,4411,247,458,34,26
Indiana,4/6/20,4956,272,545,25,27
Indiana,4/7/20,5510,309,554,37,28
Indiana,4/8/20,5943,338,433,29,29
Indiana,4/9/20,6351,374,408,36,30
Indiana,4/10/20,6907,399,556,25,31
Indiana,4/11/20,7435,419,528,20,32
Indiana,4/12/20,7928,448,493,29,33
Indiana,4/13/20,8359,483,431,35,34
Indiana,4/14/20,8527,529,168,46,35
Indiana,4/15/20,8960,567,433,38,36
Indiana,4/16/20,9542,601,582,34,37
Indiana,4/17/20,10154,637,612,36,38
Indiana,4/18/20,10641,665,487,28,39
Indiana,4/19/20,11211,702,570,37,40
Indiana,4/20/20,11688,740,477,38,41
Indiana,4/21/20,12097,790,409,50,42
Indiana,4/22/20,12438,841,341,51,43
Indiana,4/23/20,13039,879,601,38,44
Indiana,4/24/20,13681,916,642,37,45
Indiana,4/25/20,14399,958,718,42,46
Indiana,4/26/20,15012,993,613,35,47
Indiana,4/27/20,15961,1036,949,43,48
Indiana,4/28/20,16588,1072,627,36,49
Indiana,4/29/20,17182,1116,594,44,50
Indiana,4/30/20,17835,1161,653,45,51
Indiana,5/1/20,18630,1198,795,37,52
Indiana,5/2/20,19295,1242,665,44,53
Indiana,5/3/20,19933,1278,638,36,54
Indiana,5/4/20,20507,1317,574,39,55
Indiana,5/5/20,21033,1356,526,39,56
Indiana,5/6/20,21870,1400,837,44,57
Indiana,5/7/20,22503,1434,633,34,58
Indiana,5/8/20,23146,1462,643,28,59
Indiana,5/9/20,23732,1495,586,33,60
Indiana,5/10/20,24126,1529,394,34,61
Indiana,5/11/20,24627,1571,501,42,62
Indiana,5/12/20,25127,1610,500,39,63
Indiana,5/13/20,25473,1638,346,28,64
Indiana,5/14/20,26053,1682,580,44,65
Indiana,5/15/20,26656,1715,603,33,66
Indiana,5/16/20,27280,1745,624,30,67
Indiana,5/17/20,27778,1775,498,30,68
Indiana,5/18/20,28255,1816,477,41,69
Indiana,5/19/20,28705,1846,450,30,70
Indiana,5/20/20,29274,1878,569,32,71
Indiana,5/21/20,29936,1917,662,39,72
Indiana,5/22/20,30409,1935,473,18,73
Indiana,5/23/20,30901,1960,492,25,74
Indiana,5/24/20,31376,1975,475,15,75
Indiana,5/25/20,31715,1997,339,22,76
Indiana,5/26/20,32078,2017,363,20,77
Indiana,5/27/20,32437,2032,359,15,78
Indiana,5/28/20,33068,2051,631,19,79
Indiana,5/29/20,33558,2073,490,22,80
Indiana,5/30/20,34211,2096,653,23,81
Indiana,5/31/20,34574,2113,363,17,82
Indiana,6/1/20,34830,2133,256,20,83
Indiana,6/2/20,35237,2153,407,20,84
Indiana,6/3/20,35712,2179,475,26,85
Indiana,6/4/20,36096,2202,384,23,86
Indiana,6/5/20,36578,2223,482,21,87
Indiana,6/6/20,36997,2233,419,10,88
Indiana,6/7/20,37397,2248,400,15,89
Indiana,6/8/20,37623,2265,226,17,90
Indiana,6/9/20,38033,2290,410,25,91
Indiana,6/10/20,38337,2307,304,17,92
Indiana,6/11/20,38748,2322,411,15,93
Indiana,6/12/20,39146,2338,398,16,94
Indiana,6/13/20,39543,2351,397,13,95
Indiana,6/14/20,39909,2372,366,21,96
Indiana,6/15/20,40430,2386,521,14,97
Indiana,6/16/20,40786,2401,356,15,98
Indiana,6/17/20,41013,2418,227,17,99
Indiana,6/18/20,41438,2443,425,25,100
Indiana,6/19/20,41746,2455,308,12,101
Indiana,6/20/20,42061,2465,315,10,102
Indiana,6/21/20,42423,2476,362,11,103
Indiana,6/22/20,42633,2491,210,15,104
Indiana,6/23/20,42871,2495,238,4,105
Indiana,6/24/20,43140,2505,269,10,106
Indiana,6/25/20,43655,2518,515,13,107
Indiana,6/26/20,44140,2530,485,12,108
Indiana,6/27/20,44575,2541,435,11,109
Indiana,6/28/20,44930,2550,355,9,110
Indiana,6/29/20,45228,2559,298,9,111
Indiana,6/30/20,45594,2569,366,10,112
Indiana,7/1/20,45952,2581,358,12,113
Indiana,7/2/20,46387,2589,435,8,114
Indiana,7/3/20,46915,2600,528,11,115
Indiana,7/4/20,47432,2607,517,7,116
Indiana,7/5/20,48201,2619,769,12,117
Indiana,7/6/20,48524,2635,323,16,118
Indiana,7/7/20,48626,2644,102,9,119
Indiana,7/8/20,49063,2652,437,8,120
Indiana,7/9/20,49575,2663,512,11,121
Indiana,7/10/20,50300,2670,725,7,122
Indiana,7/11/20,51079,2681,779,11,123
Indiana,7/12/20,51612,2694,533,13,124
Indiana,7/13/20,52037,2703,425,9,125
Indiana,7/14/20,52685,2709,648,6,126
Indiana,7/15/20,53370,2720,685,11,127
Indiana,7/16/20,54080,2730,710,10,128
Indiana,7/17/20,54813,2739,733,9,129
Indiana,7/18/20,55654,2748,841,9,130
Indiana,7/19/20,56571,2757,917,9,131
Indiana,7/20/20,57206,2771,635,14,132
Indiana,7/21/20,57916,2780,710,9,133
Indiana,7/22/20,58673,2793,757,13,134
Indiana,7/23/20,59602,2803,929,10,135
Indiana,7/24/20,60598,2814,996,11,136
Indiana,7/25/20,61520,2825,922,11,137
Indiana,7/26/20,62372,2835,852,10,138
Indiana,7/27/20,62907,2839,535,4,139
Indiana,7/28/20,63678,2845,771,6,140
Indiana,7/29/20,64299,2866,621,21,141
Indiana,7/30/20,65253,2875,954,9,142
Indiana,7/31/20,66154,2886,901,11,143
Indiana,8/1/20,67122,2899,968,13,144
Indiana,8/2/20,67857,2908,735,9,145
Indiana,8/3/20,68433,2917,576,9,146
Indiana,8/4/20,69255,2928,822,11,147
Indiana,8/5/20,69975,2933,720,5,148
Indiana,8/6/20,71015,2948,1040,15,149
Indiana,8/7/20,72254,2962,1239,14,150
Indiana,8/8/20,73287,2974,1033,12,151
Indiana,8/9/20,74328,2981,1041,7,152
Indiana,8/10/20,74992,2997,664,16,153
Indiana,8/11/20,75862,3010,870,13,154
Indiana,8/12/20,76522,3025,660,15,155
Indiana,8/13/20,77565,3040,1043,15,156
Indiana,8/14/20,78632,3056,1067,16,157
Indiana,8/15/20,79676,3068,1044,12,158
Indiana,8/16/20,80415,3080,739,12,159
Indiana,8/17/20,81006,3103,591,23,160
Indiana,8/18/20,81847,3108,841,5,161
Indiana,8/19/20,82336,3124,489,16,162
Indiana,8/20/20,83277,3141,941,17,163
Indiana,8/21/20,84317,3149,1040,8,164
Indiana,8/22/20,85317,3164,1000,15,165
Indiana,8/23/20,85932,3176,615,12,166
Indiana,8/24/20,87592,3190,1660,14,167
Indiana,8/25/20,88421,3201,829,11,168
Indiana,8/26/20,89359,3204,938,3,169
Indiana,8/27/20,90504,3220,1145,16,170
Indiana,8/28/20,91313,3229,809,9,171
Indiana,8/29/20,92434,3241,1121,12,172
Indiana,8/30/20,93313,3250,879,9,173
Indiana,8/31/20,94196,3263,883,13,174
Indiana,9/1/20,94891,3270,695,7,175
Indiana,9/2/20,95750,3280,859,10,176
Indiana,9/3/20,96854,3286,1104,6,177
Indiana,9/4/20,97884,3300,1030,14,178
Indiana,9/5/20,98961,3311,1077,11,179
Indiana,9/6/20,99804,3325,843,14,180
Indiana,9/7/20,100394,3336,590,11,181
Indiana,9/8/20,100780,3351,386,15,182
Indiana,9/9/20,101485,3364,705,13,183
Indiana,9/10/20,102243,3376,758,12,184
Indiana,9/11/20,103505,3388,1262,12,185
Indiana,9/12/20,104561,3392,1056,4,186
Indiana,9/13/20,105804,3410,1243,18,187
Indiana,9/14/20,106540,3424,736,14,188
Indiana,9/15/20,107229,3436,689,12,189
Indiana,9/16/20,107809,3444,580,8,190
Indiana,9/17/20,108646,3459,837,15,191
Indiana,9/18/20,109683,3471,1037,12,192
Indiana,9/19/20,110759,3481,1076,10,193
Indiana,9/20/20,111505,3488,746,7,194
Indiana,9/21/20,112027,3499,522,11,195
Indiana,9/22/20,112626,3514,599,15,196
Indiana,9/23/20,113337,3531,711,17,197
Indiana,9/24/20,114236,3544,899,13,198
Indiana,9/25/20,115407,3557,1171,13,199
Indiana,9/26/20,116549,3581,1142,24,200
Indiana,9/27/20,117450,3593,901,12,201
Indiana,9/28/20,118322,3613,872,20,202
Indiana,9/29/20,119066,3632,744,19,203
Indiana,9/30/20,120019,3645,953,13,204
Indiana,10/1/20,121176,3663,1157,18,205
Indiana,10/2/20,122640,3681,1464,18,206
Indiana,10/3/20,124059,3705,1419,24,207
Indiana,10/4/20,125146,3720,1087,15,208
Indiana,10/5/20,125976,3733,830,13,209
Indiana,10/6/20,126946,3748,970,15,210
Indiana,10/7/20,128227,3766,1281,18,211
Indiana,10/8/20,129677,3789,1450,23,212
Indiana,10/9/20,131493,3814,1816,25,213
Indiana,10/10/20,133411,3831,1918,17,214
Indiana,10/11/20,134981,3852,1570,21,215
Indiana,10/12/20,136555,3875,1574,23,216
Indiana,10/13/20,138104,3904,1549,29,217
Indiana,10/14/20,139269,3924,1165,20,218
Indiana,10/15/20,141212,3959,1943,35,219
Indiana,10/16/20,143495,4001,2283,42,220
Indiana,10/17/20,145977,4025,2482,24,221
Indiana,10/18/20,147582,4055,1605,30,222
Indiana,10/19/20,149166,4075,1584,20,223
Indiana,10/20/20,150664,4111,1498,36,224
Indiana,10/21/20,152396,4144,1732,33,225
Indiana,10/22/20,155246,4180,2850,36,226
Indiana,10/23/20,157713,4209,2467,29,227
Indiana,10/24/20,160454,4234,2741,25,228
Indiana,10/25/20,162607,4264,2153,30,229
Indiana,10/26/20,164581,4306,1974,42,230
Indiana,10/27/20,166564,4346,1983,40,231
Indiana,10/28/20,169112,4381,2548,35,232
Indiana,10/29/20,172730,4420,3618,39,233
Indiana,10/30/20,175893,4469,3163,49,234
Indiana,10/31/20,179358,4504,3465,35,235
Indiana,11/1/20,182108,4544,2750,40,236
Indiana,11/2/20,185185,4587,3077,43,237
Indiana,11/3/20,188066,4630,2881,43,238
Indiana,11/4/20,191764,4682,3698,52,239
Indiana,11/5/20,196176,4722,4412,40,240
Indiana,11/6/20,200823,4779,4647,57,241
Indiana,11/7/20,205722,4828,4899,49,242
Indiana,11/8/20,210374,4888,4652,60,243
Indiana,11/9/20,214509,4932,4135,44,244
Indiana,11/10/20,219338,4992,4829,60,245
Indiana,11/11/20,224374,5051,5036,59,246
Indiana,11/12/20,230965,5094,6591,43,247
Indiana,11/13/20,236565,5140,5600,46,248
Indiana,11/14/20,244887,5191,8322,51,249
Indiana,11/15/20,251597,5260,6710,69,250
Indiana,11/16/20,256744,5323,5147,63,251
Indiana,11/17/20,262207,5405,5463,82,252
Indiana,11/18/20,268222,5479,6015,74,253
Indiana,11/19/20,275503,5556,7281,77,254
Indiana,11/20/20,282311,5628,6808,72,255
Indiana,11/21/20,289183,5697,6872,69,256
Indiana,11/22/20,295357,5774,6174,77,257
Indiana,11/23/20,300913,5860,5556,86,258
Indiana,11/24/20,306538,5941,5625,81,259
Indiana,11/25/20,312521,6021,5983,80,260
Indiana,11/26/20,318894,6112,6373,91,261
Indiana,11/27/20,324537,6196,5643,84,262
Indiana,11/28/20,329008,6270,4471,74,263
Indiana,11/29/20,333312,6351,4304,81,264
Indiana,11/30/20,338977,6432,5665,81,265
Indiana,12/1/20,344373,6518,5396,86,266
Indiana,12/2/20,350970,6617,6597,99,267
Indiana,12/3/20,359430,6704,8460,87,268
Indiana,12/4/20,367329,6802,7899,98,269
Indiana,12/5/20,375019,6899,7690,97,270
Indiana,12/6/20,381617,6987,6598,88,271
Indiana,12/7/20,387278,7081,5661,94,272
Indiana,12/8/20,392663,7187,5385,106,273
Indiana,12/9/20,398417,7289,5754,102,274
Indiana,12/10/20,404935,7395,6518,106,275
Indiana,12/11/20,412135,7505,7200,110,276
Indiana,12/12/20,419536,7600,7401,95,277
Indiana,12/13/20,425434,7689,5898,89,278
Indiana,12/14/20,430401,7796,4967,107,279
Indiana,12/15/20,434642,7888,4241,92,280
Indiana,12/16/20,440850,7980,6208,92,281
Indiana,12/17/20,447190,8093,6340,113,282
Indiana,12/18/20,453139,8200,5949,107,283
Indiana,12/19/20,457871,8294,4732,94,284
Indiana,12/20/20,464354,8380,6483,86,285
Indiana,12/21/20,468219,8487,3865,107,286
Indiana,12/22/20,471876,8566,3657,79,287
Indiana,12/23/20,476538,8658,4662,92,288
Indiana,12/24/20,482734,8731,6196,73,289
Indiana,12/25/20,488180,8811,5446,80,290
Indiana,12/26/20,492021,8904,3841,93,291
Indiana,12/27/20,493841,8996,1820,92,292
Indiana,12/28/20,496306,9097,2465,101,293
Indiana,12/29/20,500282,9216,3976,119,294
Indiana,12/30/20,505017,9314,4735,98,295
Indiana,12/31/20,511485,9390,6468,76,296
Indiana,1/1/21,517773,9468,6288,78,297
Indiana,1/2/21,523090,9562,5317,94,298
Indiana,1/3/21,526071,9625,2981,63,299
Indiana,1/4/21,529688,9735,3617,110,300
Indiana,1/5/21,533083,9800,3395,65,301
Indiana,1/6/21,539229,9883,6146,83,302
Indiana,1/7/21,546499,9958,7270,75,303
Indiana,1/8/21,552594,10021,6095,63,304
Indiana,1/9/21,558560,10089,5966,68,305
Indiana,1/10/21,563653,10147,5093,58,306
Indiana,1/11/21,567338,10217,3685,70,307
Indiana,1/12/21,570477,10271,3139,54,308
Indiana,1/13/21,574119,10334,3642,63,309
Indiana,1/14/21,578494,10400,4375,66,310
Indiana,1/15/21,583160,10465,4666,65,311
Indiana,1/16/21,587049,10534,3889,69,312
Indiana,1/17/21,590211,10602,3162,68,313
Indiana,1/18/21,592709,10670,2498,68,314
Indiana,1/19/21,595436,10720,2727,50,315
Indiana,1/20/21,598313,10786,2877,66,316
Indiana,1/21/21,601937,10837,3624,51,317
Indiana,1/22/21,605426,10903,3489,66,318
Indiana,1/23/21,608519,10950,3093,47,319
Indiana,1/24/21,611039,10996,2520,46,320
Indiana,1/25/21,613228,11037,2189,41,321
Indiana,1/26/21,614946,11087,1718,50,322
Indiana,1/27/21,617176,11137,2230,50,323
Indiana,1/28/21,619995,11180,2819,43,324
Indiana,1/29/21,622625,11220,2630,40,325
Indiana,1/30/21,624959,11262,2334,42,326
Indiana,1/31/21,626682,11296,1723,34,327
Indiana,2/1/21,628391,11331,1709,35,328
Indiana,2/2/21,629903,11371,1512,40,329
Indiana,2/3/21,631331,11408,1428,37,330
Indiana,2/4/21,633667,11597,2336,189,331
Indiana,2/5/21,635171,11686,1504,89,332
Indiana,2/6/21,637987,11752,2816,66,333
Indiana,2/7/21,639711,11817,1724,65,334
Indiana,2/8/21,640744,11875,1033,58,335
Indiana,2/9/21,641874,11942,1130,67,336
Indiana,2/10/21,643305,12001,1431,59,337
Indiana,2/11/21,645006,12027,1701,26,338
Indiana,2/12/21,646425,12117,1419,90,339
Indiana,2/13/21,647657,12149,1232,32,340
Indiana,2/14/21,648875,12173,1218,24,341
