state,date,confirmed,deaths,new_confirmed,new_deaths,tagged_day
California,2/21/20,10,0,2,0,1
California,2/22/20,10,0,0,0,2
California,2/23/20,10,0,0,0,3
California,2/24/20,10,0,0,0,4
California,2/25/20,10,0,0,0,5
California,2/26/20,10,0,0,0,6
California,2/27/20,11,0,1,0,7
California,2/28/20,11,0,0,0,8
California,2/29/20,12,0,1,0,9
California,3/1/20,12,0,0,0,10
California,3/2/20,21,0,9,0,11
California,3/3/20,25,0,4,0,12
California,3/4/20,35,1,10,1,13
California,3/5/20,51,1,16,0,14
California,3/6/20,59,1,8,0,15
California,3/7/20,81,1,22,0,16
California,3/8/20,95,1,14,0,17
California,3/9/20,101,1,6,0,18
California,3/10/20,144,2,43,1,19
California,3/11/20,178,4,34,2,20
California,3/12/20,221,4,43,0,21
California,3/13/20,281,4,60,0,22
California,3/14/20,372,3,91,-1,23
California,3/15/20,373,5,1,2,24
California,3/16/20,557,7,184,2,25
California,3/17/20,700,12,143,5,26
California,3/18/20,828,16,128,4,27
California,3/19/20,1005,18,177,2,28
California,3/20/20,1243,24,238,6,29
California,3/21/20,1405,25,162,1,30
California,3/22/20,1646,30,241,5,31
California,3/23/20,2108,39,462,9,32
California,3/24/20,2538,50,430,11,33
California,3/25/20,2998,65,460,15,34
California,3/26/20,3899,81,901,16,35
California,3/27/20,4657,94,758,13,36
California,3/28/20,5095,110,438,16,37
California,3/29/20,5852,124,757,14,38
California,3/30/20,7138,146,1286,22,39
California,3/31/20,8210,173,1072,27,40
California,4/1/20,9399,199,1189,26,41
California,4/2/20,10773,238,1374,39,42
California,4/3/20,12004,265,1231,27,43
California,4/4/20,12837,289,833,24,44
California,4/5/20,15034,348,2197,59,45
California,4/6/20,16019,380,985,32,46
California,4/7/20,17351,432,1332,52,47
California,4/8/20,18897,495,1546,63,48
California,4/9/20,19710,544,813,49,49
California,4/10/20,21081,583,1371,39,50
California,4/11/20,21706,604,625,21,51
California,4/12/20,22795,640,1089,36,52
California,4/13/20,23931,714,1136,74,53
California,4/14/20,25356,767,1425,53,54
California,4/15/20,26686,860,1330,93,55
California,4/16/20,27677,956,991,96,56
California,4/17/20,29157,1037,1480,81,57
California,4/18/20,30491,1140,1334,103,58
California,4/19/20,31431,1177,940,37,59
California,4/20/20,33686,1225,2255,48,60
California,4/21/20,35465,1282,1779,57,61
California,4/22/20,37344,1421,1879,139,62
California,4/23/20,39561,1533,2217,112,63
California,4/24/20,41355,1621,1794,88,64
California,4/25/20,42368,1689,1013,68,65
California,4/26/20,43558,1725,1190,36,66
California,4/27/20,44966,1779,1408,54,67
California,4/28/20,46164,1864,1198,85,68
California,4/29/20,48747,1946,2583,82,69
California,4/30/20,50130,2031,1383,85,70
California,5/1/20,52026,2126,1896,95,71
California,5/2/20,53347,2180,1321,54,72
California,5/3/20,54903,2216,1556,36,73
California,5/4/20,55884,2278,981,62,74
California,5/5/20,58456,2381,2572,103,75
California,5/6/20,60616,2464,2160,83,76
California,5/7/20,62148,2535,1532,71,77
California,5/8/20,63779,2613,1631,78,78
California,5/9/20,66558,2687,2779,74,79
California,5/10/20,67600,2716,1042,29,80
California,5/11/20,69329,2779,1729,63,81
California,5/12/20,70978,2879,1649,100,82
California,5/13/20,72798,2957,1820,78,83
California,5/14/20,74871,3052,2073,95,84
California,5/15/20,76693,3136,1822,84,85
California,5/16/20,78725,3208,2032,72,86
California,5/17/20,80166,3240,1441,32,87
California,5/18/20,81457,3279,1291,39,88
California,5/19/20,83752,3403,2295,124,89
California,5/20/20,85997,3497,2245,94,90
California,5/21/20,88031,3583,2034,86,91
California,5/22/20,90252,3665,2221,82,92
California,5/23/20,92539,3737,2287,72,93
California,5/24/20,94020,3753,1481,16,94
California,5/25/20,96400,3768,2380,15,95
California,5/26/20,99387,3818,2987,50,96
California,5/27/20,101050,3894,1663,76,97
California,5/28/20,103813,3993,2763,99,98
California,5/29/20,106622,4077,2809,84,99
California,5/30/20,109895,4144,3273,67,100
California,5/31/20,111951,4172,2056,28,101
California,6/1/20,114733,4217,2782,45,102
California,6/2/20,117215,4305,2482,88,103
California,6/3/20,119348,4374,2133,69,104
California,6/4/20,122168,4444,2820,70,105
California,6/5/20,125738,4529,3570,85,106
California,6/6/20,128593,4607,2855,78,107
California,6/7/20,130615,4632,2022,25,108
California,6/8/20,133816,4657,3201,25,109
California,6/9/20,136641,4745,2825,88,110
California,6/10/20,139715,4854,3074,109,111
California,6/11/20,143377,4934,3662,80,112
California,6/12/20,146659,4978,3282,44,113
California,6/13/20,150018,5076,3359,98,114
California,6/14/20,152300,5099,2282,23,115
California,6/15/20,155726,5114,3426,15,116
California,6/16/20,158961,5200,3235,86,117
California,6/17/20,162798,5271,3837,71,118
California,6/18/20,167086,5355,4288,84,119
California,6/19/20,170862,5426,3776,71,120
California,6/20/20,175213,5494,4351,68,121
California,6/21/20,178546,5515,3333,21,122
California,6/22/20,184765,5566,6219,51,123
