state,date,confirmed,deaths,new_confirmed,new_deaths,tagged_day
Florida,3/8/20,10,2,3,2,1
Florida,3/9/20,13,2,3,0,2
Florida,3/10/20,15,2,2,0,3
Florida,3/11/20,24,2,9,0,4
Florida,3/12/20,30,2,6,0,5
Florida,3/13/20,50,2,20,0,6
Florida,3/14/20,76,2,26,0,7
Florida,3/15/20,100,3,24,1,8
Florida,3/16/20,101,3,1,0,9
Florida,3/17/20,190,5,89,2,10
Florida,3/18/20,306,7,116,2,11
Florida,3/19/20,432,9,126,2,12
Florida,3/20/20,564,11,132,2,13
Florida,3/21/20,763,13,199,2,14
Florida,3/22/20,1004,13,241,0,15
Florida,3/23/20,1227,18,223,5,16
Florida,3/24/20,1412,18,185,0,17
Florida,3/25/20,1682,23,270,5,18
Florida,3/26/20,2357,29,675,6,19
Florida,3/27/20,2900,35,543,6,20
Florida,3/28/20,3763,54,863,19,21
Florida,3/29/20,4246,56,483,2,22
Florida,3/30/20,5473,63,1227,7,23
Florida,3/31/20,6741,85,1268,22,24
Florida,4/1/20,6956,87,215,2,25
Florida,4/2/20,9008,164,2052,77,26
Florida,4/3/20,10268,170,1260,6,27
Florida,4/4/20,11537,195,1269,25,28
Florida,4/5/20,12350,221,813,26,29
Florida,4/6/20,13324,236,974,15,30
Florida,4/7/20,14545,283,1221,47,31
Florida,4/8/20,15456,309,911,26,32
Florida,4/9/20,16364,354,908,45,33
Florida,4/10/20,17531,390,1167,36,34
Florida,4/11/20,18494,438,963,48,35
Florida,4/12/20,19895,461,1401,23,36
Florida,4/13/20,21019,499,1124,38,37
Florida,4/14/20,21628,571,609,72,38
Florida,4/15/20,22511,596,883,25,39
Florida,4/16/20,23343,668,832,72,40
Florida,4/17/20,24759,725,1416,57,41
Florida,4/18/20,25492,748,733,23,42
Florida,4/19/20,26314,774,822,26,43
Florida,4/20/20,27059,822,745,48,44
Florida,4/21/20,27869,867,810,45,45
Florida,4/22/20,28309,893,440,26,46
Florida,4/23/20,29648,987,1339,94,47
Florida,4/24/20,30533,1046,885,59,48
Florida,4/25/20,30839,1055,306,9,49
Florida,4/26/20,31532,1075,693,20,50
Florida,4/27/20,32138,1088,606,13,51
Florida,4/28/20,32848,1171,710,83,52
Florida,4/29/20,33193,1218,345,47,53
Florida,4/30/20,33690,1268,497,50,54
Florida,5/1/20,34728,1314,1038,46,55
Florida,5/2/20,35463,1364,735,50,56
Florida,5/3/20,36078,1379,615,15,57
Florida,5/4/20,36897,1399,819,20,58
Florida,5/5/20,37439,1471,542,72,59
Florida,5/6/20,38002,1539,563,68,60
Florida,5/7/20,38828,1600,826,61,61
Florida,5/8/20,39199,1669,371,69,62
Florida,5/9/20,40001,1715,802,46,63
Florida,5/10/20,40596,1721,595,6,64
Florida,5/11/20,40982,1735,386,14,65
Florida,5/12/20,41923,1779,941,44,66
Florida,5/13/20,42402,1827,479,48,67
Florida,5/14/20,43210,1875,808,48,68
Florida,5/15/20,44138,1917,928,42,69
Florida,5/16/20,44811,1964,673,47,70
Florida,5/17/20,45588,1973,777,9,71
Florida,5/18/20,46442,1997,854,24,72
Florida,5/19/20,46944,2052,502,55,73
Florida,5/20/20,47471,2096,527,44,74
Florida,5/21/20,48675,2144,1204,48,75
Florida,5/22/20,49451,2190,776,46,76
Florida,5/23/20,50127,2233,676,43,77
Florida,5/24/20,50867,2237,740,4,78
Florida,5/25/20,51746,2252,879,15,79
Florida,5/26/20,52255,2259,509,7,80
Florida,5/27/20,52634,2319,379,60,81
Florida,5/28/20,53285,2364,651,45,82
Florida,5/29/20,54497,2413,1212,49,83
Florida,5/30/20,55424,2447,927,34,84
Florida,5/31/20,56163,2451,739,4,85
Florida,6/1/20,56830,2460,667,9,86
Florida,6/2/20,57447,2530,617,70,87
Florida,6/3/20,58764,2566,1317,36,88
Florida,6/4/20,60183,2607,1419,41,89
Florida,6/5/20,61488,2660,1305,53,90
Florida,6/6/20,62758,2688,1270,28,91
Florida,6/7/20,63938,2700,1180,12,92
Florida,6/8/20,64904,2712,966,12,93
Florida,6/9/20,66000,2765,1096,53,94
Florida,6/10/20,67371,2801,1371,36,95
Florida,6/11/20,69069,2848,1698,47,96
Florida,6/12/20,70971,2877,1902,29,97
Florida,6/13/20,73552,2925,2581,48,98
Florida,6/14/20,75568,2931,2016,6,99
Florida,6/15/20,77326,2938,1758,7,100
Florida,6/16/20,80109,2993,2783,55,101
Florida,6/17/20,82719,3018,2610,25,102
Florida,6/18/20,85926,3061,3207,43,103
Florida,6/19/20,89748,3104,3822,43,104
Florida,6/20/20,93797,3144,4049,40,105
Florida,6/21/20,97291,3161,3494,17,106
Florida,6/22/20,100217,3173,2926,12,107
Florida,6/23/20,103503,3238,3286,65,108
Florida,6/24/20,109014,3281,5511,43,109
Florida,6/25/20,114018,3327,5004,46,110
Florida,6/26/20,122960,3366,8942,39,111
Florida,6/27/20,132545,3390,9585,24,112
Florida,6/28/20,141075,3419,8530,29,113
Florida,6/29/20,146341,3447,5266,28,114
Florida,6/30/20,152434,3505,6093,58,115
Florida,7/1/20,158997,3550,6563,45,116
Florida,7/2/20,169106,3617,10109,67,117
Florida,7/3/20,178594,3684,9488,67,118
Florida,7/4/20,190052,3702,11458,18,119
Florida,7/5/20,200111,3731,10059,29,120
Florida,7/6/20,206447,3778,6336,47,121
Florida,7/7/20,213794,3841,7347,63,122
Florida,7/8/20,223783,3889,9989,48,123
Florida,7/9/20,232718,4009,8935,120,124
Florida,7/10/20,244151,4102,11433,93,125
Florida,7/11/20,254511,4197,10360,95,126
Florida,7/12/20,269811,4242,15300,45,127
Florida,7/13/20,282435,4277,12624,35,128
Florida,7/14/20,291629,4409,9194,132,129
Florida,7/15/20,301810,4521,10181,112,130
Florida,7/16/20,315775,4677,13965,156,131
Florida,7/17/20,327241,4805,11466,128,132
Florida,7/18/20,337569,4895,10328,90,133
Florida,7/19/20,350047,4982,12478,87,134
Florida,7/20/20,360394,5072,10347,90,135
Florida,7/21/20,369834,5206,9440,134,136
Florida,7/22/20,379619,5345,9785,139,137
Florida,7/23/20,389868,5518,10249,173,138
Florida,7/24/20,402312,5653,12444,135,139
Florida,7/25/20,414511,5777,12199,124,140
Florida,7/26/20,423855,5854,9344,77,141
Florida,7/27/20,432747,5931,8892,77,142
Florida,7/28/20,441977,6117,9230,186,143
Florida,7/29/20,451423,6333,9446,216,144
Florida,7/30/20,461379,6586,9956,253,145
Florida,7/31/20,470386,6843,9007,257,146
Florida,8/1/20,480028,7022,9642,179,147
Florida,8/2/20,487132,7084,7104,62,148
Florida,8/3/20,491884,7157,4752,73,149
Florida,8/4/20,497330,7402,5446,245,150
Florida,8/5/20,502739,7627,5409,225,151
Florida,8/6/20,510389,7747,7650,120,152
Florida,8/7/20,518075,7927,7686,180,153
Florida,8/8/20,526577,8109,8502,182,154
Florida,8/9/20,532806,8186,6229,77,155
Florida,8/10/20,536961,8277,4155,91,156
Florida,8/11/20,542792,8553,5831,276,157
Florida,8/12/20,550901,8765,8109,212,158
Florida,8/13/20,557137,8913,6236,148,159
Florida,8/14/20,563285,9141,6148,228,160
Florida,8/15/20,569637,9345,6352,204,161
Florida,8/16/20,573416,9452,3779,107,162
Florida,8/17/20,576094,9539,2678,87,163
Florida,8/18/20,579932,9758,3838,219,164
Florida,8/19/20,584047,9932,4115,174,165
Florida,8/20/20,588602,10049,4555,117,166
