state,date,confirmed,deaths,new_confirmed,new_deaths,tagged_day
Colorado,3/9/20,12,0,4,0,1
Colorado,3/10/20,17,0,5,0,2
Colorado,3/11/20,34,0,17,0,3
Colorado,3/12/20,49,1,15,1,4
Colorado,3/13/20,78,2,29,1,5
Colorado,3/14/20,103,2,25,0,6
Colorado,3/15/20,136,2,33,0,7
Colorado,3/16/20,161,2,25,0,8
Colorado,3/17/20,183,3,22,1,9
Colorado,3/18/20,216,3,33,0,10
Colorado,3/19/20,278,5,62,2,11
Colorado,3/20/20,364,5,86,0,12
Colorado,3/21/20,475,6,111,1,13
Colorado,3/22/20,595,7,120,1,14
Colorado,3/23/20,723,7,128,0,15
Colorado,3/24/20,912,11,189,4,16
Colorado,3/25/20,1087,20,175,9,17
Colorado,3/26/20,1430,19,343,-1,18
Colorado,3/27/20,1738,31,308,12,19
Colorado,3/28/20,2061,44,323,13,20
Colorado,3/29/20,2308,47,247,3,21
Colorado,3/30/20,2627,51,319,4,22
Colorado,3/31/20,2966,69,339,18,23
Colorado,4/1/20,3342,79,376,10,24
Colorado,4/2/20,3728,97,386,18,25
Colorado,4/3/20,4173,111,445,14,26
Colorado,4/4/20,4565,126,392,15,27
Colorado,4/5/20,4950,140,385,14,28
Colorado,4/6/20,5183,150,233,10,29
Colorado,4/7/20,5429,179,246,29,30
Colorado,4/8/20,5655,193,226,14,31
Colorado,4/9/20,6202,226,547,33,32
Colorado,4/10/20,6513,250,311,24,33
Colorado,4/11/20,6893,274,380,24,34
Colorado,4/12/20,7307,289,414,15,35
Colorado,4/13/20,7696,306,389,17,36
Colorado,4/14/20,7950,327,254,21,37
Colorado,4/15/20,8280,354,330,27,38
Colorado,4/16/20,8675,372,395,18,39
Colorado,4/17/20,9047,389,372,17,40
Colorado,4/18/20,9440,411,393,22,41
Colorado,4/19/20,9730,420,290,9,42
Colorado,4/20/20,10112,447,382,27,43
Colorado,4/21/20,10473,483,361,36,44
Colorado,4/22/20,10891,506,418,23,45
Colorado,4/23/20,11278,552,387,46,46
Colorado,4/24/20,12256,674,978,122,47
Colorado,4/25/20,12968,684,712,10,48
Colorado,4/26/20,13441,688,473,4,49
Colorado,4/27/20,13879,706,438,18,50
Colorado,4/28/20,14316,736,437,30,51
Colorado,4/29/20,14758,766,442,30,52
Colorado,4/30/20,15284,777,526,11,53
Colorado,5/1/20,15793,821,509,44,54
Colorado,5/2/20,16225,832,432,11,55
Colorado,5/3/20,16635,842,410,10,56
Colorado,5/4/20,16918,851,283,9,57
Colorado,5/5/20,17367,903,449,52,58
Colorado,5/6/20,17832,919,465,16,59
Colorado,5/7/20,18370,944,538,25,60
Colorado,5/8/20,18827,960,457,16,61
Colorado,5/9/20,19375,967,548,7,62
Colorado,5/10/20,19703,971,328,4,63
Colorado,5/11/20,19879,987,176,16,64
Colorado,5/12/20,20157,1010,278,23,65
Colorado,5/13/20,20475,1062,318,52,66
Colorado,5/14/20,20838,1086,363,24,67
Colorado,5/15/20,21232,1150,394,64,68
Colorado,5/16/20,21633,1192,401,42,69
Colorado,5/17/20,21938,1215,305,23,70
Colorado,5/18/20,22202,1224,264,9,71
Colorado,5/19/20,22482,1257,280,33,72
Colorado,5/20/20,22797,1299,315,42,73
Colorado,5/21/20,23191,1310,394,11,74
Colorado,5/22/20,23487,1324,296,14,75
Colorado,5/23/20,23964,1327,477,3,76
Colorado,5/24/20,24174,1332,210,5,77
Colorado,5/25/20,24269,1333,95,1,78
Colorado,5/26/20,24565,1352,296,19,79
Colorado,5/27/20,24767,1392,202,40,80
Colorado,5/28/20,25121,1421,354,29,81
Colorado,5/29/20,25612,1436,491,15,82
Colorado,5/30/20,26098,1443,486,7,83
Colorado,5/31/20,26378,1445,280,2,84
Colorado,6/1/20,26577,1458,199,13,85
Colorado,6/2/20,26788,1474,211,16,86
Colorado,6/3/20,27060,1494,272,20,87
Colorado,6/4/20,27360,1512,300,18,88
Colorado,6/5/20,27615,1524,255,12,89
Colorado,6/6/20,27848,1527,233,3,90
Colorado,6/7/20,28001,1527,153,0,91
Colorado,6/8/20,28183,1543,182,16,92
Colorado,6/9/20,28347,1553,164,10,93
Colorado,6/10/20,28499,1572,152,19,94
Colorado,6/11/20,28647,1582,148,10,95
Colorado,6/12/20,28822,1582,175,0,96
Colorado,6/13/20,29017,1597,195,15,97
Colorado,6/14/20,29130,1598,113,1,98
Colorado,6/15/20,29299,1605,169,7,99
Colorado,6/16/20,29442,1617,143,12,100
Colorado,6/17/20,29671,1631,229,14,101
Colorado,6/18/20,29901,1638,230,7,102
Colorado,6/19/20,30187,1643,286,5,103
Colorado,6/20/20,30348,1647,161,4,104
Colorado,6/21/20,30539,1647,191,0,105
Colorado,6/22/20,30705,1651,166,4,106
Colorado,6/23/20,30893,1665,188,14,107
Colorado,6/24/20,31155,1667,262,2,108
Colorado,6/25/20,31479,1669,324,2,109
Colorado,6/26/20,31796,1673,317,4,110
Colorado,6/27/20,32022,1674,226,1,111
Colorado,6/28/20,32307,1676,285,2,112
Colorado,6/29/20,32511,1681,204,5,113
Colorado,6/30/20,32715,1690,204,9,114
Colorado,7/1/20,33029,1697,314,7,115
Colorado,7/2/20,33352,1701,323,4,116
Colorado,7/3/20,33612,1701,260,0,117
Colorado,7/4/20,33866,1701,254,0,118
Colorado,7/5/20,34065,1701,199,0,119
Colorado,7/6/20,34257,1691,192,-10,120
Colorado,7/7/20,34664,1696,407,5,121
Colorado,7/8/20,35116,1704,452,8,122
Colorado,7/9/20,35525,1706,409,2,123
Colorado,7/10/20,36191,1724,666,18,124
Colorado,7/11/20,36591,1725,400,1,125
Colorado,7/12/20,36913,1725,322,0,126
Colorado,7/13/20,37236,1727,323,2,127
Colorado,7/14/20,37686,1738,450,11,128
Colorado,7/15/20,38155,1744,469,6,129
Colorado,7/16/20,38726,1745,571,1,130
Colorado,7/17/20,39344,1751,618,6,131
Colorado,7/18/20,39788,1752,444,1,132
Colorado,7/19/20,40142,1752,354,0,133
Colorado,7/20/20,40566,1758,424,6,134
Colorado,7/21/20,41059,1763,493,5,135
Colorado,7/22/20,41698,1771,639,8,136
Colorado,7/23/20,42313,1786,615,15,137
Colorado,7/24/20,42980,1790,667,4,138
Colorado,7/25/20,43789,1794,809,4,139
Colorado,7/26/20,44336,1794,547,0,140
Colorado,7/27/20,44565,1799,229,5,141
Colorado,7/28/20,45314,1807,749,8,142
Colorado,7/29/20,45796,1822,482,15,143
Colorado,7/30/20,46204,1822,408,0,144
Colorado,7/31/20,46809,1838,605,16,145
Colorado,8/1/20,47267,1844,458,6,146
Colorado,8/2/20,47727,1844,460,0,147
Colorado,8/3/20,47968,1844,241,0,148
Colorado,8/4/20,48394,1849,426,5,149
Colorado,8/5/20,48988,1851,594,2,150
Colorado,8/6/20,49436,1852,448,1,151
Colorado,8/7/20,49893,1857,457,5,152
Colorado,8/8/20,50324,1857,431,0,153
Colorado,8/9/20,50660,1858,336,1,154
Colorado,8/10/20,51038,1862,378,4,155
Colorado,8/11/20,51441,1874,403,12,156
Colorado,8/12/20,51756,1875,315,1,157
Colorado,8/13/20,52219,1882,463,7,158
Colorado,8/14/20,52538,1888,319,6,159
Colorado,8/15/20,52838,1896,300,8,160
Colorado,8/16/20,53176,1896,338,0,161
Colorado,8/17/20,53370,1896,194,0,162
Colorado,8/18/20,53631,1899,261,3,163
Colorado,8/19/20,53901,1900,270,1,164
Colorado,8/20/20,54230,1903,329,3,165
Colorado,8/21/20,54230,1910,0,7,166
Colorado,8/22/20,54883,1918,653,8,167
Colorado,8/23/20,55143,1918,260,0,168
Colorado,8/24/20,55341,1919,198,1,169
Colorado,8/25/20,55800,1926,459,7,170
Colorado,8/26/20,55993,1927,193,1,171
Colorado,8/27/20,56343,1931,350,4,172
Colorado,8/28/20,56773,1937,430,6,173
Colorado,8/29/20,57040,1942,267,5,174
Colorado,8/30/20,57223,1942,183,0,175
Colorado,8/31/20,57424,1945,201,3,176
Colorado,9/1/20,57775,1946,351,1,177
Colorado,9/2/20,58019,1952,244,6,178
Colorado,9/3/20,58287,1955,268,3,179
Colorado,9/4/20,58287,1955,0,0,180
Colorado,9/5/20,58986,1971,699,16,181
Colorado,9/6/20,59271,1972,285,1,182
Colorado,9/7/20,59484,1973,213,1,183
Colorado,9/8/20,59671,1973,187,0,184
Colorado,9/9/20,59911,1977,240,4,185
Colorado,9/10/20,60175,1979,264,2,186
Colorado,9/11/20,60482,1985,307,6,187
Colorado,9/12/20,60896,1988,414,3,188
Colorado,9/13/20,61313,1988,417,0,189
Colorado,9/14/20,61687,1990,374,2,190
Colorado,9/15/20,62099,1996,412,6,191
Colorado,9/16/20,62686,2002,587,6,192
Colorado,9/17/20,63145,2006,459,4,193
Colorado,9/18/20,63750,2009,605,3,194
Colorado,9/19/20,64356,2013,606,4,195
Colorado,9/20/20,64857,2014,501,1,196
Colorado,9/21/20,65399,2018,542,4,197
Colorado,9/22/20,66053,2025,654,7,198
Colorado,9/23/20,66669,2030,616,5,199
Colorado,9/24/20,67217,2033,548,3,200
Colorado,9/25/20,67926,2034,709,1,201
Colorado,9/26/20,68510,2040,584,6,202
Colorado,9/27/20,69079,2041,569,1,203
Colorado,9/28/20,69490,2044,411,3,204
Colorado,9/29/20,70025,2046,535,2,205
Colorado,9/30/20,70536,2051,511,5,206
Colorado,10/1/20,71218,2054,682,3,207
Colorado,10/2/20,71898,2057,680,3,208
Colorado,10/3/20,72555,2060,657,3,209
Colorado,10/4/20,73076,2068,521,8,210
Colorado,10/5/20,73537,2069,461,1,211
Colorado,10/6/20,74191,2081,654,12,212
Colorado,10/7/20,74922,2085,731,4,213
Colorado,10/8/20,75785,2095,863,10,214
Colorado,10/9/20,76619,2103,834,8,215
Colorado,10/10/20,77642,2112,1023,9,216
Colorado,10/11/20,78461,2113,819,1,217
Colorado,10/12/20,79037,2116,576,3,218
Colorado,10/13/20,80085,2153,1048,37,219
Colorado,10/14/20,80777,2160,692,7,220
Colorado,10/15/20,81918,2162,1141,2,221
Colorado,10/16/20,83230,2172,1312,10,222
Colorado,10/17/20,84369,2176,1139,4,223
Colorado,10/18/20,85302,2176,933,0,224
Colorado,10/19/20,86374,2180,1072,4,225
Colorado,10/20/20,87582,2182,1208,2,226
Colorado,10/21/20,88849,2194,1267,12,227
Colorado,10/22/20,90222,2198,1373,4,228
Colorado,10/23/20,91572,2211,1350,13,229
Colorado,10/24/20,93400,2218,1828,7,230
Colorado,10/25/20,95089,2223,1689,5,231
Colorado,10/26/20,97300,2226,2211,3,232
Colorado,10/27/20,98733,2236,1433,10,233
Colorado,10/28/20,100208,2249,1475,13,234
Colorado,10/29/20,102014,2268,1806,19,235
Colorado,10/30/20,104426,2278,2412,10,236
Colorado,10/31/20,107350,2285,2924,7,237
Colorado,11/1/20,109910,2288,2560,3,238
Colorado,11/2/20,112147,2292,2237,4,239
Colorado,11/3/20,114709,2311,2562,19,240
Colorado,11/4/20,117637,2333,2928,22,241
Colorado,11/5/20,121006,2353,3369,20,242
Colorado,11/6/20,124469,2376,3463,23,243
Colorado,11/7/20,127967,2389,3498,13,244
Colorado,11/8/20,130984,2394,3017,5,245
Colorado,11/9/20,134537,2408,3553,14,246
Colorado,11/10/20,138427,2427,3890,19,247
Colorado,11/11/20,142402,2443,3975,16,248
Colorado,11/12/20,147599,2468,5197,25,249
Colorado,11/13/20,154038,2504,6439,36,250
Colorado,11/14/20,159234,2525,5196,21,251
Colorado,11/15/20,163417,2546,4183,21,252
Colorado,11/16/20,167713,2578,4296,32,253
Colorado,11/17/20,172044,2608,4331,30,254
Colorado,11/18/20,176694,2651,4650,43,255
Colorado,11/19/20,182801,2730,6107,79,256
Colorado,11/20/20,188566,2745,5765,15,257
Colorado,11/21/20,194679,2787,6113,42,258
Colorado,11/22/20,198600,2806,3921,19,259
Colorado,11/23/20,202289,2810,3689,4,260
Colorado,11/24/20,206439,2860,4150,50,261
Colorado,11/25/20,210630,2906,4191,46,262
Colorado,11/26/20,216683,2957,6053,51,263
Colorado,11/27/20,220953,2977,4270,20,264
Colorado,11/28/20,225283,2983,4330,6,265
Colorado,11/29/20,228772,3003,3489,20,266
Colorado,11/30/20,232905,3037,4133,34,267
Colorado,12/1/20,237310,3109,4405,72,268
Colorado,12/2/20,241172,3193,3862,84,269
Colorado,12/3/20,247209,3320,6037,127,270
Colorado,12/4/20,252222,3338,5013,18,271
Colorado,12/5/20,257347,3357,5125,19,272
Colorado,12/6/20,260581,3356,3234,-1,273
Colorado,12/7/20,264618,3358,4037,2,274
Colorado,12/8/20,268589,3372,3971,14,275
Colorado,12/9/20,272346,3639,3757,267,276
Colorado,12/10/20,276995,3759,4649,120,277
Colorado,12/11/20,281673,3846,4678,87,278
Colorado,12/12/20,285634,3871,3961,25,279
Colorado,12/13/20,288193,3958,2559,87,280
Colorado,12/14/20,291104,3969,2911,11,281
Colorado,12/15/20,293382,4085,2278,116,282
Colorado,12/16/20,296716,4156,3334,71,283
Colorado,12/17/20,300414,4226,3698,70,284
Colorado,12/18/20,304107,4259,3693,33,285
Colorado,12/19/20,306598,4339,2491,80,286
Colorado,12/20/20,308890,4368,2292,29,287
Colorado,12/21/20,311036,4378,2146,10,288
Colorado,12/22/20,313552,4369,2516,-9,289
Colorado,12/23/20,316500,4462,2948,93,290
Colorado,12/24/20,319530,4550,3030,88,291
Colorado,12/25/20,322189,4586,2659,36,292
Colorado,12/26/20,323619,4592,1430,6,293
Colorado,12/27/20,325018,4610,1399,18,294
Colorado,12/28/20,326668,4631,1650,21,295
Colorado,12/29/20,328408,4687,1740,56,296
Colorado,12/30/20,330859,4750,2451,63,297
Colorado,12/31/20,334097,4814,3238,64,298
Colorado,1/1/21,337161,4873,3064,59,299
Colorado,1/2/21,339172,4912,2011,39,300
Colorado,1/3/21,341250,4934,2078,22,301
Colorado,1/4/21,343435,4944,2185,10,302
Colorado,1/5/21,346893,4991,3458,47,303
Colorado,1/6/21,349450,5050,2557,59,304
Colorado,1/7/21,352923,5102,3473,52,305
Colorado,1/8/21,356110,5138,3187,36,306
Colorado,1/9/21,358947,5190,2837,52,307
Colorado,1/10/21,361148,5208,2201,18,308
Colorado,1/11/21,362825,5213,1677,5,309
Colorado,1/12/21,364336,5242,1511,29,310
Colorado,1/13/21,366774,5285,2438,43,311
Colorado,1/14/21,369177,5316,2403,31,312
Colorado,1/15/21,371458,5343,2281,27,313
Colorado,1/16/21,373483,5363,2025,20,314
Colorado,1/17/21,374981,5379,1498,16,315
Colorado,1/18/21,376171,5386,1190,7,316
Colorado,1/19/21,377856,5388,1685,2,317
Colorado,1/20/21,379227,5422,1371,34,318
Colorado,1/21/21,381210,5440,1983,18,319
Colorado,1/22/21,383008,5462,1798,22,320
Colorado,1/23/21,384966,5482,1958,20,321
Colorado,1/24/21,386285,5505,1319,23,322
Colorado,1/25/21,387500,5512,1215,7,323
Colorado,1/26/21,388620,5517,1120,5,324
Colorado,1/27/21,390296,5552,1676,35,325
Colorado,1/28/21,391737,5569,1441,17,326
Colorado,1/29/21,393459,5594,1722,25,327
Colorado,1/30/21,395019,5620,1560,26,328
Colorado,1/31/21,396185,5640,1166,20,329
Colorado,2/1/21,397101,5641,916,1,330
Colorado,2/2/21,398037,5650,936,9,331
Colorado,2/3/21,399267,5664,1230,14,332
Colorado,2/4/21,400851,5682,1584,18,333
Colorado,2/5/21,402754,5705,1903,23,334
Colorado,2/6/21,404256,5722,1502,17,335
Colorado,2/7/21,405330,5731,1074,9,336
Colorado,2/8/21,406276,5733,946,2,337
Colorado,2/9/21,407210,5746,934,13,338
Colorado,2/10/21,407961,5770,751,24,339
Colorado,2/11/21,409683,5781,1722,11,340
Colorado,2/12/21,411774,5790,2091,9,341
Colorado,2/13/21,412983,5814,1209,24,342
Colorado,2/14/21,413836,5824,853,10,343
Colorado,2/15/21,414369,5826,533,2,344
Colorado,2/16/21,415037,5828,668,2,345
Colorado,2/17/21,416174,5838,1137,10,346
Colorado,2/18/21,417415,5864,1241,26,347
Colorado,2/19/21,418695,5878,1280,14,348
Colorado,2/20/21,419812,5887,1117,9,349
Colorado,2/21/21,420614,5892,802,5,350
Colorado,2/22/21,421294,5893,680,1,351
Colorado,2/23/21,422390,5907,1096,14,352
Colorado,2/24/21,423558,5917,1168,10,353
Colorado,2/25/21,424677,5925,1119,8,354
Colorado,2/26/21,426198,5940,1521,15,355
Colorado,2/27/21,427462,5945,1264,5,356
Colorado,2/28/21,428303,5951,841,6,357
Colorado,3/1/21,429839,5952,1536,1,358
Colorado,3/2/21,430615,5959,776,7,359
Colorado,3/3/21,431670,5970,1055,11,360
Colorado,3/4/21,433021,5974,1351,4,361
Colorado,3/5/21,434654,5986,1633,12,362
Colorado,3/6/21,435762,5986,1108,0,363
Colorado,3/7/21,436612,5990,850,4,364
Colorado,3/8/21,437187,5990,575,0,365
Colorado,3/9/21,438025,5997,838,7,366
Colorado,3/10/21,439265,6003,1240,6,367
Colorado,3/11/21,440220,6021,955,18,368
Colorado,3/12/21,441511,6024,1291,3,369
Colorado,3/13/21,442753,6036,1242,12,370
Colorado,3/14/21,443968,6038,1215,2,371
Colorado,3/15/21,444390,6040,422,2,372
Colorado,3/16/21,444712,6048,322,8,373
Colorado,3/17/21,445338,6049,626,1,374
Colorado,3/18/21,446580,6060,1242,11,375
Colorado,3/19/21,448362,6065,1782,5,376
Colorado,3/20/21,449828,6068,1466,3,377
Colorado,3/21/21,450630,6073,802,5,378
Colorado,3/22/21,450934,6070,304,-3,379
Colorado,3/23/21,452304,6074,1370,4,380
Colorado,3/24/21,453520,6077,1216,3,381
Colorado,3/25/21,454893,6082,1373,5,382
Colorado,3/26/21,456302,6086,1409,4,383
Colorado,3/27/21,457597,6089,1295,3,384
Colorado,3/28/21,458554,6092,957,3,385
Colorado,3/29/21,459361,6092,807,0,386
Colorado,3/30/21,460318,6099,957,7,387
Colorado,3/31/21,462081,6107,1763,8,388
Colorado,4/1/21,463685,6117,1604,10,389
Colorado,4/2/21,465330,6118,1645,1,390
Colorado,4/3/21,466901,6124,1571,6,391
Colorado,4/4/21,468121,6126,1220,2,392
Colorado,4/5/21,468988,6126,867,0,393
Colorado,4/6/21,470254,6132,1266,6,394
Colorado,4/7/21,472168,6140,1914,8,395
Colorado,4/8/21,474053,6143,1885,3,396
Colorado,4/9/21,475989,6151,1936,8,397
Colorado,4/10/21,477443,6155,1454,4,398
Colorado,4/11/21,478678,6157,1235,2,399
Colorado,4/12/21,479590,6157,912,0,400
Colorado,4/13/21,481494,6168,1904,11,401
Colorado,4/14/21,483820,6173,2326,5,402
Colorado,4/15/21,485318,6177,1498,4,403
Colorado,4/16/21,487578,6186,2260,9,404
Colorado,4/17/21,489028,6188,1450,2,405
Colorado,4/18/21,490289,6199,1261,11,406
Colorado,4/19/21,491066,6201,777,2,407
Colorado,4/20/21,493029,6211,1963,10,408
Colorado,4/21/21,494521,6215,1492,4,409
Colorado,4/22/21,496882,6225,2361,10,410
Colorado,4/23/21,498758,6231,1876,6,411
Colorado,4/24/21,500675,6249,1917,18,412
Colorado,4/25/21,502242,6251,1567,2,413
Colorado,4/26/21,503254,6255,1012,4,414
Colorado,4/27/21,505268,6264,2014,9,415
Colorado,4/28/21,506405,6272,1137,8,416
Colorado,4/29/21,509194,6284,2789,12,417
Colorado,4/30/21,510966,6295,1772,11,418
Colorado,5/1/21,512804,6302,1838,7,419
Colorado,5/2/21,513765,6304,961,2,420
Colorado,5/3/21,514721,6306,956,2,421
Colorado,5/4/21,516240,6321,1519,15,422
Colorado,5/5/21,517851,6337,1611,16,423
Colorado,5/6/21,519414,6345,1563,8,424
Colorado,5/7/21,520816,6352,1402,7,425
Colorado,5/8/21,522382,6355,1566,3,426
Colorado,5/9/21,523309,6357,927,2,427
Colorado,5/10/21,524190,6357,881,0,428
Colorado,5/11/21,525474,6371,1284,14,429
Colorado,5/12/21,526687,6402,1213,31,430
Colorado,5/13/21,528533,6423,1846,21,431
Colorado,5/14/21,530098,6432,1565,9,432
Colorado,5/15/21,531070,6442,972,10,433
Colorado,5/16/21,531700,6450,630,8,434
Colorado,5/17/21,532389,6450,689,0,435
Colorado,5/18/21,533119,6456,730,6,436
Colorado,5/19/21,534364,6472,1245,16,437
Colorado,5/20/21,535316,6478,952,6,438
Colorado,5/21/21,536128,6497,812,19,439
Colorado,5/22/21,536969,6503,841,6,440
Colorado,5/23/21,537401,6505,432,2,441
Colorado,5/24/21,537858,6509,457,4,442
Colorado,5/25/21,539261,6520,1403,11,443
Colorado,5/26/21,540092,6531,831,11,444
Colorado,5/27/21,540924,6545,832,14,445
Colorado,5/28/21,541726,6552,802,7,446
Colorado,5/29/21,542405,6576,679,24,447
Colorado,5/30/21,542889,6580,484,4,448
Colorado,5/31/21,543174,6580,285,0,449
Colorado,6/1/21,543581,6579,407,-1,450
Colorado,6/2/21,544157,6590,576,11,451
Colorado,6/3/21,545002,6603,845,13,452
Colorado,6/4/21,545769,6611,767,8,453
Colorado,6/5/21,546500,6613,731,2,454
Colorado,6/6/21,546874,6613,374,0,455
Colorado,6/7/21,547191,6625,317,12,456
Colorado,6/8/21,547791,6639,600,14,457
Colorado,6/9/21,548488,6651,697,12,458
Colorado,6/10/21,549084,6666,596,15,459
Colorado,6/11/21,550014,6677,930,11,460
Colorado,6/12/21,550618,6688,604,11,461
Colorado,6/13/21,551091,6689,473,1,462
