state,date,confirmed,deaths,new_confirmed,new_deaths,tagged_day
Connecticut,3/13/20,11,0,6,0,1
Connecticut,3/14/20,23,0,12,0,2
Connecticut,3/15/20,24,0,1,0,3
Connecticut,3/16/20,41,0,17,0,4
Connecticut,3/17/20,68,0,27,0,5
Connecticut,3/18/20,96,1,28,1,6
Connecticut,3/19/20,159,3,63,2,7
Connecticut,3/20/20,194,4,35,1,8
Connecticut,3/21/20,194,4,0,0,9
Connecticut,3/22/20,327,8,133,4,10
Connecticut,3/23/20,415,10,88,2,11
Connecticut,3/24/20,618,12,203,2,12
Connecticut,3/25/20,875,19,257,7,13
Connecticut,3/26/20,1012,21,137,2,14
Connecticut,3/27/20,1291,27,279,6,15
Connecticut,3/28/20,1524,33,233,6,16
Connecticut,3/29/20,1993,34,469,1,17
Connecticut,3/30/20,2571,36,578,2,18
Connecticut,3/31/20,3128,69,557,33,19
Connecticut,4/1/20,3557,85,429,16,20
Connecticut,4/2/20,3824,112,267,27,21
Connecticut,4/3/20,4914,131,1090,19,22
Connecticut,4/4/20,5276,165,362,34,23
Connecticut,4/5/20,5675,189,399,24,24
Connecticut,4/6/20,6906,206,1231,17,25
Connecticut,4/7/20,7781,277,875,71,26
Connecticut,4/8/20,7781,326,0,49,27
Connecticut,4/9/20,9784,380,2003,54,28
Connecticut,4/10/20,10538,448,754,68,29
Connecticut,4/11/20,11510,494,972,46,30
Connecticut,4/12/20,12035,554,525,60,31
Connecticut,4/13/20,13381,602,1346,48,32
Connecticut,4/14/20,13989,671,608,69,33
Connecticut,4/15/20,14755,868,766,197,34
Connecticut,4/16/20,15884,971,1129,103,35
Connecticut,4/17/20,16809,1036,925,65,36
Connecticut,4/18/20,17550,1086,741,50,37
Connecticut,4/19/20,17962,1127,412,41,38
Connecticut,4/20/20,19815,1331,1853,204,39
Connecticut,4/21/20,20360,1423,545,92,40
Connecticut,4/22/20,22469,1544,2109,121,41
Connecticut,4/23/20,23100,1639,631,95,42
Connecticut,4/24/20,23936,1767,836,128,43
Connecticut,4/25/20,24583,1865,647,98,44
Connecticut,4/26/20,25269,1924,686,59,45
Connecticut,4/27/20,25997,2012,728,88,46
Connecticut,4/28/20,26312,2087,315,75,47
Connecticut,4/29/20,26767,2169,455,82,48
Connecticut,4/30/20,27700,2257,933,88,49
Connecticut,5/1/20,28764,2339,1064,82,50
Connecticut,5/2/20,29287,2436,523,97,51
Connecticut,5/3/20,29287,2436,0,0,52
Connecticut,5/4/20,29973,2556,686,120,53
Connecticut,5/5/20,30621,2633,648,77,54
Connecticut,5/6/20,30995,2718,374,85,55
Connecticut,5/7/20,31784,2797,789,79,56
Connecticut,5/8/20,32411,2874,627,77,57
Connecticut,5/9/20,32984,2932,573,58,58
Connecticut,5/10/20,33554,2967,570,35,59
Connecticut,5/11/20,33765,3008,211,41,60
Connecticut,5/12/20,34333,3041,568,33,61
Connecticut,5/13/20,34855,3125,522,84,62
Connecticut,5/14/20,35464,3219,609,94,63
Connecticut,5/15/20,36085,3285,621,66,64
Connecticut,5/16/20,36703,3339,618,54,65
Connecticut,5/17/20,37419,3408,716,69,66
Connecticut,5/18/20,38116,3450,697,42,67
Connecticut,5/19/20,38430,3472,314,22,68
Connecticut,5/20/20,39017,3529,587,57,69
Connecticut,5/21/20,39208,3583,191,54,70
Connecticut,5/22/20,39640,3637,432,54,71
Connecticut,5/23/20,40022,3675,382,38,72
Connecticut,5/24/20,40468,3693,446,18,73
Connecticut,5/25/20,40873,3742,405,49,74
Connecticut,5/26/20,41303,3769,430,27,75
Connecticut,5/27/20,41288,3803,-15,34,76
Connecticut,5/28/20,41559,3826,271,23,77
Connecticut,5/29/20,41762,3868,203,42,78
Connecticut,5/30/20,42022,3912,260,44,79
Connecticut,5/31/20,42201,3944,179,32,80
Connecticut,6/1/20,42740,3970,539,26,81
Connecticut,6/2/20,42979,3972,239,2,82
Connecticut,6/3/20,43091,3989,112,17,83
Connecticut,6/4/20,43239,4007,148,18,84
Connecticut,6/5/20,43460,4038,221,31,85
Connecticut,6/6/20,43818,4055,358,17,86
Connecticut,6/7/20,43968,4071,150,16,87
Connecticut,6/8/20,44092,4084,124,13,88
Connecticut,6/9/20,44179,4097,87,13,89
Connecticut,6/10/20,44347,4120,168,23,90
Connecticut,6/11/20,44461,4146,114,26,91
Connecticut,6/12/20,44689,4159,228,13,92
Connecticut,6/13/20,44994,4186,305,27,93
Connecticut,6/14/20,45088,4201,94,15,94
Connecticut,6/15/20,45235,4204,147,3,95
Connecticut,6/16/20,45349,4210,114,6,96
Connecticut,6/17/20,45429,4219,80,9,97
Connecticut,6/18/20,45440,4226,11,7,98
Connecticut,6/19/20,45557,4238,117,12,99
Connecticut,6/20/20,45715,4251,158,13,100
Connecticut,6/21/20,45755,4260,40,9,101
Connecticut,6/22/20,45782,4263,27,3,102
Connecticut,6/23/20,45899,4277,117,14,103
Connecticut,6/24/20,45913,4287,14,10,104
Connecticut,6/25/20,45994,4298,81,11,105
Connecticut,6/26/20,46059,4307,65,9,106
Connecticut,6/27/20,46206,4311,147,4,107
Connecticut,6/28/20,46303,4316,97,5,108
Connecticut,6/29/20,46362,4320,59,4,109
Connecticut,6/30/20,46514,4322,152,2,110
Connecticut,7/1/20,46572,4324,58,2,111
Connecticut,7/2/20,46646,4326,74,2,112
Connecticut,7/3/20,46717,4335,71,9,113
Connecticut,7/4/20,46717,4335,0,0,114
Connecticut,7/5/20,46717,4335,0,0,115
Connecticut,7/6/20,46976,4338,259,3,116
Connecticut,7/7/20,47033,4338,57,0,117
Connecticut,7/8/20,47108,4343,75,5,118
Connecticut,7/9/20,47209,4348,101,5,119
Connecticut,7/10/20,47287,4348,78,0,120
Connecticut,7/11/20,47287,4348,0,0,121
Connecticut,7/12/20,47287,4348,0,0,122
Connecticut,7/13/20,47510,4371,223,23,123
Connecticut,7/14/20,47530,4372,20,1,124
Connecticut,7/15/20,47636,4380,106,8,125
Connecticut,7/16/20,47750,4389,114,9,126
Connecticut,7/17/20,47893,4396,143,7,127
Connecticut,7/18/20,47893,4396,0,0,128
Connecticut,7/19/20,47893,4396,0,0,129
Connecticut,7/20/20,48055,4406,162,10,130
Connecticut,7/21/20,48096,4406,41,0,131
Connecticut,7/22/20,48223,4406,127,0,132
Connecticut,7/23/20,48232,4410,9,4,133
Connecticut,7/24/20,48776,4413,544,3,134
Connecticut,7/25/20,48776,4413,0,0,135
Connecticut,7/26/20,48776,4413,0,0,136
Connecticut,7/27/20,48983,4418,207,5,137
Connecticut,7/28/20,49077,4423,94,5,138
Connecticut,7/29/20,49540,4425,463,2,139
Connecticut,7/30/20,49670,4431,130,6,140
Connecticut,7/31/20,49810,4432,140,1,141
Connecticut,8/1/20,49810,4432,0,0,142
Connecticut,8/2/20,49810,4432,0,0,143
Connecticut,8/3/20,50062,4437,252,5,144
Connecticut,8/4/20,50110,4437,48,0,145
Connecticut,8/5/20,50225,4437,115,0,146
Connecticut,8/6/20,50245,4437,20,0,147
Connecticut,8/7/20,50320,4441,75,4,148
Connecticut,8/8/20,50320,4441,0,0,149
Connecticut,8/9/20,50320,4441,0,0,150
Connecticut,8/10/20,50567,4444,247,3,151
Connecticut,8/11/20,50684,4444,117,0,152
Connecticut,8/12/20,50706,4450,22,6,153
Connecticut,8/13/20,50782,4450,76,0,154
Connecticut,8/14/20,50897,4453,115,3,155
Connecticut,8/15/20,50897,4453,0,0,156
Connecticut,8/16/20,50897,4453,0,0,157
Connecticut,8/17/20,51267,4456,370,3,158
Connecticut,8/18/20,51255,4456,-12,0,159
Connecticut,8/19/20,51314,4457,59,1,160
Connecticut,8/20/20,51432,4458,118,1,161
Connecticut,8/21/20,51519,4460,87,2,162
Connecticut,8/22/20,51519,4460,0,0,163
Connecticut,8/23/20,51519,4460,0,0,164
Connecticut,8/24/20,52011,4460,492,0,165
Connecticut,8/25/20,52040,4463,29,3,166
Connecticut,8/26/20,52220,4463,180,0,167
Connecticut,8/27/20,52350,4465,130,2,168
Connecticut,8/28/20,52495,4465,145,0,169
Connecticut,8/29/20,52495,4465,0,0,170
Connecticut,8/30/20,52495,4465,0,0,171
Connecticut,8/31/20,52879,4465,384,0,172
Connecticut,9/1/20,53006,4466,127,1,173
Connecticut,9/2/20,53108,4467,102,1,174
Connecticut,9/3/20,53209,4468,101,1,175
Connecticut,9/4/20,53365,4468,156,0,176
Connecticut,9/5/20,53365,4468,0,0,177
Connecticut,9/6/20,53365,4468,0,0,178
Connecticut,9/7/20,53365,4468,0,0,179
Connecticut,9/8/20,53782,4474,417,6,180
Connecticut,9/9/20,53871,4474,89,0,181
Connecticut,9/10/20,54093,4478,222,4,182
Connecticut,9/11/20,54326,4480,233,2,183
Connecticut,9/12/20,54326,4480,0,0,184
Connecticut,9/13/20,54326,4480,0,0,185
Connecticut,9/14/20,54895,4485,569,5,186
Connecticut,9/15/20,55031,4485,136,0,187
Connecticut,9/16/20,55166,4487,135,2,188
Connecticut,9/17/20,55386,4488,220,1,189
Connecticut,9/18/20,55527,4492,141,4,190
Connecticut,9/19/20,55527,4492,0,0,191
Connecticut,9/20/20,55527,4492,0,0,192
Connecticut,9/21/20,56024,4495,497,3,193
Connecticut,9/22/20,56160,4496,136,1,194
Connecticut,9/23/20,56315,4497,155,1,195
Connecticut,9/24/20,56472,4499,157,2,196
Connecticut,9/25/20,56587,4501,115,2,197
Connecticut,9/26/20,56587,4501,0,0,198
Connecticut,9/27/20,56587,4501,0,0,199
Connecticut,9/28/20,57147,4503,560,2,200
Connecticut,9/29/20,57329,4505,182,2,201
Connecticut,9/30/20,57550,4508,221,3,202
Connecticut,10/1/20,57742,4511,192,3,203
Connecticut,10/2/20,58297,4513,555,2,204
Connecticut,10/3/20,58297,4513,0,0,205
Connecticut,10/4/20,58297,4513,0,0,206
Connecticut,10/5/20,59120,4517,823,4,207
Connecticut,10/6/20,59241,4521,121,4,208
Connecticut,10/7/20,59364,4522,123,1,209
Connecticut,10/8/20,59748,4527,384,5,210
Connecticut,10/9/20,60038,4530,290,3,211
Connecticut,10/10/20,60038,4530,0,0,212
Connecticut,10/11/20,60038,4530,0,0,213
Connecticut,10/12/20,61377,4532,1339,2,214
Connecticut,10/13/20,61697,4533,320,1,215
Connecticut,10/14/20,61861,4537,164,4,216
Connecticut,10/15/20,62028,4540,167,3,217
Connecticut,10/16/20,62830,4542,802,2,218
Connecticut,10/17/20,62830,4542,0,0,219
Connecticut,10/18/20,62830,4542,0,0,220
Connecticut,10/19/20,64021,4554,1191,12,221
Connecticut,10/20/20,64455,4559,434,5,222
Connecticut,10/21/20,64871,4567,416,8,223
Connecticut,10/22/20,65373,4569,502,2,224
Connecticut,10/23/20,66052,4577,679,8,225
Connecticut,10/24/20,66052,4577,0,0,226
Connecticut,10/25/20,66052,4577,0,0,227
Connecticut,10/26/20,68099,4589,2047,12,228
Connecticut,10/27/20,68637,4595,538,6,229
Connecticut,10/28/20,69127,4604,490,9,230
Connecticut,10/29/20,70446,4609,1319,5,231
Connecticut,10/30/20,71207,4616,761,7,232
Connecticut,10/31/20,71207,4616,0,0,233
Connecticut,11/1/20,71207,4616,0,0,234
Connecticut,11/2/20,73858,4627,2651,11,235
Connecticut,11/3/20,74843,4635,985,8,236
Connecticut,11/4/20,75373,4645,530,10,237
Connecticut,11/5/20,77060,4656,1687,11,238
Connecticut,11/6/20,78125,4671,1065,15,239
Connecticut,11/7/20,78125,4671,0,0,240
Connecticut,11/8/20,78125,4671,0,0,241
Connecticut,11/9/20,81432,4698,3307,27,242
Connecticut,11/10/20,82953,4707,1521,9,243
Connecticut,11/11/20,84741,4716,1788,9,244
Connecticut,11/12/20,85899,4726,1158,10,245
Connecticut,11/13/20,88645,4737,2746,11,246
Connecticut,11/14/20,88645,4737,0,0,247
Connecticut,11/15/20,88645,4737,0,0,248
Connecticut,11/16/20,93284,4759,4639,22,249
Connecticut,11/17/20,94986,4771,1702,12,250
Connecticut,11/18/20,97028,4784,2042,13,251
Connecticut,11/19/20,99381,4805,2353,21,252
Connecticut,11/20/20,101469,4828,2088,23,253
Connecticut,11/21/20,101469,4828,0,0,254
Connecticut,11/22/20,101469,4828,0,0,255
Connecticut,11/23/20,106740,4871,5271,43,256
Connecticut,11/24/20,107280,4881,540,10,257
Connecticut,11/25/20,109152,4926,1872,45,258
Connecticut,11/26/20,109152,4926,0,0,259
Connecticut,11/27/20,112581,4961,3429,35,260
Connecticut,11/28/20,112581,4961,0,0,261
Connecticut,11/29/20,112581,4961,0,0,262
Connecticut,11/30/20,117295,5020,4714,59,263
Connecticut,12/1/20,118754,5040,1459,20,264
Connecticut,12/2/20,121426,5091,2672,51,265
Connecticut,12/3/20,126177,5111,4751,20,266
Connecticut,12/4/20,127715,5146,1538,35,267
Connecticut,12/5/20,127715,5146,0,0,268
Connecticut,12/6/20,127715,5146,0,0,269
Connecticut,12/7/20,135844,5224,8129,78,270
Connecticut,12/8/20,138258,5242,2414,18,271
Connecticut,12/9/20,140548,5285,2290,43,272
Connecticut,12/10/20,142979,5327,2431,42,273
Connecticut,12/11/20,146761,5363,3782,36,274
Connecticut,12/12/20,146761,5363,0,0,275
Connecticut,12/13/20,146761,5363,0,0,276
Connecticut,12/14/20,153992,5444,7231,81,277
Connecticut,12/15/20,155462,5466,1470,22,278
Connecticut,12/16/20,157781,5506,2319,40,279
Connecticut,12/17/20,160102,5552,2321,46,280
Connecticut,12/18/20,162782,5581,2680,29,281
Connecticut,12/19/20,162782,5581,0,0,282
Connecticut,12/20/20,162782,5581,0,0,283
Connecticut,12/21/20,167377,5676,4595,95,284
Connecticut,12/22/20,168960,5703,1583,27,285
Connecticut,12/23/20,170705,5736,1745,33,286
Connecticut,12/24/20,172743,5791,2038,55,287
Connecticut,12/25/20,172743,5791,0,0,288
Connecticut,12/26/20,172743,5791,0,0,289
Connecticut,12/27/20,172743,5791,0,0,290
Connecticut,12/28/20,181200,5904,8457,113,291
Connecticut,12/29/20,181967,5924,767,20,292
Connecticut,12/30/20,183663,5964,1696,40,293
Connecticut,12/31/20,185708,5995,2045,31,294
Connecticut,1/1/21,185708,5995,0,0,295
Connecticut,1/2/21,190120,6099,4412,104,296
Connecticut,1/3/21,190120,6099,0,0,297
Connecticut,1/4/21,194636,6168,4516,69,298
Connecticut,1/5/21,196968,6192,2332,24,299
Connecticut,1/6/21,199454,6230,2486,38,300
Connecticut,1/7/21,202758,6287,3304,57,301
Connecticut,1/8/21,205994,6324,3236,37,302
Connecticut,1/9/21,205994,6324,0,0,303
Connecticut,1/10/21,205994,6324,0,0,304
Connecticut,1/11/21,213358,6416,7364,92,305
Connecticut,1/12/21,217047,6449,3689,33,306
Connecticut,1/13/21,220576,6536,3529,87,307
Connecticut,1/14/21,221544,6553,968,17,308
Connecticut,1/15/21,223422,6594,1878,41,309
Connecticut,1/16/21,223422,6594,0,0,310
Connecticut,1/17/21,223422,6594,0,0,311
Connecticut,1/18/21,230125,6670,6703,76,312
Connecticut,1/19/21,232219,6682,2094,12,313
Connecticut,1/20/21,234134,6726,1915,44,314
Connecticut,1/21/21,235796,6774,1662,48,315
Connecticut,1/22/21,237815,6819,2019,45,316
Connecticut,1/23/21,237815,6819,0,0,317
Connecticut,1/24/21,237815,6819,0,0,318
Connecticut,1/25/21,243632,6911,5817,92,319
Connecticut,1/26/21,244899,6934,1267,23,320
Connecticut,1/27/21,247339,6976,2440,42,321
Connecticut,1/28/21,248765,7020,1426,44,322
Connecticut,1/29/21,250023,7046,1258,26,323
Connecticut,1/30/21,250023,7046,0,0,324
Connecticut,1/31/21,250023,7046,0,0,325
Connecticut,2/1/21,253954,7119,3931,73,326
Connecticut,2/2/21,256522,7133,2568,14,327
Connecticut,2/3/21,257004,7157,482,24,328
Connecticut,2/4/21,257941,7185,937,28,329
Connecticut,2/5/21,259372,7214,1431,29,330
Connecticut,2/6/21,259372,7214,0,0,331
Connecticut,2/7/21,259372,7214,0,0,332
Connecticut,2/8/21,263739,7282,4367,68,333
Connecticut,2/9/21,264608,7298,869,16,334
Connecticut,2/10/21,265496,7326,888,28,335
Connecticut,2/11/21,266499,7354,1003,28,336
Connecticut,2/12/21,267337,7381,838,27,337
Connecticut,2/13/21,267337,7381,0,0,338
Connecticut,2/14/21,267337,7381,0,0,339
Connecticut,2/15/21,270242,7447,2905,66,340
Connecticut,2/16/21,270822,7449,580,2,341
Connecticut,2/17/21,271356,7476,534,27,342
Connecticut,2/18/21,271903,7496,547,20,343
Connecticut,2/19/21,273101,7523,1198,27,344
Connecticut,2/20/21,273101,7523,0,0,345
Connecticut,2/21/21,273101,7523,0,0,346
Connecticut,2/22/21,275334,7562,2233,39,347
Connecticut,2/23/21,276691,7572,1357,10,348
Connecticut,2/24/21,278184,7595,1493,23,349
Connecticut,2/25/21,279159,7614,975,19,350
Connecticut,2/26/21,279946,7622,787,8,351
Connecticut,2/27/21,279946,7622,0,0,352
Connecticut,2/28/21,279946,7622,0,0,353
Connecticut,3/1/21,282626,7651,2680,29,354
Connecticut,3/2/21,283128,7658,502,7,355
Connecticut,3/3/21,283622,7678,494,20,356
Connecticut,3/4/21,284500,7693,878,15,357
Connecticut,3/5/21,285330,7704,830,11,358
Connecticut,3/6/21,285330,7704,0,0,359
Connecticut,3/7/21,285330,7704,0,0,360
Connecticut,3/8/21,287396,7725,2066,21,361
Connecticut,3/9/21,288145,7739,749,14,362
Connecticut,3/10/21,288657,7752,512,13,363
Connecticut,3/11/21,289392,7761,735,9,364
Connecticut,3/12/21,290577,7765,1185,4,365
Connecticut,3/13/21,290577,7765,0,0,366
Connecticut,3/14/21,290577,7765,0,0,367
Connecticut,3/15/21,293102,7788,2525,23,368
Connecticut,3/16/21,293955,7799,853,11,369
Connecticut,3/17/21,294328,7807,373,8,370
Connecticut,3/18/21,295484,7822,1156,15,371
Connecticut,3/19/21,296691,7832,1207,10,372
Connecticut,3/20/21,296691,7832,0,0,373
Connecticut,3/21/21,296691,7832,0,0,374
Connecticut,3/22/21,299667,7841,2976,9,375
Connecticut,3/23/21,300565,7845,898,4,376
Connecticut,3/24/21,302022,7852,1457,7,377
Connecticut,3/25/21,303510,7862,1488,10,378
Connecticut,3/26/21,305210,7865,1700,3,379
Connecticut,3/27/21,305210,7865,0,0,380
Connecticut,3/28/21,305210,7865,0,0,381
Connecticut,3/29/21,308439,7883,3229,18,382
Connecticut,3/30/21,310056,7885,1617,2,383
Connecticut,3/31/21,310624,7889,568,4,384
Connecticut,4/1/21,312468,7900,1844,11,385
Connecticut,4/2/21,313956,7904,1488,4,386
Connecticut,4/3/21,313956,7904,0,0,387
Connecticut,4/4/21,313956,7904,0,0,388
Connecticut,4/5/21,316655,7923,2699,19,389
Connecticut,4/6/21,317729,7930,1074,7,390
Connecticut,4/7/21,318767,7935,1038,5,391
Connecticut,4/8/21,319779,7940,1012,5,392
Connecticut,4/9/21,321586,7944,1807,4,393
Connecticut,4/10/21,321586,7944,0,0,394
Connecticut,4/11/21,321586,7944,0,0,395
Connecticut,4/12/21,324571,7957,2985,13,396
Connecticut,4/13/21,325689,7974,1118,17,397
Connecticut,4/14/21,327298,7984,1609,10,398
Connecticut,4/15/21,328000,7990,702,6,399
Connecticut,4/16/21,329062,7995,1062,5,400
Connecticut,4/17/21,329062,7995,0,0,401
Connecticut,4/18/21,329062,7995,0,0,402
Connecticut,4/19/21,331401,8014,2339,19,403
Connecticut,4/20/21,332139,8020,738,6,404
Connecticut,4/21/21,332995,8027,856,7,405
Connecticut,4/22/21,333732,8039,737,12,406
Connecticut,4/23/21,334766,8047,1034,8,407
Connecticut,4/24/21,334766,8047,0,0,408
Connecticut,4/25/21,334766,8047,0,0,409
Connecticut,4/26/21,336933,8066,2167,19,410
Connecticut,4/27/21,337340,8067,407,1,411
Connecticut,4/28/21,337961,8080,621,13,412
Connecticut,4/29/21,338447,8084,486,4,413
Connecticut,4/30/21,339233,8097,786,13,414
Connecticut,5/1/21,339233,8097,0,0,415
Connecticut,5/2/21,339233,8097,0,0,416
Connecticut,5/3/21,340545,8112,1312,15,417
Connecticut,5/4/21,340962,8117,417,5,418
Connecticut,5/5/21,341571,8124,609,7,419
Connecticut,5/6/21,342282,8131,711,7,420
Connecticut,5/7/21,342718,8137,436,6,421
Connecticut,5/8/21,342718,8137,0,0,422
Connecticut,5/9/21,342718,8137,0,0,423
Connecticut,5/10/21,343545,8154,827,17,424
Connecticut,5/11/21,343954,8156,409,2,425
Connecticut,5/12/21,344141,8161,187,5,426
Connecticut,5/13/21,344612,8168,471,7,427
Connecticut,5/14/21,344977,8173,365,5,428
Connecticut,5/15/21,344977,8173,0,0,429
Connecticut,5/16/21,344977,8173,0,0,430
Connecticut,5/17/21,345639,8194,662,21,431
Connecticut,5/18/21,345720,8198,81,4,432
Connecticut,5/19/21,345948,8204,228,6,433
Connecticut,5/20/21,346154,8208,206,4,434
Connecticut,5/21/21,346325,8212,171,4,435
Connecticut,5/22/21,346325,8212,0,0,436
Connecticut,5/23/21,346325,8212,0,0,437
Connecticut,5/24/21,346711,8219,386,7,438
Connecticut,5/25/21,346892,8221,181,2,439
Connecticut,5/26/21,346980,8227,88,6,440
Connecticut,5/27/21,347137,8230,157,3,441
Connecticut,5/28/21,347341,8238,204,8,442
Connecticut,5/29/21,347341,8238,0,0,443
Connecticut,5/30/21,347341,8238,0,0,444
Connecticut,5/31/21,347341,8238,0,0,445
Connecticut,6/1/21,347563,8244,222,6,446
Connecticut,6/2/21,347678,8247,115,3,447
Connecticut,6/3/21,347748,8245,70,-2,448
Connecticut,6/4/21,347891,8246,143,1,449
Connecticut,6/5/21,347891,8246,0,0,450
Connecticut,6/6/21,347891,8246,0,0,451
Connecticut,6/7/21,348088,8253,197,7,452
Connecticut,6/8/21,348154,8255,66,2,453
Connecticut,6/9/21,348262,8257,108,2,454
Connecticut,6/10/21,348319,8260,57,3,455
Connecticut,6/11/21,348350,8261,31,1,456
Connecticut,6/12/21,348350,8261,0,0,457
Connecticut,6/13/21,348350,8261,0,0,458
