state,date,confirmed,deaths,new_confirmed,new_deaths,tagged_day
Hawaii,3/18/20,15,0,5,0,1
Hawaii,3/19/20,25,0,10,0,2
Hawaii,3/20/20,36,0,11,0,3
Hawaii,3/21/20,36,0,0,0,4
Hawaii,3/22/20,53,0,17,0,5
Hawaii,3/23/20,56,0,3,0,6
Hawaii,3/24/20,90,1,34,1,7
Hawaii,3/25/20,91,0,1,-1,8
Hawaii,3/26/20,95,0,4,0,9
Hawaii,3/27/20,106,0,11,0,10
Hawaii,3/28/20,149,0,43,0,11
Hawaii,3/29/20,149,0,0,0,12
Hawaii,3/30/20,175,0,26,0,13
Hawaii,3/31/20,204,0,29,0,14
Hawaii,4/1/20,224,1,20,1,15
Hawaii,4/2/20,256,1,32,0,16
Hawaii,4/3/20,319,3,63,2,17
Hawaii,4/4/20,351,3,32,0,18
Hawaii,4/5/20,371,4,20,1,19
Hawaii,4/6/20,387,5,16,1,20
Hawaii,4/7/20,410,5,23,0,21
Hawaii,4/8/20,410,5,0,0,22
Hawaii,4/9/20,442,6,32,1,23
Hawaii,4/10/20,442,6,0,0,24
Hawaii,4/11/20,465,8,23,2,25
Hawaii,4/12/20,499,9,34,1,26
Hawaii,4/13/20,504,9,5,0,27
Hawaii,4/14/20,511,9,7,0,28
Hawaii,4/15/20,524,9,13,0,29
Hawaii,4/16/20,530,9,6,0,30
Hawaii,4/17/20,541,9,11,0,31
Hawaii,4/18/20,574,9,33,0,32
Hawaii,4/19/20,580,10,6,1,33
Hawaii,4/20/20,584,10,4,0,34
Hawaii,4/21/20,586,10,2,0,35
Hawaii,4/22/20,592,12,6,2,36
Hawaii,4/23/20,596,12,4,0,37
Hawaii,4/24/20,601,13,5,1,38
Hawaii,4/25/20,605,13,4,0,39
Hawaii,4/26/20,606,14,1,1,40
Hawaii,4/27/20,607,16,1,2,41
Hawaii,4/28/20,609,16,2,0,42
Hawaii,4/29/20,613,16,4,0,43
Hawaii,4/30/20,618,16,5,0,44
Hawaii,5/1/20,619,16,1,0,45
Hawaii,5/2/20,620,16,1,0,46
Hawaii,5/3/20,620,17,0,1,47
Hawaii,5/4/20,621,17,1,0,48
Hawaii,5/5/20,625,17,4,0,49
Hawaii,5/6/20,626,17,1,0,50
Hawaii,5/7/20,629,17,3,0,51
Hawaii,5/8/20,629,17,0,0,52
Hawaii,5/9/20,631,17,2,0,53
Hawaii,5/10/20,632,17,1,0,54
Hawaii,5/11/20,634,17,2,0,55
Hawaii,5/12/20,635,17,1,0,56
Hawaii,5/13/20,638,17,3,0,57
Hawaii,5/14/20,637,17,-1,0,58
Hawaii,5/15/20,638,17,1,0,59
Hawaii,5/16/20,639,17,1,0,60
Hawaii,5/17/20,640,17,1,0,61
Hawaii,5/18/20,640,17,0,0,62
Hawaii,5/19/20,641,17,1,0,63
Hawaii,5/20/20,643,17,2,0,64
Hawaii,5/21/20,647,17,4,0,65
Hawaii,5/22/20,642,17,-5,0,66
Hawaii,5/23/20,643,17,1,0,67
Hawaii,5/24/20,643,17,0,0,68
Hawaii,5/25/20,643,17,0,0,69
Hawaii,5/26/20,643,17,0,0,70
Hawaii,5/27/20,644,17,1,0,71
Hawaii,5/28/20,647,17,3,0,72
Hawaii,5/29/20,649,17,2,0,73
Hawaii,5/30/20,651,17,2,0,74
Hawaii,5/31/20,652,17,1,0,75
Hawaii,6/1/20,652,17,0,0,76
Hawaii,6/2/20,653,17,1,0,77
Hawaii,6/3/20,653,17,0,0,78
Hawaii,6/4/20,655,17,2,0,79
Hawaii,6/5/20,664,17,9,0,80
Hawaii,6/6/20,673,17,9,0,81
Hawaii,6/7/20,675,17,2,0,82
Hawaii,6/8/20,676,17,1,0,83
Hawaii,6/9/20,682,17,6,0,84
Hawaii,6/10/20,685,17,3,0,85
Hawaii,6/11/20,692,17,7,0,86
Hawaii,6/12/20,706,17,14,0,87
Hawaii,6/13/20,723,17,17,0,88
Hawaii,6/14/20,728,17,5,0,89
Hawaii,6/15/20,736,17,8,0,90
Hawaii,6/16/20,736,17,0,0,91
Hawaii,6/17/20,744,17,8,0,92
Hawaii,6/18/20,762,17,18,0,93
Hawaii,6/19/20,789,17,27,0,94
Hawaii,6/20/20,789,17,0,0,95
Hawaii,6/21/20,814,17,25,0,96
Hawaii,6/22/20,816,17,2,0,97
Hawaii,6/23/20,819,17,3,0,98
Hawaii,6/24/20,835,17,16,0,99
Hawaii,6/25/20,851,17,16,0,100
Hawaii,6/26/20,866,17,15,0,101
Hawaii,6/27/20,872,18,6,1,102
Hawaii,6/28/20,899,18,27,0,103
Hawaii,6/29/20,900,18,1,0,104
Hawaii,6/30/20,917,18,17,0,105
Hawaii,7/1/20,926,18,9,0,106
Hawaii,7/2/20,946,18,20,0,107
Hawaii,7/3/20,975,19,29,1,108
Hawaii,7/4/20,999,19,24,0,109
Hawaii,7/5/20,1023,19,24,0,110
Hawaii,7/6/20,1030,19,7,0,111
Hawaii,7/7/20,1071,19,41,0,112
Hawaii,7/8/20,1094,19,23,0,113
Hawaii,7/9/20,1130,19,36,0,114
Hawaii,7/10/20,1158,19,28,0,115
Hawaii,7/11/20,1200,19,42,0,116
Hawaii,7/12/20,1220,19,20,0,117
Hawaii,7/13/20,1243,22,23,3,118
Hawaii,7/14/20,1264,22,21,0,119
Hawaii,7/15/20,1292,22,28,0,120
Hawaii,7/16/20,1311,22,19,0,121
Hawaii,7/17/20,1334,23,23,1,122
Hawaii,7/18/20,1354,24,20,1,123
Hawaii,7/19/20,1381,24,27,0,124
Hawaii,7/20/20,1393,24,12,0,125
Hawaii,7/21/20,1418,24,25,0,126
Hawaii,7/22/20,1435,25,17,1,127
Hawaii,7/23/20,1490,26,55,1,128
Hawaii,7/24/20,1549,26,59,0,129
Hawaii,7/25/20,1620,26,71,0,130
Hawaii,7/26/20,1683,26,63,0,131
Hawaii,7/27/20,1711,26,28,0,132
Hawaii,7/28/20,1757,26,46,0,133
Hawaii,7/29/20,1865,26,108,0,134
Hawaii,7/30/20,1989,26,124,0,135
Hawaii,7/31/20,2111,26,122,0,136
Hawaii,8/1/20,2197,26,86,0,137
Hawaii,8/2/20,2242,26,45,0,138
Hawaii,8/3/20,2448,26,206,0,139
Hawaii,8/4/20,2591,27,143,1,140
Hawaii,8/5/20,2763,27,172,0,141
Hawaii,8/6/20,2914,29,151,2,142
Hawaii,8/7/20,3115,31,201,2,143
Hawaii,8/8/20,3346,31,231,0,144
Hawaii,8/9/20,3498,31,152,0,145
Hawaii,8/10/20,3638,34,140,3,146
Hawaii,8/11/20,3756,34,118,0,147
Hawaii,8/12/20,3958,38,202,4,148
Hawaii,8/13/20,4312,40,354,2,149
Hawaii,8/14/20,4543,40,231,0,150
Hawaii,8/15/20,4825,40,282,0,151
Hawaii,8/16/20,5042,40,217,0,152
Hawaii,8/17/20,5215,40,173,0,153
Hawaii,8/18/20,5349,41,134,1,154
Hawaii,8/19/20,5609,42,260,1,155
Hawaii,8/20/20,5844,45,235,3,156
Hawaii,8/21/20,6072,46,228,1,157
Hawaii,8/22/20,6356,47,284,1,158
Hawaii,8/23/20,6600,47,244,0,159
Hawaii,8/24/20,6769,49,169,2,160
Hawaii,8/25/20,6984,49,215,0,161
Hawaii,8/26/20,7260,51,276,2,162
Hawaii,8/27/20,7566,55,306,4,163
Hawaii,8/28/20,7830,59,264,4,164
Hawaii,8/29/20,8139,62,309,3,165
Hawaii,8/30/20,8339,63,200,1,166
Hawaii,8/31/20,8472,70,133,7,167
Hawaii,9/1/20,8653,74,181,4,168
Hawaii,9/2/20,8991,75,338,1,169
Hawaii,9/3/20,9202,79,211,4,170
Hawaii,9/4/20,9473,81,271,2,171
Hawaii,9/5/20,9693,84,220,3,172
Hawaii,9/6/20,9855,85,162,1,173
Hawaii,9/7/20,9959,86,104,1,174
Hawaii,9/8/20,10025,88,66,2,175
Hawaii,9/9/20,10123,91,98,3,176
Hawaii,9/10/20,10292,94,169,3,177
Hawaii,9/11/20,10593,96,301,2,178
Hawaii,9/12/20,10722,97,129,1,179
Hawaii,9/13/20,10834,99,112,2,180
Hawaii,9/14/20,10913,99,79,0,181
Hawaii,9/15/20,10978,100,65,1,182
Hawaii,9/16/20,11080,103,102,3,183
Hawaii,9/17/20,11239,107,159,4,184
Hawaii,9/18/20,11376,120,137,13,185
Hawaii,9/19/20,11485,120,109,0,186
Hawaii,9/20/20,11562,120,77,0,187
Hawaii,9/21/20,11618,120,56,0,188
Hawaii,9/22/20,11681,120,63,0,189
Hawaii,9/23/20,11848,122,167,2,190
Hawaii,9/24/20,11938,124,90,2,191
Hawaii,9/25/20,12078,127,140,3,192
Hawaii,9/26/20,12205,131,127,4,193
Hawaii,9/27/20,12303,132,98,1,194
Hawaii,9/28/20,12390,132,87,0,195
Hawaii,9/29/20,12477,134,87,2,196
Hawaii,9/30/20,12597,136,120,2,197
Hawaii,10/1/20,12702,139,105,3,198
Hawaii,10/2/20,12788,142,86,3,199
Hawaii,10/3/20,12921,153,133,11,200
Hawaii,10/4/20,12991,156,70,3,201
Hawaii,10/5/20,13041,157,50,1,202
Hawaii,10/6/20,13124,160,83,3,203
Hawaii,10/7/20,13232,163,108,3,204
Hawaii,10/8/20,13333,164,101,1,205
Hawaii,10/9/20,13494,166,161,2,206
Hawaii,10/10/20,13565,168,71,2,207
Hawaii,10/11/20,13666,169,101,1,208
Hawaii,10/12/20,13708,169,42,0,209
Hawaii,10/13/20,13769,173,61,4,210
Hawaii,10/14/20,13868,183,99,10,211
Hawaii,10/15/20,13958,184,90,1,212
Hawaii,10/16/20,14047,185,89,1,213
Hawaii,10/17/20,14143,186,96,1,214
Hawaii,10/18/20,14225,187,82,1,215
Hawaii,10/19/20,14262,187,37,0,216
Hawaii,10/20/20,14350,189,88,2,217
Hawaii,10/21/20,14427,203,77,14,218
Hawaii,10/22/20,14529,206,102,3,219
Hawaii,10/23/20,14669,209,140,3,220
Hawaii,10/24/20,14758,212,89,3,221
Hawaii,10/25/20,14877,212,119,0,222
Hawaii,10/26/20,14914,212,37,0,223
Hawaii,10/27/20,14978,215,64,3,224
Hawaii,10/28/20,15039,213,61,-2,225
Hawaii,10/29/20,15116,215,77,2,226
Hawaii,10/30/20,15216,216,100,1,227
Hawaii,10/31/20,15284,219,68,3,228
Hawaii,11/1/20,15367,219,83,0,229
Hawaii,11/2/20,15444,219,77,0,230
Hawaii,11/3/20,15531,219,87,0,231
Hawaii,11/4/20,15686,219,155,0,232
Hawaii,11/5/20,15785,219,99,0,233
Hawaii,11/6/20,15923,219,138,0,234
Hawaii,11/7/20,16051,220,128,1,235
Hawaii,11/8/20,16179,221,128,1,236
Hawaii,11/9/20,16242,221,63,0,237
Hawaii,11/10/20,16320,222,78,1,238
Hawaii,11/11/20,16437,222,117,0,239
Hawaii,11/12/20,16534,222,97,0,240
Hawaii,11/13/20,16652,222,118,0,241
Hawaii,11/14/20,16759,222,107,0,242
Hawaii,11/15/20,16759,222,0,0,243
Hawaii,11/16/20,16853,222,94,0,244
Hawaii,11/17/20,16905,222,52,0,245
Hawaii,11/18/20,16974,223,69,1,246
Hawaii,11/19/20,17081,223,107,0,247
Hawaii,11/20/20,17199,224,118,1,248
Hawaii,11/21/20,17361,231,162,7,249
Hawaii,11/22/20,17483,233,122,2,250
Hawaii,11/23/20,17596,233,113,0,251
Hawaii,11/24/20,17656,233,60,0,252
Hawaii,11/25/20,17764,235,108,2,253
Hawaii,11/26/20,17881,237,117,2,254
Hawaii,11/27/20,18006,240,125,3,255
Hawaii,11/28/20,18082,240,76,0,256
Hawaii,11/29/20,18138,244,56,4,257
Hawaii,11/30/20,18223,244,85,0,258
Hawaii,12/1/20,18266,244,43,0,259
Hawaii,12/2/20,18342,244,76,0,260
Hawaii,12/3/20,18484,246,142,2,261
Hawaii,12/4/20,18605,256,121,10,262
Hawaii,12/5/20,18738,261,133,5,263
Hawaii,12/6/20,18842,262,104,1,264
Hawaii,12/7/20,18923,262,81,0,265
Hawaii,12/8/20,18976,262,53,0,266
Hawaii,12/9/20,19056,266,80,4,267
Hawaii,12/10/20,19179,268,123,2,268
Hawaii,12/11/20,19315,269,136,1,269
Hawaii,12/12/20,19708,271,393,2,270
Hawaii,12/13/20,19676,274,-32,3,271
Hawaii,12/14/20,19975,274,299,0,272
Hawaii,12/15/20,19896,274,-79,0,273
Hawaii,12/16/20,20058,278,162,4,274
Hawaii,12/17/20,20231,280,173,2,275
Hawaii,12/18/20,20413,281,182,1,276
Hawaii,12/19/20,20565,281,152,0,277
Hawaii,12/20/20,20817,282,252,1,278
Hawaii,12/21/20,20881,282,64,0,279
Hawaii,12/22/20,20879,282,-2,0,280
Hawaii,12/23/20,21015,285,136,3,281
Hawaii,12/24/20,21173,285,158,0,282
Hawaii,12/25/20,21358,285,185,0,283
Hawaii,12/26/20,21432,285,74,0,284
Hawaii,12/27/20,21512,285,80,0,285
Hawaii,12/28/20,21508,285,-4,0,286
Hawaii,12/29/20,21609,285,101,0,287
Hawaii,12/30/20,21748,285,139,0,288
Hawaii,12/31/20,22007,288,259,3,289
Hawaii,1/1/21,22397,289,390,1,290
Hawaii,1/2/21,22448,289,51,0,291
Hawaii,1/3/21,22560,289,112,0,292
Hawaii,1/4/21,22602,289,42,0,293
Hawaii,1/5/21,22757,289,155,0,294
Hawaii,1/6/21,22917,299,160,10,295
Hawaii,1/7/21,23400,299,483,0,296
Hawaii,1/8/21,23704,303,304,4,297
Hawaii,1/9/21,23897,308,193,5,298
Hawaii,1/10/21,24045,309,148,1,299
Hawaii,1/11/21,24201,309,156,0,300
Hawaii,1/12/21,24261,309,60,0,301
Hawaii,1/13/21,24352,312,91,3,302
Hawaii,1/14/21,24598,318,246,6,303
Hawaii,1/15/21,24789,318,191,0,304
Hawaii,1/16/21,24969,320,180,2,305
Hawaii,1/17/21,25064,322,95,2,306
Hawaii,1/18/21,25187,322,123,0,307
Hawaii,1/19/21,25195,324,8,2,308
Hawaii,1/20/21,25278,325,83,1,309
Hawaii,1/21/21,25441,328,163,3,310
Hawaii,1/22/21,25658,332,217,4,311
Hawaii,1/23/21,25758,336,100,4,312
Hawaii,1/24/21,25925,342,167,6,313
Hawaii,1/25/21,26019,342,94,0,314
Hawaii,1/26/21,26030,401,11,59,315
Hawaii,1/27/21,26164,404,134,3,316
Hawaii,1/28/21,26263,406,99,2,317
Hawaii,1/29/21,26460,407,197,1,318
Hawaii,1/30/21,26545,407,85,0,319
Hawaii,1/31/21,26596,410,51,3,320
Hawaii,2/1/21,26692,410,96,0,321
Hawaii,2/2/21,26734,410,42,0,322
Hawaii,2/3/21,26814,414,80,4,323
Hawaii,2/4/21,26953,416,139,2,324
Hawaii,2/5/21,27101,416,148,0,325
Hawaii,2/6/21,27192,416,91,0,326
Hawaii,2/7/21,27236,418,44,2,327
Hawaii,2/8/21,27225,418,-11,0,328
Hawaii,2/9/21,27254,418,29,0,329
Hawaii,2/10/21,27330,423,76,5,330
Hawaii,2/11/21,27454,424,124,1,331
Hawaii,2/12/21,27541,425,87,1,332
Hawaii,2/13/21,27584,425,43,0,333
Hawaii,2/14/21,27616,426,32,1,334
Hawaii,2/15/21,27637,426,21,0,335
Hawaii,2/16/21,27639,426,2,0,336
Hawaii,2/17/21,27679,427,40,1,337
Hawaii,2/18/21,27777,428,98,1,338
Hawaii,2/19/21,27834,430,57,2,339
Hawaii,2/20/21,27886,430,52,0,340
Hawaii,2/21/21,27968,431,82,1,341
Hawaii,2/22/21,28002,431,34,0,342
Hawaii,2/23/21,28044,431,42,0,343
Hawaii,2/24/21,28093,435,49,4,344
Hawaii,2/25/21,28124,435,31,0,345
Hawaii,2/26/21,28239,437,115,2,346
Hawaii,2/27/21,28369,439,130,2,347
Hawaii,2/28/21,28380,439,11,0,348
Hawaii,3/1/21,28381,439,1,0,349
Hawaii,3/2/21,28423,439,42,0,350
Hawaii,3/3/21,28424,441,1,2,351
Hawaii,3/4/21,28521,441,97,0,352
Hawaii,3/5/21,28650,443,129,2,353
Hawaii,3/6/21,28727,444,77,1,354
Hawaii,3/7/21,28746,445,19,1,355
Hawaii,3/8/21,28784,445,38,0,356
Hawaii,3/9/21,28827,445,43,0,357
Hawaii,3/10/21,28831,448,4,3,358
Hawaii,3/11/21,28943,448,112,0,359
Hawaii,3/12/21,29213,449,270,1,360
Hawaii,3/13/21,29180,450,-33,1,361
Hawaii,3/14/21,29219,451,39,1,362
Hawaii,3/15/21,29259,451,40,0,363
Hawaii,3/16/21,29307,451,48,0,364
Hawaii,3/17/21,29397,451,90,0,365
Hawaii,3/18/21,29505,451,108,0,366
Hawaii,3/19/21,29763,452,258,1,367
Hawaii,3/20/21,29765,453,2,1,368
Hawaii,3/21/21,29830,454,65,1,369
Hawaii,3/22/21,29915,454,85,0,370
Hawaii,3/23/21,29916,454,1,0,371
Hawaii,3/24/21,29974,457,58,3,372
Hawaii,3/25/21,30095,458,121,1,373
Hawaii,3/26/21,30265,459,170,1,374
Hawaii,3/27/21,30377,462,112,3,375
Hawaii,3/28/21,30479,462,102,0,376
Hawaii,3/29/21,30579,462,100,0,377
Hawaii,3/30/21,30654,462,75,0,378
Hawaii,3/31/21,30754,463,100,1,379
Hawaii,4/1/21,30867,463,113,0,380
Hawaii,4/2/21,31129,463,262,0,381
Hawaii,4/3/21,31241,467,112,4,382
Hawaii,4/4/21,31337,467,96,0,383
Hawaii,4/5/21,31430,467,93,0,384
Hawaii,4/6/21,31489,467,59,0,385
Hawaii,4/7/21,31565,467,76,0,386
Hawaii,4/8/21,31687,470,122,3,387
Hawaii,4/9/21,31862,470,175,0,388
Hawaii,4/10/21,31975,471,113,1,389
Hawaii,4/11/21,32067,471,92,0,390
Hawaii,4/12/21,32137,471,70,0,391
Hawaii,4/13/21,32200,471,63,0,392
Hawaii,4/14/21,32271,473,71,2,393
Hawaii,4/15/21,32366,473,95,0,394
Hawaii,4/16/21,32548,474,182,1,395
Hawaii,4/17/21,32647,474,99,0,396
Hawaii,4/18/21,32758,474,111,0,397
Hawaii,4/19/21,32823,474,65,0,398
Hawaii,4/20/21,32867,474,44,0,399
Hawaii,4/21/21,32938,474,71,0,400
Hawaii,4/22/21,33035,476,97,2,401
Hawaii,4/23/21,33178,477,143,1,402
Hawaii,4/24/21,33229,478,51,1,403
Hawaii,4/25/21,33351,478,122,0,404
Hawaii,4/26/21,33418,478,67,0,405
Hawaii,4/27/21,33468,479,50,1,406
Hawaii,4/28/21,33537,482,69,3,407
Hawaii,4/29/21,33659,483,122,1,408
Hawaii,4/30/21,33851,483,192,0,409
Hawaii,5/1/21,33970,483,119,0,410
Hawaii,5/2/21,34082,483,112,0,411
Hawaii,5/3/21,34156,484,74,1,412
Hawaii,5/4/21,34234,484,78,0,413
Hawaii,5/5/21,34296,485,62,1,414
Hawaii,5/6/21,34424,486,128,1,415
Hawaii,5/7/21,34469,486,45,0,416
Hawaii,5/8/21,34667,487,198,1,417
Hawaii,5/9/21,34748,488,81,1,418
Hawaii,5/10/21,34808,488,60,0,419
Hawaii,5/11/21,34870,488,62,0,420
Hawaii,5/12/21,34917,489,47,1,421
Hawaii,5/13/21,34991,489,74,0,422
Hawaii,5/14/21,35131,490,140,1,423
Hawaii,5/15/21,35235,491,104,1,424
Hawaii,5/16/21,35359,492,124,1,425
Hawaii,5/17/21,35432,492,73,0,426
Hawaii,5/18/21,35487,492,55,0,427
Hawaii,5/19/21,35585,492,98,0,428
Hawaii,5/20/21,35665,492,80,0,429
Hawaii,5/21/21,35726,494,61,2,430
Hawaii,5/22/21,35819,494,93,0,431
Hawaii,5/23/21,35867,496,48,2,432
Hawaii,5/24/21,35901,496,34,0,433
Hawaii,5/25/21,35924,496,23,0,434
Hawaii,5/26/21,35974,496,50,0,435
Hawaii,5/27/21,36032,498,58,2,436
Hawaii,5/28/21,36076,498,44,0,437
Hawaii,5/29/21,36124,499,48,1,438
Hawaii,5/30/21,36246,500,122,1,439
Hawaii,5/31/21,36276,500,30,0,440
Hawaii,6/1/21,36332,500,56,0,441
Hawaii,6/2/21,36357,500,25,0,442
Hawaii,6/3/21,36402,501,45,1,443
Hawaii,6/4/21,36471,501,69,0,444
Hawaii,6/5/21,36535,502,64,1,445
Hawaii,6/6/21,36616,505,81,3,446
Hawaii,6/7/21,36649,505,33,0,447
Hawaii,6/8/21,36685,505,36,0,448
Hawaii,6/9/21,36731,505,46,0,449
Hawaii,6/10/21,36793,505,62,0,450
Hawaii,6/11/21,36871,506,78,1,451
Hawaii,6/12/21,36975,506,104,0,452
Hawaii,6/13/21,37011,506,36,0,453
