state,date,confirmed,deaths,new_confirmed,new_deaths,tagged_day
Iowa,3/11/20,13,0,5,0,1
Iowa,3/12/20,14,0,1,0,2
Iowa,3/13/20,17,0,3,0,3
Iowa,3/14/20,17,0,0,0,4
Iowa,3/15/20,18,0,1,0,5
Iowa,3/16/20,23,0,5,0,6
Iowa,3/17/20,23,0,0,0,7
Iowa,3/18/20,38,0,15,0,8
Iowa,3/19/20,44,0,6,0,9
Iowa,3/20/20,45,0,1,0,10
Iowa,3/21/20,69,0,24,0,11
Iowa,3/22/20,90,0,21,0,12
Iowa,3/23/20,105,0,15,0,13
Iowa,3/24/20,124,0,19,0,14
Iowa,3/25/20,146,1,22,1,15
Iowa,3/26/20,179,1,33,0,16
Iowa,3/27/20,235,3,56,2,17
Iowa,3/28/20,298,3,63,0,18
Iowa,3/29/20,336,4,38,1,19
Iowa,3/30/20,424,6,88,2,20
Iowa,3/31/20,497,7,73,1,21
Iowa,4/1/20,547,9,50,2,22
Iowa,4/2/20,614,11,67,2,23
Iowa,4/3/20,699,11,85,0,24
Iowa,4/4/20,787,14,88,3,25
Iowa,4/5/20,869,18,82,4,26
Iowa,4/6/20,946,25,77,7,27
Iowa,4/7/20,1046,25,100,0,28
Iowa,4/8/20,1145,27,99,2,29
Iowa,4/9/20,1270,29,125,2,30
Iowa,4/10/20,1388,31,118,2,31
Iowa,4/11/20,1510,34,122,3,32
Iowa,4/12/20,1587,41,77,7,33
Iowa,4/13/20,1710,41,123,0,34
Iowa,4/14/20,1899,49,189,8,35
Iowa,4/15/20,1995,53,96,4,36
Iowa,4/16/20,2141,60,146,7,37
Iowa,4/17/20,2332,64,191,4,38
Iowa,4/18/20,2513,74,181,10,39
Iowa,4/19/20,2902,75,389,1,40
Iowa,4/20/20,3159,79,257,4,41
Iowa,4/21/20,3641,83,482,4,42
Iowa,4/22/20,3748,90,107,7,43
Iowa,4/23/20,3924,96,176,6,44
Iowa,4/24/20,4445,107,521,11,45
Iowa,4/25/20,5092,112,647,5,46
Iowa,4/26/20,5476,118,384,6,47
Iowa,4/27/20,5868,127,392,9,48
Iowa,4/28/20,6376,136,508,9,49
Iowa,4/29/20,6843,148,467,12,50
Iowa,4/30/20,7145,162,302,14,51
Iowa,5/1/20,7884,170,739,8,52
Iowa,5/2/20,8643,175,759,5,53
Iowa,5/3/20,9175,184,532,9,54
Iowa,5/4/20,9703,188,528,4,55
Iowa,5/5/20,10111,207,408,19,56
Iowa,5/6/20,10404,219,293,12,57
Iowa,5/7/20,11059,231,655,12,58
Iowa,5/8/20,11457,243,398,12,59
Iowa,5/9/20,11671,252,214,9,60
Iowa,5/10/20,11959,265,288,13,61
Iowa,5/11/20,12373,271,414,6,62
Iowa,5/12/20,12912,289,539,18,63
Iowa,5/13/20,13289,306,377,17,64
Iowa,5/14/20,13675,318,386,12,65
Iowa,5/15/20,14049,336,374,18,66
Iowa,5/16/20,14328,346,279,10,67
Iowa,5/17/20,14651,351,323,5,68
Iowa,5/18/20,14955,355,304,4,69
Iowa,5/19/20,15296,367,341,12,70
Iowa,5/20/20,15620,393,324,26,71
Iowa,5/21/20,16170,410,550,17,72
Iowa,5/22/20,16492,424,322,14,73
Iowa,5/23/20,16898,446,406,22,74
Iowa,5/24/20,17251,456,353,10,75
Iowa,5/25/20,17557,456,306,0,76
Iowa,5/26/20,17703,477,146,21,77
Iowa,5/27/20,18369,496,666,19,78
Iowa,5/28/20,18586,506,217,10,79
Iowa,5/29/20,18957,524,371,18,80
Iowa,5/30/20,19244,531,287,7,81
Iowa,5/31/20,19552,535,308,4,82
Iowa,6/1/20,19699,555,147,20,83
Iowa,6/2/20,20019,561,320,6,84
Iowa,6/3/20,20300,574,281,13,85
Iowa,6/4/20,20806,583,506,9,86
Iowa,6/5/20,21154,593,348,10,87
Iowa,6/6/20,21478,599,324,6,88
Iowa,6/7/20,21712,605,234,6,89
Iowa,6/8/20,22007,617,295,12,90
Iowa,6/9/20,22237,626,230,9,91
Iowa,6/10/20,22626,631,389,5,92
Iowa,6/11/20,22973,640,347,9,93
Iowa,6/12/20,23350,644,377,4,94
Iowa,6/13/20,23717,650,367,6,95
Iowa,6/14/20,23926,652,209,2,96
Iowa,6/15/20,24082,658,156,6,97
Iowa,6/16/20,24179,665,97,7,98
Iowa,6/17/20,24460,675,281,10,99
Iowa,6/18/20,24861,680,401,5,100
Iowa,6/19/20,25274,681,413,1,101
Iowa,6/20/20,25496,681,222,0,102
Iowa,6/21/20,25963,686,467,5,103
Iowa,6/22/20,26146,686,183,0,104
Iowa,6/23/20,26469,689,323,3,105
Iowa,6/24/20,26601,690,132,1,106
Iowa,6/25/20,27373,696,772,6,107
Iowa,6/26/20,27717,704,344,8,108
Iowa,6/27/20,28073,704,356,0,109
Iowa,6/28/20,28520,706,447,2,110
Iowa,6/29/20,28845,711,325,5,111
Iowa,6/30/20,29074,716,229,5,112
Iowa,7/1/20,29514,717,440,1,113
Iowa,7/2/20,30259,719,745,2,114
Iowa,7/3/20,30463,721,204,2,115
Iowa,7/4/20,31061,721,598,0,116
Iowa,7/5/20,31517,721,456,0,117
Iowa,7/6/20,31758,723,241,2,118
Iowa,7/7/20,32153,732,395,9,119
Iowa,7/8/20,32624,736,471,4,120
Iowa,7/9/20,33254,741,630,5,121
Iowa,7/10/20,34172,743,918,2,122
Iowa,7/11/20,34658,748,486,5,123
Iowa,7/12/20,35410,752,752,4,124
Iowa,7/13/20,35631,755,221,3,125
Iowa,7/14/20,35866,757,235,2,126
Iowa,7/15/20,36536,777,670,20,127
Iowa,7/16/20,37350,781,814,4,128
Iowa,7/17/20,37903,785,553,4,129
Iowa,7/18/20,38313,789,410,4,130
Iowa,7/19/20,38813,793,500,4,131
Iowa,7/20/20,39343,798,530,5,132
Iowa,7/21/20,39721,806,378,8,133
Iowa,7/22/20,40208,814,487,8,134
Iowa,7/23/20,40796,820,588,6,135
Iowa,7/24/20,41434,826,638,6,136
Iowa,7/25/20,41886,826,452,0,137
Iowa,7/26/20,42357,829,471,3,138
Iowa,7/27/20,42696,836,339,7,139
Iowa,7/28/20,42928,839,232,3,140
Iowa,7/29/20,43623,854,695,15,141
Iowa,7/30/20,44285,865,662,11,142
Iowa,7/31/20,44753,872,468,7,143
Iowa,8/1/20,45293,874,540,2,144
Iowa,8/2/20,45723,878,430,4,145
Iowa,8/3/20,45905,884,182,6,146
Iowa,8/4/20,46231,888,326,4,147
Iowa,8/5/20,46836,900,605,12,148
Iowa,8/6/20,47559,912,723,12,149
Iowa,8/7/20,48040,915,481,3,150
Iowa,8/8/20,48535,927,495,12,151
Iowa,8/9/20,48919,931,384,4,152
Iowa,8/10/20,49165,934,246,3,153
Iowa,8/11/20,49521,946,356,12,154
Iowa,8/12/20,49973,953,452,7,155
Iowa,8/13/20,50373,960,400,7,156
Iowa,8/14/20,51247,970,874,10,157
Iowa,8/15/20,52065,975,818,5,158
Iowa,8/16/20,52447,975,382,0,159
Iowa,8/17/20,52829,987,382,12,160
Iowa,8/18/20,53201,1002,372,15,161
Iowa,8/19/20,53523,1010,322,8,162
Iowa,8/20/20,54533,1016,1010,6,163
Iowa,8/21/20,55331,1029,798,13,164
Iowa,8/22/20,55996,1033,665,4,165
Iowa,8/23/20,56446,1037,450,4,166
Iowa,8/24/20,56909,1047,463,10,167
Iowa,8/25/20,57606,1059,697,12,168
Iowa,8/26/20,58807,1071,1201,12,169
Iowa,8/27/20,61488,1091,2681,20,170
Iowa,8/28/20,62828,1108,1340,17,171
Iowa,8/29/20,63612,1100,784,-8,172
Iowa,8/30/20,64599,1113,987,13,173
Iowa,8/31/20,65139,1120,540,7,174
Iowa,9/1/20,65847,1125,708,5,175
Iowa,9/2/20,66463,1133,616,8,176
Iowa,9/3/20,67691,1136,1228,3,177
Iowa,9/4/20,68744,1158,1053,22,178
Iowa,9/5/20,69690,1164,946,6,179
Iowa,9/6/20,70215,1167,525,3,180
Iowa,9/7/20,70537,1170,322,3,181
Iowa,9/8/20,71019,1185,482,15,182
Iowa,9/9/20,71595,1204,576,19,183
Iowa,9/10/20,72458,1207,863,3,184
Iowa,9/11/20,73399,1216,941,9,185
Iowa,9/12/20,74205,1218,806,2,186
Iowa,9/13/20,74676,1220,471,2,187
Iowa,9/14/20,75064,1224,388,4,188
Iowa,9/15/20,75721,1234,657,10,189
Iowa,9/16/20,76652,1248,931,14,190
Iowa,9/17/20,77204,1250,552,2,191
Iowa,9/18/20,78839,1264,1635,14,192
Iowa,9/19/20,79804,1265,965,1,193
Iowa,9/20/20,80410,1265,606,0,194
Iowa,9/21/20,81007,1284,597,19,195
Iowa,9/22/20,81618,1293,611,9,196
Iowa,9/23/20,82871,1298,1253,5,197
Iowa,9/24/20,83991,1303,1120,5,198
Iowa,9/25/20,85031,1312,1040,9,199
Iowa,9/26/20,85908,1314,877,2,200
Iowa,9/27/20,86624,1316,716,2,201
Iowa,9/28/20,87257,1324,633,8,202
Iowa,9/29/20,88235,1341,978,17,203
Iowa,9/30/20,89247,1358,1012,17,204
Iowa,10/1/20,90428,1366,1181,8,205
Iowa,10/2/20,91482,1377,1054,11,206
Iowa,10/3/20,92301,1381,819,4,207
Iowa,10/4/20,92744,1387,443,6,208
Iowa,10/5/20,93260,1398,516,11,209
Iowa,10/6/20,93805,1413,545,15,210
Iowa,10/7/20,95093,1419,1288,6,211
Iowa,10/8/20,96657,1433,1564,14,212
Iowa,10/9/20,97881,1454,1224,21,213
Iowa,10/10/20,99042,1459,1161,5,214
Iowa,10/11/20,99943,1462,901,3,215
Iowa,10/12/20,100453,1481,510,19,216
Iowa,10/13/20,101422,1491,969,10,217
Iowa,10/14/20,102904,1505,1482,14,218
Iowa,10/15/20,104056,1516,1152,11,219
Iowa,10/16/20,105746,1524,1690,8,220
Iowa,10/17/20,106698,1528,952,4,221
Iowa,10/18/20,107334,1532,636,4,222
Iowa,10/19/20,108060,1548,726,16,223
Iowa,10/20/20,109202,1576,1142,28,224
Iowa,10/21/20,110250,1594,1048,18,225
Iowa,10/22/20,111733,1601,1483,7,226
Iowa,10/23/20,113376,1629,1643,28,227
Iowa,10/24/20,114836,1634,1460,5,228
Iowa,10/25/20,116238,1635,1402,1,229
Iowa,10/26/20,117198,1657,960,22,230
Iowa,10/27/20,118563,1680,1365,23,231
Iowa,10/28/20,120635,1691,2072,11,232
Iowa,10/29/20,122950,1705,2315,14,233
Iowa,10/30/20,125722,1714,2772,9,234
Iowa,10/31/20,128510,1716,2788,2,235
Iowa,11/1/20,130974,1733,2464,17,236
Iowa,11/2/20,132516,1756,1542,23,237
Iowa,11/3/20,134326,1780,1810,24,238
Iowa,11/4/20,137214,1801,2888,21,239
Iowa,11/5/20,142491,1814,5277,13,240
Iowa,11/6/20,145866,1828,3375,14,241
Iowa,11/7/20,150254,1842,4388,14,242
Iowa,11/8/20,154778,1845,4524,3,243
Iowa,11/9/20,159910,1872,5132,27,244
Iowa,11/10/20,163827,1898,3917,26,245
Iowa,11/11/20,168453,1927,4626,29,246
Iowa,11/12/20,173404,1946,4951,19,247
Iowa,11/13/20,178888,1972,5484,26,248
Iowa,11/14/20,183555,1985,4667,13,249
Iowa,11/15/20,186314,1989,2759,4,250
Iowa,11/16/20,189597,2023,3283,34,251
Iowa,11/17/20,193198,2064,3601,41,252
Iowa,11/18/20,197518,2102,4320,38,253
Iowa,11/19/20,201572,2127,4054,25,254
Iowa,11/20/20,205917,2159,4345,32,255
Iowa,11/21/20,209203,2191,3286,32,256
Iowa,11/22/20,211664,2202,2461,11,257
Iowa,11/23/20,214792,2222,3128,20,258
Iowa,11/24/20,217784,2270,2992,48,259
Iowa,11/25/20,221286,2312,3502,42,260
Iowa,11/26/20,223323,2349,2037,37,261
Iowa,11/27/20,225056,2360,1733,11,262
Iowa,11/28/20,227179,2375,2123,15,263
Iowa,11/29/20,228690,2399,1511,24,264
Iowa,11/30/20,230631,2426,1941,27,265
Iowa,12/1/20,233062,2449,2431,23,266
Iowa,12/2/20,236159,2518,3097,69,267
Iowa,12/3/20,238724,2603,2565,85,268
Iowa,12/4/20,241531,2665,2807,62,269
Iowa,12/5/20,243385,2682,1854,17,270
Iowa,12/6/20,244691,2717,1306,35,271
Iowa,12/7/20,245984,2723,1293,6,272
Iowa,12/8/20,247954,2724,1970,1,273
Iowa,12/9/20,250280,2724,2326,0,274
Iowa,12/10/20,252553,2724,2273,0,275
Iowa,12/11/20,253612,3193,1059,469,276
Iowa,12/12/20,255009,3208,1397,15,277
Iowa,12/13/20,256249,3209,1240,1,278
Iowa,12/14/20,257311,3269,1062,60,279
Iowa,12/15/20,258253,3336,942,67,280
Iowa,12/16/20,260774,3350,2521,14,281
Iowa,12/17/20,262210,3450,1436,100,282
Iowa,12/18/20,264707,3450,2497,0,283
Iowa,12/19/20,266959,3532,2252,82,284
Iowa,12/20/20,267329,3588,370,56,285
Iowa,12/21/20,268736,3588,1407,0,286
Iowa,12/22/20,270294,3652,1558,64,287
Iowa,12/23/20,272112,3667,1818,15,288
Iowa,12/24/20,273661,3738,1549,71,289
Iowa,12/25/20,274266,3743,605,5,290
Iowa,12/26/20,274793,3743,527,0,291
Iowa,12/27/20,275299,3744,506,1,292
Iowa,12/28/20,276649,3744,1350,0,293
Iowa,12/29/20,278310,3812,1661,68,294
Iowa,12/30/20,280064,3822,1754,10,295
Iowa,12/31/20,281712,3891,1648,69,296
Iowa,1/1/21,282980,3898,1268,7,297
Iowa,1/2/21,283895,3946,915,48,298
Iowa,1/3/21,284715,3946,820,0,299
Iowa,1/4/21,286356,3992,1641,46,300
Iowa,1/5/21,288298,3999,1942,7,301
Iowa,1/6/21,290776,4060,2478,61,302
Iowa,1/7/21,293189,4065,2413,5,303
Iowa,1/8/21,294762,4124,1573,59,304
Iowa,1/9/21,296171,4127,1409,3,305
Iowa,1/10/21,296682,4138,511,11,306
Iowa,1/11/21,297774,4139,1092,1,307
Iowa,1/12/21,299255,4222,1481,83,308
Iowa,1/13/21,301161,4232,1906,10,309
Iowa,1/14/21,302560,4251,1399,19,310
Iowa,1/15/21,303926,4257,1366,6,311
Iowa,1/16/21,304748,4321,822,64,312
Iowa,1/17/21,305151,4323,403,2,313
Iowa,1/18/21,306083,4324,932,1,314
Iowa,1/19/21,307302,4332,1219,8,315
Iowa,1/20/21,308787,4394,1485,62,316
Iowa,1/21/21,310440,4445,1653,51,317
Iowa,1/22/21,311695,4478,1255,33,318
Iowa,1/23/21,312622,4486,927,8,319
Iowa,1/24/21,313137,4487,515,1,320
Iowa,1/25/21,313909,4488,772,1,321
Iowa,1/26/21,315002,4492,1093,4,322
Iowa,1/27/21,316114,4500,1112,8,323
Iowa,1/28/21,317124,4532,1010,32,324
Iowa,1/29/21,318319,4577,1195,45,325
Iowa,1/30/21,319110,4651,791,74,326
Iowa,1/31/21,319408,4901,298,250,327
Iowa,2/1/21,320187,4906,779,5,328
Iowa,2/2/21,321274,4919,1087,13,329
Iowa,2/3/21,322308,4975,1034,56,330
Iowa,2/4/21,323216,5033,908,58,331
Iowa,2/5/21,323797,5067,581,34,332
Iowa,2/6/21,324306,5108,509,41,333
Iowa,2/7/21,324590,5108,284,0,334
Iowa,2/8/21,325219,5110,629,2,335
Iowa,2/9/21,326150,5145,931,35,336
Iowa,2/10/21,327061,5174,911,29,337
Iowa,2/11/21,327432,5196,371,22,338
Iowa,2/12/21,328565,5223,1133,27,339
Iowa,2/13/21,329039,5236,474,13,340
Iowa,2/14/21,329258,5236,219,0,341
Iowa,2/15/21,329726,5237,468,1,342
Iowa,2/16/21,330318,5263,592,26,343
Iowa,2/17/21,330906,5306,588,43,344
Iowa,2/18/21,331505,5321,599,15,345
Iowa,2/19/21,331747,5336,242,15,346
Iowa,2/20/21,332182,5336,435,0,347
Iowa,2/21/21,332760,5336,578,0,348
Iowa,2/22/21,333080,5374,320,38,349
Iowa,2/23/21,333964,5400,884,26,350
Iowa,2/24/21,334665,5415,701,15,351
Iowa,2/25/21,335244,5438,579,23,352
Iowa,2/26/21,335855,5463,611,25,353
Iowa,2/27/21,336282,5470,427,7,354
Iowa,2/28/21,336465,5471,183,1,355
Iowa,3/1/21,336890,5472,425,1,356
Iowa,3/2/21,337520,5498,630,26,357
Iowa,3/3/21,338041,5501,521,3,358
Iowa,3/4/21,338613,5536,572,35,359
Iowa,3/5/21,339148,5549,535,13,360
Iowa,3/6/21,339529,5552,381,3,361
Iowa,3/7/21,339672,5558,143,6,362
Iowa,3/8/21,340128,5559,456,1,363
Iowa,3/9/21,340891,5574,763,15,364
Iowa,3/10/21,341378,5601,487,27,365
Iowa,3/11/21,341838,5621,460,20,366
Iowa,3/12/21,342343,5630,505,9,367
Iowa,3/13/21,342705,5633,362,3,368
Iowa,3/14/21,342886,5641,181,8,369
Iowa,3/15/21,343303,5642,417,1,370
Iowa,3/16/21,343851,5657,548,15,371
Iowa,3/17/21,344267,5666,416,9,372
Iowa,3/18/21,344860,5672,593,6,373
Iowa,3/19/21,345304,5672,444,0,374
Iowa,3/20/21,345642,5674,338,2,375
Iowa,3/21/21,345785,5675,143,1,376
Iowa,3/22/21,346217,5675,432,0,377
Iowa,3/23/21,346984,5683,767,8,378
Iowa,3/24/21,347592,5689,608,6,379
Iowa,3/25/21,348498,5708,906,19,380
Iowa,3/26/21,349057,5716,559,8,381
Iowa,3/27/21,349554,5718,497,2,382
Iowa,3/28/21,349714,5725,160,7,383
Iowa,3/29/21,350219,5729,505,4,384
Iowa,3/30/21,350756,5729,537,0,385
Iowa,3/31/21,351402,5743,646,14,386
Iowa,4/1/21,352137,5751,735,8,387
Iowa,4/2/21,352714,5754,577,3,388
Iowa,4/3/21,353207,5822,493,68,389
Iowa,4/4/21,353362,5822,155,0,390
Iowa,4/5/21,353829,5822,467,0,391
Iowa,4/6/21,354557,5835,728,13,392
Iowa,4/7/21,354829,5836,272,1,393
Iowa,4/8/21,355454,5843,625,7,394
Iowa,4/9/21,356073,5849,619,6,395
Iowa,4/10/21,356823,5857,750,8,396
Iowa,4/11/21,357019,5857,196,0,397
Iowa,4/12/21,357197,5857,178,0,398
Iowa,4/13/21,357739,5857,542,0,399
Iowa,4/14/21,358395,5857,656,0,400
Iowa,4/15/21,358873,5870,478,13,401
Iowa,4/16/21,359260,5878,387,8,402
Iowa,4/17/21,359765,5881,505,3,403
Iowa,4/18/21,360054,5881,289,0,404
Iowa,4/19/21,360345,5886,291,5,405
Iowa,4/20/21,360784,5893,439,7,406
Iowa,4/21/21,361423,5899,639,6,407
Iowa,4/22/21,361900,5904,477,5,408
Iowa,4/23/21,362334,5907,434,3,409
Iowa,4/24/21,362729,5927,395,20,410
Iowa,4/25/21,362924,5927,195,0,411
Iowa,4/26/21,363162,5927,238,0,412
Iowa,4/27/21,363530,5930,368,3,413
Iowa,4/28/21,364036,5931,506,1,414
Iowa,4/29/21,364486,5931,450,0,415
Iowa,4/30/21,364844,5950,358,19,416
Iowa,5/1/21,365229,5952,385,2,417
Iowa,5/2/21,365524,5959,295,7,418
Iowa,5/3/21,365754,5959,230,0,419
Iowa,5/4/21,366131,5960,377,1,420
Iowa,5/5/21,366570,5962,439,2,421
Iowa,5/6/21,366959,5980,389,18,422
Iowa,5/7/21,367300,5983,341,3,423
Iowa,5/8/21,367564,5984,264,1,424
Iowa,5/9/21,367717,5985,153,1,425
Iowa,5/10/21,367912,5985,195,0,426
Iowa,5/11/21,368192,5989,280,4,427
Iowa,5/12/21,368566,5994,374,5,428
Iowa,5/13/21,368822,5997,256,3,429
Iowa,5/14/21,369057,5998,235,1,430
Iowa,5/15/21,369232,6000,175,2,431
Iowa,5/16/21,369370,6006,138,6,432
Iowa,5/17/21,369494,6006,124,0,433
Iowa,5/18/21,369693,6013,199,7,434
Iowa,5/19/21,369984,6018,291,5,435
Iowa,5/20/21,370194,6025,210,7,436
Iowa,5/21/21,370363,6035,169,10,437
Iowa,5/22/21,370519,6035,156,0,438
Iowa,5/23/21,370628,6035,109,0,439
Iowa,5/24/21,370719,6035,91,0,440
Iowa,5/25/21,370873,6038,154,3,441
Iowa,5/26/21,371031,6044,158,6,442
Iowa,5/27/21,371143,6047,112,3,443
Iowa,5/28/21,371253,6053,110,6,444
Iowa,5/29/21,371331,6055,78,2,445
Iowa,5/30/21,371382,6055,51,0,446
Iowa,5/31/21,371424,6055,42,0,447
Iowa,6/1/21,371478,6057,54,2,448
Iowa,6/2/21,371640,6061,162,4,449
Iowa,6/3/21,371765,6065,125,4,450
Iowa,6/4/21,371862,6067,97,2,451
Iowa,6/5/21,371956,6068,94,1,452
Iowa,6/6/21,372024,6072,68,4,453
Iowa,6/7/21,372064,6073,40,1,454
Iowa,6/8/21,372156,6078,92,5,455
Iowa,6/9/21,372248,6084,92,6,456
Iowa,6/10/21,372331,6095,83,11,457
Iowa,6/11/21,372438,6097,107,2,458
Iowa,6/12/21,372523,6099,85,2,459
Iowa,6/13/21,372580,6102,57,3,460
