state,date,confirmed,deaths,new_confirmed,new_deaths,tagged_day
Kentucky,3/13/20,14,0,4,0,1
Kentucky,3/14/20,16,0,2,0,2
Kentucky,3/15/20,18,0,2,0,3
Kentucky,3/16/20,21,1,3,1,4
Kentucky,3/17/20,26,1,5,0,5
Kentucky,3/18/20,28,1,2,0,6
Kentucky,3/19/20,50,2,22,1,7
Kentucky,3/20/20,64,2,14,0,8
Kentucky,3/21/20,87,3,23,1,9
Kentucky,3/22/20,103,3,16,0,10
Kentucky,3/23/20,123,4,20,1,11
Kentucky,3/24/20,162,4,39,0,12
Kentucky,3/25/20,197,5,35,1,13
Kentucky,3/26/20,247,5,50,0,14
Kentucky,3/27/20,301,7,54,2,15
Kentucky,3/28/20,380,9,79,2,16
Kentucky,3/29/20,438,9,58,0,17
Kentucky,3/30/20,479,11,41,2,18
Kentucky,3/31/20,628,11,149,0,19
Kentucky,4/1/20,632,18,4,7,20
Kentucky,4/2/20,770,31,138,13,21
Kentucky,4/3/20,770,34,0,3,22
Kentucky,4/4/20,917,40,147,6,23
Kentucky,4/5/20,955,45,38,5,24
Kentucky,4/6/20,955,45,0,0,25
Kentucky,4/7/20,1149,65,194,20,26
Kentucky,4/8/20,1149,65,0,0,27
Kentucky,4/9/20,1341,73,192,8,28
Kentucky,4/10/20,1693,90,352,17,29
Kentucky,4/11/20,1693,90,0,0,30
Kentucky,4/12/20,1963,97,270,7,31
Kentucky,4/13/20,2018,113,55,16,32
Kentucky,4/14/20,2048,106,30,-7,33
Kentucky,4/15/20,2210,115,162,9,34
Kentucky,4/16/20,2435,129,225,14,35
Kentucky,4/17/20,2522,137,87,8,36
Kentucky,4/18/20,2707,144,185,7,37
Kentucky,4/19/20,2960,146,253,2,38
Kentucky,4/20/20,3050,154,90,8,39
Kentucky,4/21/20,3204,171,154,17,40
Kentucky,4/22/20,3378,185,174,14,41
Kentucky,4/23/20,3479,191,101,6,42
Kentucky,4/24/20,3779,200,300,9,43
Kentucky,4/25/20,3915,205,136,5,44
Kentucky,4/26/20,4085,208,170,3,45
Kentucky,4/27/20,4156,213,71,5,46
Kentucky,4/28/20,4375,225,219,12,47
Kentucky,4/29/20,4537,234,162,9,48
Kentucky,4/30/20,4708,240,171,6,49
Kentucky,5/1/20,4882,246,174,6,50
Kentucky,5/2/20,4879,248,-3,2,51
Kentucky,5/3/20,5130,253,251,5,52
Kentucky,5/4/20,5245,261,115,8,53
Kentucky,5/5/20,5822,275,577,14,54
Kentucky,5/6/20,5934,283,112,8,55
Kentucky,5/7/20,6129,294,195,11,56
Kentucky,5/8/20,6288,298,159,4,57
Kentucky,5/9/20,6440,304,152,6,58
Kentucky,5/10/20,6440,304,0,0,59
Kentucky,5/11/20,6677,311,237,7,60
Kentucky,5/12/20,6853,321,176,10,61
Kentucky,5/13/20,6853,321,0,0,62
Kentucky,5/14/20,7225,328,372,7,63
Kentucky,5/15/20,7444,332,219,4,64
Kentucky,5/16/20,7688,334,244,2,65
Kentucky,5/17/20,7688,334,0,0,66
Kentucky,5/18/20,7935,346,247,12,67
Kentucky,5/19/20,8069,366,134,20,68
Kentucky,5/20/20,8167,376,98,10,69
Kentucky,5/21/20,8286,386,119,10,70
Kentucky,5/22/20,8426,391,140,5,71
Kentucky,5/23/20,8571,391,145,0,72
Kentucky,5/24/20,8571,391,0,0,73
Kentucky,5/25/20,8571,391,0,0,74
Kentucky,5/26/20,8951,394,380,3,75
Kentucky,5/27/20,9077,400,126,6,76
Kentucky,5/28/20,9185,409,108,9,77
Kentucky,5/29/20,9464,418,279,9,78
Kentucky,5/30/20,9704,431,240,13,79
Kentucky,5/31/20,9704,431,0,0,80
Kentucky,6/1/20,10046,439,342,8,81
Kentucky,6/2/20,10185,442,139,3,82
Kentucky,6/3/20,10410,450,225,8,83
Kentucky,6/4/20,10705,458,295,8,84
Kentucky,6/5/20,10977,466,272,8,85
Kentucky,6/6/20,11287,470,310,4,86
Kentucky,6/7/20,11287,470,0,0,87
Kentucky,6/8/20,11476,472,189,2,88
Kentucky,6/9/20,11707,477,231,5,89
Kentucky,6/10/20,11883,484,176,7,90
Kentucky,6/11/20,11945,493,62,9,91
Kentucky,6/12/20,12166,497,221,4,92
Kentucky,6/13/20,12445,499,279,2,93
Kentucky,6/14/20,12445,499,0,0,94
Kentucky,6/15/20,12647,505,202,6,95
Kentucky,6/16/20,12647,505,0,0,96
Kentucky,6/17/20,12995,518,348,13,97
Kentucky,6/18/20,13197,520,202,2,98
Kentucky,6/19/20,13454,522,257,2,99
Kentucky,6/20/20,13630,524,176,2,100
Kentucky,6/21/20,13750,526,120,2,101
Kentucky,6/22/20,13839,526,89,0,102
Kentucky,6/23/20,14141,537,302,11,103
Kentucky,6/24/20,14363,538,222,1,104
Kentucky,6/25/20,14617,546,254,8,105
Kentucky,6/26/20,14859,553,242,7,106
Kentucky,6/27/20,15167,554,308,1,107
Kentucky,6/28/20,15232,558,65,4,108
Kentucky,6/29/20,15347,560,115,2,109
Kentucky,6/30/20,15624,565,277,5,110
Kentucky,7/1/20,15842,572,218,7,111
Kentucky,7/2/20,16079,581,237,9,112
Kentucky,7/3/20,16376,585,297,4,113
Kentucky,7/4/20,16376,585,0,0,114
Kentucky,7/5/20,16376,585,0,0,115
Kentucky,7/6/20,17152,593,776,8,116
Kentucky,7/7/20,17519,602,367,9,117
Kentucky,7/8/20,17919,608,400,6,118
Kentucky,7/9/20,18245,612,326,4,119
Kentucky,7/10/20,18672,620,427,8,120
Kentucky,7/11/20,19121,622,449,2,121
Kentucky,7/12/20,19389,625,268,3,122
Kentucky,7/13/20,19653,629,264,4,123
Kentucky,7/14/20,20223,635,570,6,124
Kentucky,7/15/20,20677,645,454,10,125
Kentucky,7/16/20,21083,650,406,5,126
Kentucky,7/17/20,21605,658,522,8,127
Kentucky,7/18/20,22184,667,579,9,128
Kentucky,7/19/20,23161,670,977,3,129
Kentucky,7/20/20,23414,671,253,1,130
Kentucky,7/21/20,24060,674,646,3,131
Kentucky,7/22/20,24540,677,480,3,132
Kentucky,7/23/20,25147,684,607,7,133
Kentucky,7/24/20,25932,691,785,7,134
Kentucky,7/25/20,26764,696,832,5,135
Kentucky,7/26/20,27082,700,318,4,136
Kentucky,7/27/20,27586,709,504,9,137
Kentucky,7/28/20,28111,719,525,10,138
Kentucky,7/29/20,28727,724,616,5,139
Kentucky,7/30/20,29386,731,659,7,140
Kentucky,7/31/20,30151,735,765,4,141
Kentucky,8/1/20,30723,740,572,5,142
Kentucky,8/2/20,31185,742,462,2,143
Kentucky,8/3/20,31508,744,323,2,144
Kentucky,8/4/20,32197,751,689,7,145
Kentucky,8/5/20,32741,752,544,1,146
Kentucky,8/6/20,33254,760,513,8,147
Kentucky,8/7/20,33796,764,542,4,148
Kentucky,8/8/20,34578,772,782,8,149
Kentucky,8/9/20,34982,773,404,1,150
Kentucky,8/10/20,35254,775,272,2,151
Kentucky,8/11/20,35793,783,539,8,152
Kentucky,8/12/20,36945,790,1152,7,153
Kentucky,8/13/20,37686,796,741,6,154
Kentucky,8/14/20,38298,804,612,8,155
Kentucky,8/15/20,38930,810,632,6,156
Kentucky,8/16/20,38930,810,0,0,157
Kentucky,8/17/20,39691,818,761,8,158
Kentucky,8/18/20,40299,830,608,12,159
Kentucky,8/19/20,40926,842,627,12,160
Kentucky,8/20/20,41626,856,700,14,161
Kentucky,8/21/20,42265,864,639,8,162
Kentucky,8/22/20,43066,872,801,8,163
Kentucky,8/23/20,43066,872,0,0,164
Kentucky,8/24/20,43898,884,832,12,165
Kentucky,8/25/20,44568,895,670,11,166
Kentucky,8/26/20,45230,902,662,7,167
Kentucky,8/27/20,45978,910,748,8,168
Kentucky,8/28/20,46757,918,779,8,169
Kentucky,8/29/20,47577,921,820,3,170
Kentucky,8/30/20,48031,929,454,8,171
Kentucky,8/31/20,48396,933,365,4,172
Kentucky,9/1/20,49185,948,789,15,173
Kentucky,9/2/20,49991,966,806,18,174
Kentucky,9/3/20,50885,976,894,10,175
Kentucky,9/4/20,51677,987,792,11,176
Kentucky,9/5/20,52464,993,787,6,177
Kentucky,9/6/20,52774,996,310,3,178
Kentucky,9/7/20,53064,996,290,0,179
Kentucky,9/8/20,53319,997,255,1,180
Kentucky,9/9/20,53977,1013,658,16,181
Kentucky,9/10/20,54772,1035,795,22,182
Kentucky,9/11/20,55704,1044,932,9,183
Kentucky,9/12/20,56415,1057,711,13,184
Kentucky,9/13/20,56945,1060,530,3,185
Kentucky,9/14/20,57282,1065,337,5,186
Kentucky,9/15/20,58000,1074,718,9,187
Kentucky,9/16/20,58764,1082,764,8,188
Kentucky,9/17/20,59370,1093,606,11,189
Kentucky,9/18/20,60128,1101,758,8,190
Kentucky,9/19/20,61106,1108,978,7,191
Kentucky,9/20/20,61542,1111,436,3,192
Kentucky,9/21/20,61917,1112,375,1,193
Kentucky,9/22/20,62731,1119,814,7,194
Kentucky,9/23/20,63515,1124,784,5,195
Kentucky,9/24/20,64158,1137,643,13,196
Kentucky,9/25/20,65066,1149,908,12,197
Kentucky,9/26/20,66036,1154,970,5,198
Kentucky,9/27/20,66491,1157,455,3,199
Kentucky,9/28/20,66939,1162,448,5,200
Kentucky,9/29/20,67856,1170,917,8,201
Kentucky,9/30/20,68840,1174,984,4,202
Kentucky,10/1/20,69728,1191,888,17,203
Kentucky,10/2/20,70727,1197,999,6,204
Kentucky,10/3/20,72001,1205,1274,8,205
Kentucky,10/4/20,72617,1209,616,4,206
Kentucky,10/5/20,73158,1214,541,5,207
Kentucky,10/6/20,74194,1218,1036,4,208
Kentucky,10/7/20,76587,1223,2393,5,209
Kentucky,10/8/20,77455,1234,868,11,210
Kentucky,10/9/20,78456,1242,1001,8,211
Kentucky,10/10/20,79445,1249,989,7,212
Kentucky,10/11/20,80292,1252,847,3,213
Kentucky,10/12/20,80930,1255,638,3,214
Kentucky,10/13/20,81691,1269,761,14,215
Kentucky,10/14/20,83013,1276,1322,7,216
Kentucky,10/15/20,84195,1296,1182,20,217
Kentucky,10/16/20,85506,1300,1311,4,218
Kentucky,10/17/20,86797,1312,1291,12,219
Kentucky,10/18/20,87607,1318,810,6,220
Kentucky,10/19/20,88247,1326,640,8,221
Kentucky,10/20/20,89544,1342,1297,16,222
Kentucky,10/21/20,90996,1363,1452,21,223
Kentucky,10/22/20,92299,1380,1303,17,224
Kentucky,10/23/20,93748,1396,1449,16,225
Kentucky,10/24/20,95480,1404,1732,8,226
Kentucky,10/25/20,96942,1407,1462,3,227
Kentucky,10/26/20,97866,1410,924,3,228
Kentucky,10/27/20,99637,1428,1771,18,229
Kentucky,10/28/20,101494,1442,1857,14,230
Kentucky,10/29/20,103305,1461,1811,19,231
Kentucky,10/30/20,105242,1476,1937,15,232
Kentucky,10/31/20,107219,1485,1977,9,233
Kentucky,11/1/20,108642,1489,1423,4,234
Kentucky,11/2/20,109670,1492,1028,3,235
Kentucky,11/3/20,111379,1503,1709,11,236
Kentucky,11/4/20,113009,1514,1630,11,237
Kentucky,11/5/20,115277,1534,2268,20,238
Kentucky,11/6/20,117505,1544,2228,10,239
Kentucky,11/7/20,119661,1561,2156,17,240
Kentucky,11/8/20,120838,1565,1177,4,241
Kentucky,11/9/20,122567,1576,1729,11,242
Kentucky,11/10/20,124646,1590,2079,14,243
Kentucky,11/11/20,127344,1604,2698,14,244
Kentucky,11/12/20,129680,1622,2336,18,245
Kentucky,11/13/20,132844,1647,3164,25,246
Kentucky,11/14/20,136137,1658,3293,11,247
Kentucky,11/15/20,137586,1661,1449,3,248
Kentucky,11/16/20,139097,1664,1511,3,249
Kentucky,11/17/20,142008,1697,2911,33,250
Kentucky,11/18/20,144753,1712,2745,15,251
Kentucky,11/19/20,148390,1742,3637,30,252
Kentucky,11/20/20,152206,1762,3816,20,253
Kentucky,11/21/20,155908,1783,3702,21,254
Kentucky,11/22/20,158100,1787,2192,4,255
Kentucky,11/23/20,160232,1792,2132,5,256
Kentucky,11/24/20,162838,1809,2606,17,257
Kentucky,11/25/20,166139,1835,3301,26,258
Kentucky,11/26/20,166139,1835,0,0,259
Kentucky,11/27/20,171755,1871,5616,36,260
Kentucky,11/28/20,174182,1885,2427,14,261
Kentucky,11/29/20,176925,1896,2743,11,262
Kentucky,11/30/20,179041,1908,2116,12,263
Kentucky,12/1/20,183164,1943,4123,35,264
Kentucky,12/2/20,186765,1943,3601,0,265
Kentucky,12/3/20,190600,2014,3835,71,266
Kentucky,12/4/20,194192,2039,3592,25,267
Kentucky,12/5/20,198064,2062,3872,23,268
Kentucky,12/6/20,200631,2072,2567,10,269
Kentucky,12/7/20,202591,2082,1960,10,270
Kentucky,12/8/20,205667,2102,3076,20,271
Kentucky,12/9/20,209135,2118,3468,16,272
Kentucky,12/10/20,213449,2146,4314,28,273
Kentucky,12/11/20,217119,2168,3670,22,274
Kentucky,12/12/20,220659,2192,3540,24,275
Kentucky,12/13/20,223103,2207,2444,15,276
Kentucky,12/14/20,224889,2224,1786,17,277
Kentucky,12/15/20,227817,2239,2928,15,278
Kentucky,12/16/20,230692,2262,2875,23,279
Kentucky,12/17/20,234020,2316,3328,54,280
Kentucky,12/18/20,237189,2344,3169,28,281
Kentucky,12/19/20,240563,2371,3374,27,282
Kentucky,12/20/20,242320,2397,1757,26,283
Kentucky,12/21/20,244296,2412,1976,15,284
Kentucky,12/22/20,247343,2440,3047,28,285
Kentucky,12/23/20,250279,2466,2936,26,286
Kentucky,12/24/20,250279,2466,0,0,287
Kentucky,12/25/20,250279,2466,0,0,288
Kentucky,12/26/20,255562,2534,5283,68,289
Kentucky,12/27/20,257062,2555,1500,21,290
Kentucky,12/28/20,258516,2563,1454,8,291
Kentucky,12/29/20,261491,2594,2975,31,292
Kentucky,12/30/20,265261,2623,3770,29,293
Kentucky,12/31/20,265261,2623,0,0,294
Kentucky,1/1/21,265261,2623,0,0,295
Kentucky,1/2/21,273970,2698,8709,75,296
Kentucky,1/3/21,276825,2723,2855,25,297
Kentucky,1/4/21,279142,2749,2317,26,298
Kentucky,1/5/21,280835,2772,1693,23,299
Kentucky,1/6/21,286540,2806,5705,34,300
Kentucky,1/7/21,291429,2843,4889,37,301
Kentucky,1/8/21,296166,2856,4737,13,302
Kentucky,1/9/21,300397,2876,4231,20,303
Kentucky,1/10/21,303624,2901,3227,25,304
Kentucky,1/11/21,305706,2922,2082,21,305
Kentucky,1/12/21,308728,2944,3022,22,306
Kentucky,1/13/21,313281,2991,4553,47,307
Kentucky,1/14/21,317344,3042,4063,51,308
Kentucky,1/15/21,321269,3061,3925,19,309
Kentucky,1/16/21,324324,3093,3055,32,310
Kentucky,1/17/21,326674,3127,2350,34,311
Kentucky,1/18/21,328667,3167,1993,40,312
Kentucky,1/19/21,330906,3194,2239,27,313
Kentucky,1/20/21,334320,3243,3414,49,314
Kentucky,1/21/21,338033,3301,3713,58,315
Kentucky,1/22/21,340778,3337,2745,36,316
Kentucky,1/23/21,344567,3386,3789,49,317
Kentucky,1/24/21,346138,3421,1571,35,318
Kentucky,1/25/21,347827,3460,1689,39,319
Kentucky,1/26/21,350519,3495,2692,35,320
Kentucky,1/27/21,352934,3542,2415,47,321
Kentucky,1/28/21,355868,3611,2934,69,322
Kentucky,1/29/21,358469,3668,2601,57,323
Kentucky,1/30/21,361115,3714,2646,46,324
Kentucky,1/31/21,362881,3745,1766,31,325
Kentucky,2/1/21,364498,3780,1617,35,326
Kentucky,2/2/21,366929,3812,2431,32,327
Kentucky,2/3/21,369510,3863,2581,51,328
Kentucky,2/4/21,372003,3921,2493,58,329
Kentucky,2/5/21,374259,3971,2256,50,330
Kentucky,2/6/21,376253,4020,1994,49,331
Kentucky,2/7/21,377790,4051,1537,31,332
Kentucky,2/8/21,378793,4091,1003,40,333
Kentucky,2/9/21,381121,4126,2328,35,334
Kentucky,2/10/21,383032,4175,1911,49,335
Kentucky,2/11/21,384903,4211,1871,36,336
Kentucky,2/12/21,386326,4253,1423,42,337
Kentucky,2/13/21,387090,4272,764,19,338
Kentucky,2/14/21,388798,4282,1708,10,339
Kentucky,2/15/21,389521,4291,723,9,340
Kentucky,2/16/21,390762,4318,1241,27,341
Kentucky,2/17/21,391772,4336,1010,18,342
Kentucky,2/18/21,392729,4373,957,37,343
Kentucky,2/19/21,394687,4401,1958,28,344
Kentucky,2/20/21,396018,4426,1331,25,345
Kentucky,2/21/21,396997,4447,979,21,346
Kentucky,2/22/21,397526,4460,529,13,347
Kentucky,2/23/21,399013,4476,1487,16,348
Kentucky,2/24/21,400307,4527,1294,51,349
Kentucky,2/25/21,401750,4570,1443,43,350
Kentucky,2/26/21,402926,4600,1176,30,351
Kentucky,2/27/21,403947,4625,1021,25,352
Kentucky,2/28/21,404622,4637,675,12,353
Kentucky,3/1/21,405126,4652,504,15,354
Kentucky,3/2/21,406201,4671,1075,19,355
Kentucky,3/3/21,407373,4704,1172,33,356
Kentucky,3/4/21,408440,4732,1067,28,357
Kentucky,3/5/21,409345,4754,905,22,358
Kentucky,3/6/21,410184,4806,839,52,359
Kentucky,3/7/21,410709,4819,525,13,360
Kentucky,3/8/21,411040,4829,331,10,361
Kentucky,3/9/21,411917,4850,877,21,362
Kentucky,3/10/21,412924,4884,1007,34,363
Kentucky,3/11/21,414131,4921,1207,37,364
Kentucky,3/12/21,415091,4950,960,29,365
Kentucky,3/13/21,415770,4966,679,16,366
Kentucky,3/14/21,416215,4982,445,16,367
Kentucky,3/15/21,416610,5005,395,23,368
Kentucky,3/16/21,417412,5029,802,24,369
Kentucky,3/17/21,418372,5056,960,27,370
Kentucky,3/18/21,419149,5504,777,448,371
Kentucky,3/19/21,419872,5695,723,191,372
Kentucky,3/20/21,420512,5720,640,25,373
Kentucky,3/21/21,420828,5738,316,18,374
Kentucky,3/22/21,421121,5799,293,61,375
Kentucky,3/23/21,421999,5814,878,15,376
Kentucky,3/24/21,422694,5863,695,49,377
Kentucky,3/25/21,423414,5970,720,107,378
Kentucky,3/26/21,424055,6008,641,38,379
Kentucky,3/27/21,424666,6023,611,15,380
Kentucky,3/28/21,425024,6031,358,8,381
Kentucky,3/29/21,425333,6042,309,11,382
Kentucky,3/30/21,426073,6065,740,23,383
Kentucky,3/31/21,426876,6090,803,25,384
Kentucky,4/1/21,427842,6108,966,18,385
Kentucky,4/2/21,428527,6129,685,21,386
Kentucky,4/3/21,429106,6149,579,20,387
Kentucky,4/4/21,429106,6149,0,0,388
Kentucky,4/5/21,429511,6171,405,22,389
Kentucky,4/6/21,429841,6184,330,13,390
Kentucky,4/7/21,430860,6198,1019,14,391
Kentucky,4/8/21,431487,6214,627,16,392
Kentucky,4/9/21,432220,6223,733,9,393
Kentucky,4/10/21,432720,6241,500,18,394
Kentucky,4/11/21,433085,6250,365,9,395
Kentucky,4/12/21,433352,6257,267,7,396
Kentucky,4/13/21,434148,6261,796,4,397
Kentucky,4/14/21,434922,6285,774,24,398
Kentucky,4/15/21,435743,6302,821,17,399
Kentucky,4/16/21,436445,6317,702,15,400
Kentucky,4/17/21,437037,6330,592,13,401
Kentucky,4/18/21,437312,6338,275,8,402
Kentucky,4/19/21,437543,6347,231,9,403
Kentucky,4/20/21,438147,6360,604,13,404
Kentucky,4/21/21,438927,6373,780,13,405
Kentucky,4/22/21,439551,6381,624,8,406
Kentucky,4/23/21,440149,6403,598,22,407
Kentucky,4/24/21,440631,6436,482,33,408
Kentucky,4/25/21,440955,6449,324,13,409
Kentucky,4/26/21,441166,6459,211,10,410
Kentucky,4/27/21,441880,6476,714,17,411
Kentucky,4/28/21,442618,6485,738,9,412
Kentucky,4/29/21,443408,6497,790,12,413
Kentucky,4/30/21,444127,6501,719,4,414
Kentucky,5/1/21,444771,6513,644,12,415
Kentucky,5/2/21,445139,6517,368,4,416
Kentucky,5/3/21,445449,6525,310,8,417
Kentucky,5/4/21,446221,6532,772,7,418
Kentucky,5/5/21,446929,6542,708,10,419
Kentucky,5/6/21,447582,6548,653,6,420
Kentucky,5/7/21,448215,6559,633,11,421
Kentucky,5/8/21,448757,6578,542,19,422
Kentucky,5/9/21,448952,6586,195,8,423
Kentucky,5/10/21,449107,6597,155,11,424
Kentucky,5/11/21,449864,6620,757,23,425
Kentucky,5/12/21,450541,6630,677,10,426
Kentucky,5/13/21,451213,6637,672,7,427
Kentucky,5/14/21,451766,6643,553,6,428
Kentucky,5/15/21,452250,6648,484,5,429
Kentucky,5/16/21,452537,6656,287,8,430
Kentucky,5/17/21,452821,6662,284,6,431
Kentucky,5/18/21,453460,6673,639,11,432
Kentucky,5/19/21,454044,6678,584,5,433
Kentucky,5/20/21,454609,6693,565,15,434
Kentucky,5/21/21,455150,6698,541,5,435
Kentucky,5/22/21,455575,6705,425,7,436
Kentucky,5/23/21,455790,6716,215,11,437
Kentucky,5/24/21,456053,6720,263,4,438
Kentucky,5/25/21,456626,6725,573,5,439
Kentucky,5/26/21,457062,6744,436,19,440
Kentucky,5/27/21,457482,6748,420,4,441
Kentucky,5/28/21,457892,6758,410,10,442
Kentucky,5/29/21,458275,6782,383,24,443
Kentucky,5/30/21,458275,6782,0,0,444
Kentucky,5/31/21,458275,6782,0,0,445
Kentucky,6/1/21,458712,7067,437,285,446
Kentucky,6/2/21,459124,7071,412,4,447
Kentucky,6/3/21,459540,7077,416,6,448
Kentucky,6/4/21,460049,7086,509,9,449
Kentucky,6/5/21,460412,7091,363,5,450
Kentucky,6/6/21,460412,7091,0,0,451
Kentucky,6/7/21,460520,7103,108,12,452
Kentucky,6/8/21,461119,7109,599,6,453
Kentucky,6/9/21,461446,7121,327,12,454
Kentucky,6/10/21,461717,7138,271,17,455
Kentucky,6/11/21,461947,7147,230,9,456
Kentucky,6/12/21,462220,7155,273,8,457
Kentucky,6/13/21,462303,7158,83,3,458
