state,date,confirmed,deaths,new_confirmed,new_deaths,tagged_day
Missouri,3/16/20,13,0,5,0,1
Missouri,3/17/20,22,0,9,0,2
Missouri,3/18/20,35,1,13,1,3
Missouri,3/19/20,58,1,23,0,4
Missouri,3/20/20,103,3,45,2,5
Missouri,3/21/20,118,3,15,0,6
Missouri,3/22/20,165,3,47,0,7
Missouri,3/23/20,275,4,110,1,8
Missouri,3/24/20,348,8,73,4,9
Missouri,3/25/20,446,9,98,1,10
Missouri,3/26/20,657,9,211,0,11
Missouri,3/27/20,834,9,177,0,12
Missouri,3/28/20,977,13,143,4,13
Missouri,3/29/20,1067,16,90,3,14
Missouri,3/30/20,1415,16,348,0,15
Missouri,3/31/20,1674,19,259,3,16
Missouri,4/1/20,1924,24,250,5,17
Missouri,4/2/20,2140,32,216,8,18
Missouri,4/3/20,2277,45,137,13,19
Missouri,4/4/20,2629,51,352,6,20
Missouri,4/5/20,2718,64,89,13,21
Missouri,4/6/20,3147,72,429,8,22
Missouri,4/7/20,3443,92,296,20,23
Missouri,4/8/20,3625,107,182,15,24
Missouri,4/9/20,3852,123,227,16,25
Missouri,4/10/20,4249,133,397,10,26
Missouri,4/11/20,4456,145,207,12,27
Missouri,4/12/20,4564,157,108,12,28
Missouri,4/13/20,4759,167,195,10,29
Missouri,4/14/20,4932,185,173,18,30
Missouri,4/15/20,5070,202,138,17,31
Missouri,4/16/20,5376,216,306,14,32
Missouri,4/17/20,5596,229,220,13,33
Missouri,4/18/20,5784,236,188,7,34
Missouri,4/19/20,5920,242,136,6,35
Missouri,4/20/20,6083,263,163,21,36
Missouri,4/21/20,6312,281,229,18,37
Missouri,4/22/20,6516,301,204,20,38
Missouri,4/23/20,6787,317,271,16,39
Missouri,4/24/20,7022,343,235,26,40
Missouri,4/25/20,7186,357,164,14,41
Missouri,4/26/20,7348,374,162,17,42
Missouri,4/27/20,7516,395,168,21,43
Missouri,4/28/20,7657,409,141,14,44
Missouri,4/29/20,7862,425,205,16,45
Missouri,4/30/20,8091,444,229,19,46
Missouri,5/1/20,8407,458,316,14,47
Missouri,5/2/20,8620,473,213,15,48
Missouri,5/3/20,8790,486,170,13,49
Missouri,5/4/20,9070,498,280,12,50
Missouri,5/5/20,9278,527,208,29,51
Missouri,5/6/20,9533,542,255,15,52
Missouri,5/7/20,9724,566,191,24,53
Missouri,5/8/20,9860,587,136,21,54
Missouri,5/9/20,10016,598,156,11,55
Missouri,5/10/20,10115,609,99,11,56
Missouri,5/11/20,10229,626,114,17,57
Missouri,5/12/20,10357,637,128,11,58
Missouri,5/13/20,10552,658,195,21,59
Missouri,5/14/20,10717,670,165,12,60
Missouri,5/15/20,10928,685,211,15,61
Missouri,5/16/20,11090,696,162,11,62
Missouri,5/17/20,11197,703,107,7,63
Missouri,5/18/20,11342,719,145,16,64
Missouri,5/19/20,11473,734,131,15,65
Missouri,5/20/20,11662,745,189,11,66
Missouri,5/21/20,11814,754,152,9,67
Missouri,5/22/20,12028,763,214,9,68
Missouri,5/23/20,12173,770,145,7,69
Missouri,5/24/20,12400,773,227,3,70
Missouri,5/25/20,12529,778,129,5,71
Missouri,5/26/20,12707,787,178,9,72
Missouri,5/27/20,12869,783,162,-4,73
Missouri,5/28/20,13077,796,208,13,74
Missouri,5/29/20,13236,802,159,6,75
Missouri,5/30/20,13400,820,164,18,76
Missouri,5/31/20,13560,822,160,2,77
Missouri,6/1/20,13785,823,225,1,78
Missouri,6/2/20,14060,833,275,10,79
Missouri,6/3/20,14314,839,254,6,80
Missouri,6/4/20,14591,841,277,2,81
Missouri,6/5/20,14754,848,163,7,82
Missouri,6/6/20,15039,856,285,8,83
Missouri,6/7/20,15132,858,93,2,84
Missouri,6/8/20,15332,862,200,4,85
Missouri,6/9/20,15539,870,207,8,86
Missouri,6/10/20,15735,873,196,3,87
Missouri,6/11/20,15940,873,205,0,88
Missouri,6/12/20,15991,889,51,16,89
Missouri,6/13/20,16218,895,227,6,90
Missouri,6/14/20,16257,897,39,2,91
Missouri,6/15/20,16607,900,350,3,92
Missouri,6/16/20,16872,904,265,4,93
Missouri,6/17/20,17092,924,220,20,94
Missouri,6/18/20,17405,960,313,36,95
Missouri,6/19/20,17711,973,306,13,96
Missouri,6/20/20,18122,983,411,10,97
Missouri,6/21/20,18553,985,431,2,98
Missouri,6/22/20,18745,990,192,5,99
Missouri,6/23/20,19209,998,464,8,100
Missouri,6/24/20,19557,1008,348,10,101
Missouri,6/25/20,20047,1010,490,2,102
Missouri,6/26/20,20576,1019,529,9,103
Missouri,6/27/20,20935,1024,359,5,104
Missouri,6/28/20,21141,1024,206,0,105
Missouri,6/29/20,21696,1026,555,2,106
Missouri,6/30/20,22214,1029,518,3,107
Missouri,7/1/20,22576,1043,362,14,108
Missouri,7/2/20,23133,1054,557,11,109
Missouri,7/3/20,23691,1057,558,3,110
Missouri,7/4/20,24147,1061,456,4,111
Missouri,7/5/20,24410,1062,263,1,112
Missouri,7/6/20,24870,1062,460,0,113
Missouri,7/7/20,25643,1078,773,16,114
Missouri,7/8/20,26402,1080,759,2,115
Missouri,7/9/20,27195,1084,793,4,116
Missouri,7/10/20,27885,1095,690,11,117
Missouri,7/11/20,28434,1102,549,7,118
Missouri,7/12/20,28726,1103,292,1,119
Missouri,7/13/20,29192,1116,466,13,120
Missouri,7/14/20,30173,1125,981,9,121
Missouri,7/15/20,30995,1131,822,6,122
Missouri,7/16/20,31831,1133,836,2,123
Missouri,7/17/20,32734,1137,903,4,124
Missouri,7/18/20,33668,1148,934,11,125
Missouri,7/19/20,34462,1148,794,0,126
Missouri,7/20/20,35104,1151,642,3,127
Missouri,7/21/20,36222,1161,1118,10,128
Missouri,7/22/20,37510,1172,1288,11,129
Missouri,7/23/20,39057,1202,1547,30,130
Missouri,7/24/20,40662,1208,1605,6,131
Missouri,7/25/20,42034,1213,1372,5,132
Missouri,7/26/20,43207,1222,1173,9,133
Missouri,7/27/20,44506,1234,1299,12,134
Missouri,7/28/20,46214,1245,1708,11,135
Missouri,7/29/20,47986,1252,1772,7,136
Missouri,7/30/20,50103,1268,2117,16,137
Missouri,7/31/20,51580,1278,1477,10,138
Missouri,8/1/20,52598,1289,1018,11,139
Missouri,8/2/20,53157,1290,559,1,140
Missouri,8/3/20,54226,1293,1069,3,141
Missouri,8/4/20,55468,1306,1242,13,142
Missouri,8/5/20,56618,1314,1150,8,143
Missouri,8/6/20,57709,1319,1091,5,144
Missouri,8/7/20,58814,1343,1105,24,145
Missouri,8/8/20,58964,1347,150,4,146
Missouri,8/9/20,60307,1354,1343,7,147
Missouri,8/10/20,61325,1361,1018,7,148
Missouri,8/11/20,62445,1366,1120,5,149
Missouri,8/12/20,64019,1374,1574,8,150
Missouri,8/13/20,65517,1376,1498,2,151
Missouri,8/14/20,66902,1385,1385,9,152
Missouri,8/15/20,68088,1398,1186,13,153
Missouri,8/16/20,69261,1403,1173,5,154
Missouri,8/17/20,70337,1435,1076,32,155
Missouri,8/18/20,71209,1446,872,11,156
Missouri,8/19/20,72476,1455,1267,9,157
Missouri,8/20/20,73597,1463,1121,8,158
Missouri,8/21/20,74896,1466,1299,3,159
Missouri,8/22/20,76224,1472,1328,6,160
Missouri,8/23/20,77035,1474,811,2,161
Missouri,8/24/20,77891,1474,856,0,162
Missouri,8/25/20,78738,1492,847,18,163
Missouri,8/26/20,80159,1503,1421,11,164
Missouri,8/27/20,81696,1510,1537,7,165
Missouri,8/28/20,83194,1522,1498,12,166
Missouri,8/29/20,84706,1551,1512,29,167
Missouri,8/30/20,85971,1556,1265,5,168
Missouri,8/31/20,87176,1570,1205,14,169
Missouri,9/1/20,88331,1585,1155,15,170
Missouri,9/2/20,89861,1602,1530,17,171
Missouri,9/3/20,91391,1610,1530,8,172
Missouri,9/4/20,93023,1631,1632,21,173
Missouri,9/5/20,94966,1692,1943,61,174
Missouri,9/6/20,96287,1710,1321,18,175
Missouri,9/7/20,97233,1713,946,3,176
Missouri,9/8/20,98063,1716,830,3,177
Missouri,9/9/20,99546,1728,1483,12,178
Missouri,9/10/20,100863,1739,1317,11,179
Missouri,9/11/20,102480,1746,1617,7,180
Missouri,9/12/20,104531,1754,2051,8,181
Missouri,9/13/20,106244,1758,1713,4,182
Missouri,9/14/20,107601,1766,1357,8,183
Missouri,9/15/20,109105,1785,1504,19,184
Missouri,9/16/20,110436,1794,1331,9,185
Missouri,9/17/20,112179,1811,1743,17,186
Missouri,9/18/20,114111,1839,1932,28,187
Missouri,9/19/20,115587,1854,1476,15,188
Missouri,9/20/20,116984,1855,1397,1,189
Missouri,9/21/20,118491,1867,1507,12,190
Missouri,9/22/20,119776,1896,1285,29,191
Missouri,9/23/20,121418,1967,1642,71,192
Missouri,9/24/20,122841,1980,1423,13,193
Missouri,9/25/20,124836,2020,1995,40,194
Missouri,9/26/20,126910,2083,2074,63,195
Missouri,9/27/20,128440,2082,1530,-1,196
Missouri,9/28/20,129733,2086,1293,4,197
Missouri,9/29/20,130194,2095,461,9,198
Missouri,9/30/20,130485,2098,291,3,199
Missouri,10/1/20,130729,2103,244,5,200
Missouri,10/2/20,134887,2175,4158,72,201
Missouri,10/3/20,136540,2193,1653,18,202
Missouri,10/4/20,138005,2202,1465,9,203
Missouri,10/5/20,139354,2204,1349,2,204
Missouri,10/6/20,140477,2225,1123,21,205
Missouri,10/7/20,141729,2254,1252,29,206
Missouri,10/8/20,143404,2284,1675,30,207
Missouri,10/9/20,145513,2409,2109,125,208
Missouri,10/10/20,150213,2436,4700,27,209
Missouri,10/11/20,150493,2437,280,1,210
Missouri,10/12/20,150759,2437,266,0,211
Missouri,10/13/20,151103,2437,344,0,212
Missouri,10/14/20,155678,2542,4575,105,213
Missouri,10/15/20,157637,2474,1959,-68,214
Missouri,10/16/20,160027,2492,2390,18,215
Missouri,10/17/20,162266,2595,2239,103,216
Missouri,10/18/20,164151,2609,1885,14,217
Missouri,10/19/20,165680,2617,1529,8,218
Missouri,10/20/20,167257,2643,1577,26,219
Missouri,10/21/20,168791,2670,1534,27,220
Missouri,10/22/20,170873,2686,2082,16,221
Missouri,10/23/20,173034,2718,2161,32,222
Missouri,10/24/20,175732,2827,2698,109,223
Missouri,10/25/20,177752,2839,2020,12,224
Missouri,10/26/20,179621,2835,1869,-4,225
Missouri,10/27/20,181494,2874,1873,39,226
Missouri,10/28/20,183955,2903,2461,29,227
Missouri,10/29/20,184675,2910,720,7,228
Missouri,10/30/20,190249,2961,5574,51,229
Missouri,10/31/20,193152,3055,2903,94,230
Missouri,11/1/20,195735,3056,2583,1,231
Missouri,11/2/20,198802,3061,3067,5,232
Missouri,11/3/20,201296,3095,2494,34,233
Missouri,11/4/20,204353,3119,3057,24,234
Missouri,11/5/20,208458,3137,4105,18,235
Missouri,11/6/20,213061,3161,4603,24,236
Missouri,11/7/20,217726,3182,4665,21,237
Missouri,11/8/20,221745,3185,4019,3,238
Missouri,11/9/20,225315,3185,3570,0,239
Missouri,11/10/20,230139,3323,4824,138,240
Missouri,11/11/20,234519,3347,4380,24,241
Missouri,11/12/20,240030,3370,5511,23,242
Missouri,11/13/20,244877,3391,4847,21,243
Missouri,11/14/20,254411,3406,9534,15,244
Missouri,11/15/20,255260,3409,849,3,245
Missouri,11/16/20,259949,3424,4689,15,246
Missouri,11/17/20,265904,3488,5955,64,247
Missouri,11/18/20,270868,3510,4964,22,248
Missouri,11/19/20,275806,3542,4938,32,249
Missouri,11/20/20,280857,3580,5051,38,250
Missouri,11/21/20,285862,3597,5005,17,251
Missouri,11/22/20,290197,3601,4335,4,252
Missouri,11/23/20,294194,3609,3997,8,253
Missouri,11/24/20,298606,3793,4412,184,254
Missouri,11/25/20,303596,3831,4990,38,255
Missouri,11/26/20,308081,3864,4485,33,256
Missouri,11/27/20,311520,3865,3439,1,257
Missouri,11/28/20,314184,3873,2664,8,258
Missouri,11/29/20,317567,3879,3383,6,259
Missouri,11/30/20,321958,3890,4391,11,260
Missouri,12/1/20,325759,4055,3801,165,261
Missouri,12/2/20,329267,4106,3508,51,262
Missouri,12/3/20,334224,4170,4957,64,263
Missouri,12/4/20,339049,4245,4825,75,264
Missouri,12/5/20,344367,4305,5318,60,265
Missouri,12/6/20,348317,4313,3950,8,266
Missouri,12/7/20,351752,4318,3435,5,267
Missouri,12/8/20,355713,4459,3961,141,268
Missouri,12/9/20,359397,4499,3684,40,269
Missouri,12/10/20,364374,4573,4977,74,270
Missouri,12/11/20,366833,4580,2459,7,271
Missouri,12/12/20,374633,4631,7800,51,272
Missouri,12/13/20,377820,4638,3187,7,273
Missouri,12/14/20,381470,4642,3650,4,274
Missouri,12/15/20,385240,4866,3770,224,275
Missouri,12/16/20,389118,4929,3878,63,276
Missouri,12/17/20,393536,4980,4418,51,277
Missouri,12/18/20,398000,5009,4464,29,278
Missouri,12/19/20,401345,5077,3345,68,279
Missouri,12/20/20,404014,5105,2669,28,280
Missouri,12/21/20,407876,5117,3862,12,281
Missouri,12/22/20,410960,5330,3084,213,282
Missouri,12/23/20,414769,5435,3809,105,283
Missouri,12/24/20,418383,5480,3614,45,284
Missouri,12/25/20,420263,5489,1880,9,285
Missouri,12/26/20,422423,5500,2160,11,286
Missouri,12/27/20,424218,5501,1795,1,287
Missouri,12/28/20,426639,5507,2421,6,288
Missouri,12/29/20,431137,5608,4498,101,289
Missouri,12/30/20,435420,5694,4283,86,290
Missouri,12/31/20,440756,5724,5336,30,291
Missouri,1/1/21,445019,5747,4263,23,292
Missouri,1/2/21,448387,5751,3368,4,293
Missouri,1/3/21,451605,5770,3218,19,294
Missouri,1/4/21,454015,5772,2410,2,295
Missouri,1/5/21,458230,5987,4215,215,296
Missouri,1/6/21,462063,6022,3833,35,297
Missouri,1/7/21,467936,6094,5873,72,298
Missouri,1/8/21,473282,6131,5346,37,299
Missouri,1/9/21,477617,6173,4335,42,300
Missouri,1/10/21,480558,6180,2941,7,301
Missouri,1/11/21,483211,6184,2653,4,302
Missouri,1/12/21,486456,6383,3245,199,303
Missouri,1/13/21,489319,6411,2863,28,304
Missouri,1/14/21,492899,6457,3580,46,305
Missouri,1/15/21,497037,6492,4138,35,306
Missouri,1/16/21,499866,6523,2829,31,307
Missouri,1/17/21,502063,6526,2197,3,308
Missouri,1/18/21,503740,6530,1677,4,309
Missouri,1/19/21,506104,6543,2364,13,310
Missouri,1/20/21,508632,6742,2528,199,311
Missouri,1/21/21,511631,6778,2999,36,312
Missouri,1/22/21,514216,6823,2585,45,313
Missouri,1/23/21,516474,6841,2258,18,314
Missouri,1/24/21,518742,6848,2268,7,315
Missouri,1/25/21,520479,6855,1737,7,316
Missouri,1/26/21,522677,6984,2198,129,317
Missouri,1/27/21,524857,7018,2180,34,318
Missouri,1/28/21,527523,7041,2666,23,319
Missouri,1/29/21,530002,7055,2479,14,320
Missouri,1/30/21,531550,7070,1548,15,321
Missouri,1/31/21,532747,7071,1197,1,322
Missouri,2/1/21,534394,7074,1647,3,323
Missouri,2/2/21,536176,7340,1782,266,324
Missouri,2/3/21,537804,7415,1628,75,325
Missouri,2/4/21,540007,7441,2203,26,326
Missouri,2/5/21,542198,7455,2191,14,327
Missouri,2/6/21,543392,7472,1194,17,328
Missouri,2/7/21,544197,7474,805,2,329
Missouri,2/8/21,545150,7475,953,1,330
Missouri,2/9/21,546253,7485,1103,10,331
Missouri,2/10/21,547692,7496,1439,11,332
Missouri,2/11/21,549076,7721,1384,225,333
Missouri,2/12/21,550158,7752,1082,31,334
Missouri,2/13/21,550972,7780,814,28,335
Missouri,2/14/21,551526,7782,554,2,336
Missouri,2/15/21,552180,7783,654,1,337
Missouri,2/16/21,552960,7787,780,4,338
Missouri,2/17/21,553915,7821,955,34,339
Missouri,2/18/21,554986,7997,1071,176,340
Missouri,2/19/21,555909,8048,923,51,341
Missouri,2/20/21,556700,8059,791,11,342
Missouri,2/21/21,557278,8059,578,0,343
Missouri,2/22/21,558218,8062,940,3,344
Missouri,2/23/21,559438,8206,1220,144,345
Missouri,2/24/21,560327,8223,889,17,346
Missouri,2/25/21,561281,8255,954,32,347
Missouri,2/26/21,561987,8270,706,15,348
Missouri,2/27/21,562624,8282,637,12,349
Missouri,2/28/21,562920,8281,296,-1,350
Missouri,3/1/21,563489,8283,569,2,351
Missouri,3/2/21,564139,8298,650,15,352
Missouri,3/3/21,564834,8482,695,184,353
Missouri,3/4/21,565588,8488,754,6,354
Missouri,3/5/21,566213,8504,625,16,355
Missouri,3/6/21,566841,8512,628,8,356
Missouri,3/7/21,567217,8514,376,2,357
Missouri,3/8/21,567734,8516,517,2,358
Missouri,3/9/21,568406,8625,672,109,359
Missouri,3/10/21,568441,8637,35,12,360
Missouri,3/11/21,568918,8647,477,10,361
Missouri,3/12/21,569758,8655,840,8,362
Missouri,3/13/21,570508,8660,750,5,363
Missouri,3/14/21,571005,8660,497,0,364
Missouri,3/15/21,571405,8661,400,1,365
Missouri,3/16/21,572074,8694,669,33,366
Missouri,3/17/21,572844,8702,770,8,367
Missouri,3/18/21,573559,8708,715,6,368
Missouri,3/19/21,574201,8709,642,1,369
Missouri,3/20/21,574847,8713,646,4,370
Missouri,3/21/21,575253,8718,406,5,371
Missouri,3/22/21,575562,8719,309,1,372
Missouri,3/23/21,576071,8773,509,54,373
Missouri,3/24/21,576914,8785,843,12,374
Missouri,3/25/21,578148,8788,1234,3,375
Missouri,3/26/21,579058,8792,910,4,376
Missouri,3/27/21,579654,8796,596,4,377
Missouri,3/28/21,580080,8796,426,0,378
Missouri,3/29/21,580417,8797,337,1,379
Missouri,3/30/21,580980,8848,563,51,380
Missouri,3/31/21,581680,8853,700,5,381
Missouri,4/1/21,582380,8859,700,6,382
Missouri,4/2/21,583131,8861,751,2,383
Missouri,4/3/21,583691,8866,560,5,384
Missouri,4/4/21,584228,8866,537,0,385
Missouri,4/5/21,584555,8867,327,1,386
Missouri,4/6/21,585131,8876,576,9,387
Missouri,4/7/21,585906,8878,775,2,388
Missouri,4/8/21,586698,8879,792,1,389
Missouri,4/9/21,587476,8878,778,-1,390
Missouri,4/10/21,588146,8884,670,6,391
Missouri,4/11/21,588626,8885,480,1,392
Missouri,4/12/21,588962,8887,336,2,393
Missouri,4/13/21,589626,8970,664,83,394
Missouri,4/14/21,590452,8995,826,25,395
Missouri,4/15/21,591207,9000,755,5,396
Missouri,4/16/21,592054,9005,847,5,397
Missouri,4/17/21,583562,9009,-8492,4,398
Missouri,4/18/21,583941,9009,379,0,399
Missouri,4/19/21,584326,9010,385,1,400
Missouri,4/20/21,584983,9049,657,39,401
Missouri,4/21/21,585701,9056,718,7,402
Missouri,4/22/21,586510,9064,809,8,403
Missouri,4/23/21,587348,9065,838,1,404
Missouri,4/24/21,588133,9072,785,7,405
Missouri,4/25/21,588517,9075,384,3,406
Missouri,4/26/21,588801,9077,284,2,407
Missouri,4/27/21,589372,9116,571,39,408
Missouri,4/28/21,590175,9129,803,13,409
Missouri,4/29/21,590973,9132,798,3,410
Missouri,4/30/21,591637,9138,664,6,411
Missouri,5/1/21,592687,9145,1050,7,412
Missouri,5/2/21,593474,9148,787,3,413
Missouri,5/3/21,593831,9150,357,2,414
Missouri,5/4/21,594380,9209,549,59,415
Missouri,5/5/21,594984,9215,604,6,416
Missouri,5/6/21,595629,9219,645,4,417
Missouri,5/7/21,596224,9221,595,2,418
Missouri,5/8/21,596758,9224,534,3,419
Missouri,5/9/21,597097,9226,339,2,420
Missouri,5/10/21,597344,9230,247,4,421
Missouri,5/11/21,597754,9244,410,14,422
Missouri,5/12/21,598292,9252,538,8,423
Missouri,5/13/21,598931,9258,639,6,424
Missouri,5/14/21,599402,9266,471,8,425
Missouri,5/15/21,599861,9270,459,4,426
Missouri,5/16/21,600153,9270,292,0,427
Missouri,5/17/21,600350,9271,197,1,428
Missouri,5/18/21,600778,9387,428,116,429
Missouri,5/19/21,601228,9403,450,16,430
Missouri,5/20/21,601794,9408,566,5,431
Missouri,5/21/21,602362,9417,568,9,432
Missouri,5/22/21,602900,9420,538,3,433
Missouri,5/23/21,603174,9420,274,0,434
Missouri,5/24/21,603380,9420,206,0,435
Missouri,5/25/21,603849,9463,469,43,436
Missouri,5/26/21,604298,9481,449,18,437
Missouri,5/27/21,604987,9490,689,9,438
Missouri,5/28/21,605601,9495,614,5,439
Missouri,5/29/21,606075,9496,474,1,440
Missouri,5/30/21,606319,9496,244,0,441
Missouri,5/31/21,606489,9498,170,2,442
Missouri,6/1/21,606670,9499,181,1,443
Missouri,6/2/21,607158,9537,488,38,444
Missouri,6/3/21,607774,9544,616,7,445
Missouri,6/4/21,608463,9554,689,10,446
Missouri,6/5/21,608970,9558,507,4,447
Missouri,6/6/21,608578,9557,-392,-1,448
Missouri,6/7/21,609329,9560,751,3,449
Missouri,6/8/21,610053,9593,724,33,450
Missouri,6/9/21,610677,9608,624,15,451
Missouri,6/10/21,611352,9611,675,3,452
Missouri,6/11/21,611997,9614,645,3,453
Missouri,6/12/21,612552,9615,555,1,454
Missouri,6/13/21,612956,9615,404,0,455
