state,date,confirmed,deaths,new_confirmed,new_deaths,tagged_day
New Hampshire,3/16/20,17,0,10,0,1
New Hampshire,3/17/20,26,0,9,0,2
New Hampshire,3/18/20,37,0,11,0,3
New Hampshire,3/19/20,42,0,5,0,4
New Hampshire,3/20/20,53,0,11,0,5
New Hampshire,3/21/20,61,0,8,0,6
New Hampshire,3/22/20,73,0,12,0,7
New Hampshire,3/23/20,101,1,28,1,8
New Hampshire,3/24/20,101,1,0,0,9
New Hampshire,3/25/20,108,1,7,0,10
New Hampshire,3/26/20,137,1,29,0,11
New Hampshire,3/27/20,158,1,21,0,12
New Hampshire,3/28/20,187,2,29,1,13
New Hampshire,3/29/20,214,2,27,0,14
New Hampshire,3/30/20,314,3,100,1,15
New Hampshire,3/31/20,357,3,43,0,16
New Hampshire,4/1/20,367,3,10,0,17
New Hampshire,4/2/20,479,3,112,0,18
New Hampshire,4/3/20,479,5,0,2,19
New Hampshire,4/4/20,540,7,61,2,20
New Hampshire,4/5/20,621,9,81,2,21
New Hampshire,4/6/20,715,9,94,0,22
New Hampshire,4/7/20,715,9,0,0,23
New Hampshire,4/8/20,747,13,32,4,24
New Hampshire,4/9/20,819,21,72,8,25
New Hampshire,4/10/20,819,21,0,0,26
New Hampshire,4/11/20,885,22,66,1,27
New Hampshire,4/12/20,929,23,44,1,28
New Hampshire,4/13/20,985,23,56,0,29
New Hampshire,4/14/20,922,25,-63,2,30
New Hampshire,4/15/20,1139,32,217,7,31
New Hampshire,4/16/20,1139,32,0,0,32
New Hampshire,4/17/20,1287,37,148,5,33
New Hampshire,4/18/20,1342,38,55,1,34
New Hampshire,4/19/20,1390,38,48,0,35
New Hampshire,4/20/20,1447,42,57,4,36
New Hampshire,4/21/20,1490,42,43,0,37
New Hampshire,4/22/20,1588,48,98,6,38
New Hampshire,4/23/20,1670,51,82,3,39
New Hampshire,4/24/20,1720,53,50,2,40
New Hampshire,4/25/20,1797,53,77,0,41
New Hampshire,4/26/20,1864,60,67,7,42
New Hampshire,4/27/20,1938,60,74,0,43
New Hampshire,4/28/20,2010,60,72,0,44
New Hampshire,4/29/20,2058,60,48,0,45
New Hampshire,4/30/20,2146,72,88,12,46
New Hampshire,5/1/20,2310,81,164,9,47
New Hampshire,5/2/20,2429,84,119,3,48
New Hampshire,5/3/20,2518,86,89,2,49
New Hampshire,5/4/20,2588,86,70,0,50
New Hampshire,5/5/20,2636,92,48,6,51
New Hampshire,5/6/20,2741,92,105,0,52
New Hampshire,5/7/20,2843,114,102,22,53
New Hampshire,5/8/20,2947,121,104,7,54
New Hampshire,5/9/20,3011,131,64,10,55
New Hampshire,5/10/20,3071,133,60,2,56
New Hampshire,5/11/20,3160,133,89,0,57
New Hampshire,5/12/20,3239,142,79,9,58
New Hampshire,5/13/20,3299,150,60,8,59
New Hampshire,5/14/20,3382,151,83,1,60
New Hampshire,5/15/20,3453,159,71,8,61
New Hampshire,5/16/20,3556,171,103,12,62
New Hampshire,5/17/20,3596,172,40,1,63
New Hampshire,5/18/20,3652,172,56,0,64
New Hampshire,5/19/20,3721,172,69,0,65
New Hampshire,5/20/20,3868,190,147,18,66
New Hampshire,5/21/20,3935,199,67,9,67
New Hampshire,5/22/20,4014,204,79,5,68
New Hampshire,5/23/20,4089,208,75,4,69
New Hampshire,5/24/20,4149,209,60,1,70
New Hampshire,5/25/20,4197,210,48,1,71
New Hampshire,5/26/20,4231,214,34,4,72
New Hampshire,5/27/20,4286,223,55,9,73
New Hampshire,5/28/20,4389,232,103,9,74
New Hampshire,5/29/20,4492,238,103,6,75
New Hampshire,5/30/20,4492,238,0,0,76
New Hampshire,5/31/20,4651,245,159,7,77
New Hampshire,6/1/20,4685,245,34,0,78
New Hampshire,6/2/20,4749,256,64,11,79
New Hampshire,6/3/20,4795,265,46,9,80
New Hampshire,6/4/20,4876,273,81,8,81
New Hampshire,6/5/20,4953,278,77,5,82
New Hampshire,6/6/20,5019,283,66,5,83
New Hampshire,6/7/20,5043,286,24,3,84
New Hampshire,6/8/20,5079,286,36,0,85
New Hampshire,6/9/20,5079,286,0,0,86
New Hampshire,6/10/20,5178,301,99,15,87
New Hampshire,6/11/20,5209,308,31,7,88
New Hampshire,6/12/20,5251,315,42,7,89
New Hampshire,6/13/20,5299,318,48,3,90
New Hampshire,6/14/20,5318,320,19,2,91
New Hampshire,6/15/20,5345,320,27,0,92
New Hampshire,6/16/20,5364,326,19,6,93
New Hampshire,6/17/20,5436,330,72,4,94
New Hampshire,6/18/20,5450,331,14,1,95
New Hampshire,6/19/20,5486,337,36,6,96
New Hampshire,6/20/20,5518,339,32,2,97
New Hampshire,6/21/20,5544,339,26,0,98
New Hampshire,6/22/20,5558,339,14,0,99
New Hampshire,6/23/20,5571,343,13,4,100
New Hampshire,6/24/20,5598,347,27,4,101
New Hampshire,6/25/20,5638,357,40,10,102
New Hampshire,6/26/20,5671,365,33,8,103
New Hampshire,6/27/20,5717,367,46,2,104
New Hampshire,6/28/20,5747,367,30,0,105
New Hampshire,6/29/20,5760,367,13,0,106
New Hampshire,6/30/20,5782,371,22,4,107
New Hampshire,7/1/20,5802,373,20,2,108
New Hampshire,7/2/20,5822,375,20,2,109
New Hampshire,7/3/20,5857,376,35,1,110
New Hampshire,7/4/20,5872,379,15,3,111
New Hampshire,7/5/20,5897,381,25,2,112
New Hampshire,7/6/20,5914,382,17,1,113
New Hampshire,7/7/20,5932,384,18,2,114
New Hampshire,7/8/20,5952,386,20,2,115
New Hampshire,7/9/20,5973,387,21,1,116
New Hampshire,7/10/20,5991,390,18,3,117
New Hampshire,7/11/20,6024,391,33,1,118
New Hampshire,7/12/20,6054,391,30,0,119
New Hampshire,7/13/20,6068,391,14,0,120
New Hampshire,7/14/20,6091,392,23,1,121
New Hampshire,7/15/20,6113,394,22,2,122
New Hampshire,7/16/20,6139,395,26,1,123
New Hampshire,7/17/20,6165,395,26,0,124
New Hampshire,7/18/20,6188,396,23,1,125
New Hampshire,7/19/20,6203,398,15,2,126
New Hampshire,7/20/20,6249,398,46,0,127
New Hampshire,7/21/20,6262,400,13,2,128
New Hampshire,7/22/20,6295,402,33,2,129
New Hampshire,7/23/20,6318,405,23,3,130
New Hampshire,7/24/20,6375,407,57,2,131
New Hampshire,7/25/20,6415,409,40,2,132
New Hampshire,7/26/20,6436,409,21,0,133
New Hampshire,7/27/20,6441,409,5,0,134
New Hampshire,7/28/20,6500,409,59,0,135
New Hampshire,7/29/20,6513,411,13,2,136
New Hampshire,7/30/20,6544,415,31,4,137
New Hampshire,7/31/20,6583,415,39,0,138
New Hampshire,8/1/20,6614,416,31,1,139
New Hampshire,8/2/20,6634,417,20,1,140
New Hampshire,8/3/20,6660,417,26,0,141
New Hampshire,8/4/20,6693,418,33,1,142
New Hampshire,8/5/20,6719,418,26,0,143
New Hampshire,8/6/20,6742,419,23,1,144
New Hampshire,8/7/20,6779,419,37,0,145
New Hampshire,8/8/20,6818,419,39,0,146
New Hampshire,8/9/20,6835,419,17,0,147
New Hampshire,8/10/20,6840,419,5,0,148
New Hampshire,8/11/20,6861,419,21,0,149
New Hampshire,8/12/20,6887,420,26,1,150
New Hampshire,8/13/20,6921,422,34,2,151
New Hampshire,8/14/20,6964,423,43,1,152
New Hampshire,8/15/20,6980,423,16,0,153
New Hampshire,8/16/20,6988,423,8,0,154
New Hampshire,8/17/20,7004,423,16,0,155
New Hampshire,8/18/20,7017,424,13,1,156
New Hampshire,8/19/20,7036,427,19,3,157
New Hampshire,8/20/20,7050,428,14,1,158
New Hampshire,8/21/20,7071,428,21,0,159
New Hampshire,8/22/20,7094,429,23,1,160
New Hampshire,8/23/20,7107,429,13,0,161
New Hampshire,8/24/20,7140,429,33,0,162
New Hampshire,8/25/20,7156,429,16,0,163
New Hampshire,8/26/20,7156,429,0,0,164
New Hampshire,8/27/20,7194,431,38,2,165
New Hampshire,8/28/20,7216,432,22,1,166
New Hampshire,8/29/20,7246,432,30,0,167
New Hampshire,8/30/20,7254,432,8,0,168
New Hampshire,8/31/20,7275,432,21,0,169
New Hampshire,9/1/20,7297,432,22,0,170
New Hampshire,9/2/20,7309,432,12,0,171
New Hampshire,9/3/20,7347,432,38,0,172
New Hampshire,9/4/20,7368,432,21,0,173
New Hampshire,9/5/20,7424,432,56,0,174
New Hampshire,9/6/20,7447,433,23,1,175
New Hampshire,9/7/20,7476,433,29,0,176
New Hampshire,9/8/20,7494,433,18,0,177
New Hampshire,9/9/20,7494,433,0,0,178
New Hampshire,9/10/20,7573,434,79,1,179
New Hampshire,9/11/20,7620,434,47,0,180
New Hampshire,9/12/20,7652,435,32,1,181
New Hampshire,9/13/20,7696,436,44,1,182
New Hampshire,9/14/20,7714,436,18,0,183
New Hampshire,9/15/20,7750,438,36,2,184
New Hampshire,9/16/20,7781,438,31,0,185
New Hampshire,9/17/20,7781,438,0,0,186
New Hampshire,9/18/20,7861,438,80,0,187
New Hampshire,9/19/20,7920,438,59,0,188
New Hampshire,9/20/20,7947,438,27,0,189
New Hampshire,9/21/20,7952,438,5,0,190
New Hampshire,9/22/20,7990,438,38,0,191
New Hampshire,9/23/20,8007,438,17,0,192
New Hampshire,9/24/20,8044,438,37,0,193
New Hampshire,9/25/20,8085,438,41,0,194
New Hampshire,9/26/20,8121,439,36,1,195
New Hampshire,9/27/20,8172,439,51,0,196
New Hampshire,9/28/20,8208,439,36,0,197
New Hampshire,9/29/20,8233,439,25,0,198
New Hampshire,9/30/20,8266,439,33,0,199
New Hampshire,10/1/20,8317,441,51,2,200
New Hampshire,10/2/20,8534,442,217,1,201
New Hampshire,10/3/20,8597,442,63,0,202
New Hampshire,10/4/20,8645,443,48,1,203
New Hampshire,10/5/20,8645,443,0,0,204
New Hampshire,10/6/20,8731,446,86,3,205
New Hampshire,10/7/20,8731,446,0,0,206
New Hampshire,10/8/20,8878,448,147,2,207
New Hampshire,10/9/20,8970,450,92,2,208
New Hampshire,10/10/20,9092,455,122,5,209
New Hampshire,10/11/20,9143,456,51,1,210
New Hampshire,10/12/20,9208,456,65,0,211
New Hampshire,10/13/20,9279,456,71,0,212
New Hampshire,10/14/20,9349,458,70,2,213
New Hampshire,10/15/20,9426,463,77,5,214
New Hampshire,10/16/20,9514,465,88,2,215
New Hampshire,10/17/20,9625,466,111,1,216
New Hampshire,10/18/20,9625,466,0,0,217
New Hampshire,10/19/20,9746,468,121,2,218
New Hampshire,10/20/20,9828,468,82,0,219
New Hampshire,10/21/20,9917,469,89,1,220
New Hampshire,10/22/20,9994,470,77,1,221
New Hampshire,10/23/20,10112,471,118,1,222
New Hampshire,10/24/20,10238,473,126,2,223
New Hampshire,10/25/20,10328,473,90,0,224
New Hampshire,10/26/20,10397,475,69,2,225
New Hampshire,10/27/20,10530,475,133,0,226
New Hampshire,10/28/20,10641,478,111,3,227
New Hampshire,10/29/20,10768,482,127,4,228
New Hampshire,10/30/20,10884,482,116,0,229
New Hampshire,10/31/20,11084,483,200,1,230
New Hampshire,11/1/20,11190,483,106,0,231
New Hampshire,11/2/20,11288,483,98,0,232
New Hampshire,11/3/20,11416,483,128,0,233
New Hampshire,11/4/20,11538,484,122,1,234
New Hampshire,11/5/20,11785,486,247,2,235
New Hampshire,11/6/20,11991,488,206,2,236
New Hampshire,11/7/20,12214,489,223,1,237
New Hampshire,11/8/20,12458,489,244,0,238
New Hampshire,11/9/20,12666,489,208,0,239
New Hampshire,11/10/20,12882,489,216,0,240
New Hampshire,11/11/20,13102,492,220,3,241
New Hampshire,11/12/20,13414,495,312,3,242
New Hampshire,11/13/20,13853,498,439,3,243
New Hampshire,11/14/20,14212,499,359,1,244
New Hampshire,11/15/20,14552,499,340,0,245
New Hampshire,11/16/20,14907,500,355,1,246
New Hampshire,11/17/20,15173,502,266,2,247
New Hampshire,11/18/20,15599,504,426,2,248
New Hampshire,11/19/20,16115,506,516,2,249
New Hampshire,11/20/20,16616,507,501,1,250
New Hampshire,11/21/20,17094,508,478,1,251
New Hampshire,11/22/20,17405,512,311,4,252
New Hampshire,11/23/20,17861,512,456,0,253
New Hampshire,11/24/20,18283,513,422,1,254
New Hampshire,11/25/20,18676,514,393,1,255
New Hampshire,11/26/20,19205,514,529,0,256
New Hampshire,11/27/20,19609,517,404,3,257
New Hampshire,11/28/20,20142,523,533,6,258
New Hampshire,11/29/20,20636,526,494,3,259
New Hampshire,11/30/20,21033,526,397,0,260
New Hampshire,12/1/20,21725,528,692,2,261
New Hampshire,12/2/20,22428,537,703,9,262
New Hampshire,12/3/20,23567,544,1139,7,263
New Hampshire,12/4/20,24444,552,877,8,264
New Hampshire,12/5/20,25367,559,923,7,265
New Hampshire,12/6/20,26044,564,677,5,266
New Hampshire,12/7/20,26759,566,715,2,267
New Hampshire,12/8/20,27566,566,807,0,268
New Hampshire,12/9/20,28519,570,953,4,269
New Hampshire,12/10/20,29238,584,719,14,270
New Hampshire,12/11/20,30282,590,1044,6,271
New Hampshire,12/12/20,31119,600,837,10,272
New Hampshire,12/13/20,31705,603,586,3,273
New Hampshire,12/14/20,32544,604,839,1,274
New Hampshire,12/15/20,33318,604,774,0,275
New Hampshire,12/16/20,34114,625,796,21,276
New Hampshire,12/17/20,34888,629,774,4,277
New Hampshire,12/18/20,35712,638,824,9,278
New Hampshire,12/19/20,36362,650,650,12,279
New Hampshire,12/20/20,37096,656,734,6,280
New Hampshire,12/21/20,37715,656,619,0,281
New Hampshire,12/22/20,38284,656,569,0,282
New Hampshire,12/23/20,38872,677,588,21,283
New Hampshire,12/24/20,40015,690,1143,13,284
New Hampshire,12/25/20,40784,690,769,0,285
New Hampshire,12/26/20,41131,701,347,11,286
New Hampshire,12/27/20,41636,708,505,7,287
New Hampshire,12/28/20,42220,715,584,7,288
New Hampshire,12/29/20,42934,735,714,20,289
New Hampshire,12/30/20,43879,741,945,6,290
New Hampshire,12/31/20,44882,759,1003,18,291
New Hampshire,1/1/21,45932,759,1050,0,292
New Hampshire,1/2/21,46614,769,682,10,293
New Hampshire,1/3/21,47376,780,762,11,294
New Hampshire,1/4/21,47870,781,494,1,295
New Hampshire,1/5/21,48662,792,792,11,296
New Hampshire,1/6/21,49584,816,922,24,297
New Hampshire,1/7/21,50337,827,753,11,298
New Hampshire,1/8/21,51289,846,952,19,299
New Hampshire,1/9/21,52371,862,1082,16,300
New Hampshire,1/10/21,52980,869,609,7,301
New Hampshire,1/11/21,53913,869,933,0,302
New Hampshire,1/12/21,54516,878,603,9,303
New Hampshire,1/13/21,55378,885,862,7,304
New Hampshire,1/14/21,55957,897,579,12,305
New Hampshire,1/15/21,56966,908,1009,11,306
New Hampshire,1/16/21,57605,927,639,19,307
New Hampshire,1/17/21,58229,933,624,6,308
New Hampshire,1/18/21,58709,933,480,0,309
New Hampshire,1/19/21,59228,938,519,5,310
New Hampshire,1/20/21,59891,950,663,12,311
New Hampshire,1/21/21,60588,962,697,12,312
New Hampshire,1/22/21,61206,971,618,9,313
New Hampshire,1/23/21,61995,981,789,10,314
New Hampshire,1/24/21,62492,987,497,6,315
New Hampshire,1/25/21,62890,990,398,3,316
New Hampshire,1/26/21,63367,994,477,4,317
New Hampshire,1/27/21,63886,1006,519,12,318
New Hampshire,1/28/21,64591,1022,705,16,319
New Hampshire,1/29/21,65134,1036,543,14,320
New Hampshire,1/30/21,65655,1042,521,6,321
New Hampshire,1/31/21,65949,1057,294,15,322
New Hampshire,2/1/21,66289,1059,340,2,323
New Hampshire,2/2/21,66656,1059,367,0,324
New Hampshire,2/3/21,67041,1076,385,17,325
New Hampshire,2/4/21,67492,1085,451,9,326
New Hampshire,2/5/21,67919,1091,427,6,327
New Hampshire,2/6/21,68260,1098,341,7,328
New Hampshire,2/7/21,68597,1104,337,6,329
New Hampshire,2/8/21,68897,1106,300,2,330
New Hampshire,2/9/21,69126,1109,229,3,331
New Hampshire,2/10/21,69519,1116,393,7,332
New Hampshire,2/11/21,69929,1117,410,1,333
New Hampshire,2/12/21,70322,1126,393,9,334
New Hampshire,2/13/21,70756,1130,434,4,335
New Hampshire,2/14/21,71044,1133,288,3,336
New Hampshire,2/15/21,71302,1135,258,2,337
New Hampshire,2/16/21,71561,1136,259,1,338
New Hampshire,2/17/21,71938,1148,377,12,339
New Hampshire,2/18/21,72399,1150,461,2,340
New Hampshire,2/19/21,72767,1152,368,2,341
New Hampshire,2/20/21,73161,1153,394,1,342
New Hampshire,2/21/21,73413,1154,252,1,343
New Hampshire,2/22/21,73665,1154,252,0,344
New Hampshire,2/23/21,73923,1155,258,1,345
New Hampshire,2/24/21,74258,1157,335,2,346
New Hampshire,2/25/21,74568,1163,310,6,347
New Hampshire,2/26/21,74893,1167,325,4,348
New Hampshire,2/27/21,75166,1170,273,3,349
New Hampshire,2/28/21,75424,1170,258,0,350
New Hampshire,3/1/21,75588,1170,164,0,351
New Hampshire,3/2/21,75803,1170,215,0,352
New Hampshire,3/3/21,75990,1175,187,5,353
New Hampshire,3/4/21,76178,1178,188,3,354
New Hampshire,3/5/21,76422,1178,244,0,355
New Hampshire,3/6/21,76695,1181,273,3,356
New Hampshire,3/7/21,76861,1184,166,3,357
New Hampshire,3/8/21,77060,1184,199,0,358
New Hampshire,3/9/21,77252,1185,192,1,359
New Hampshire,3/10/21,77463,1187,211,2,360
New Hampshire,3/11/21,77764,1191,301,4,361
New Hampshire,3/12/21,78074,1195,310,4,362
New Hampshire,3/13/21,78319,1199,245,4,363
New Hampshire,3/14/21,78615,1199,296,0,364
New Hampshire,3/15/21,78813,1199,198,0,365
New Hampshire,3/16/21,79070,1202,257,3,366
New Hampshire,3/17/21,79367,1202,297,0,367
New Hampshire,3/18/21,79702,1207,335,5,368
New Hampshire,3/19/21,79996,1213,294,6,369
New Hampshire,3/20/21,80316,1217,320,4,370
New Hampshire,3/21/21,80543,1217,227,0,371
New Hampshire,3/22/21,80750,1217,207,0,372
New Hampshire,3/23/21,81132,1218,382,1,373
New Hampshire,3/24/21,81521,1228,389,10,374
New Hampshire,3/25/21,82039,1229,518,1,375
New Hampshire,3/26/21,82374,1231,335,2,376
New Hampshire,3/27/21,82745,1235,371,4,377
New Hampshire,3/28/21,83027,1237,282,2,378
New Hampshire,3/29/21,83340,1237,313,0,379
New Hampshire,3/30/21,83714,1237,374,0,380
New Hampshire,3/31/21,84176,1238,462,1,381
New Hampshire,4/1/21,84539,1245,363,7,382
New Hampshire,4/2/21,85010,1245,471,0,383
New Hampshire,4/3/21,85448,1247,438,2,384
New Hampshire,4/4/21,85846,1249,398,2,385
New Hampshire,4/5/21,86125,1249,279,0,386
New Hampshire,4/6/21,86521,1249,396,0,387
New Hampshire,4/7/21,86935,1250,414,1,388
New Hampshire,4/8/21,87441,1251,506,1,389
New Hampshire,4/9/21,87978,1253,537,2,390
New Hampshire,4/10/21,88446,1256,468,3,391
New Hampshire,4/11/21,88854,1257,408,1,392
New Hampshire,4/12/21,89229,1257,375,0,393
New Hampshire,4/13/21,89605,1257,376,0,394
New Hampshire,4/14/21,89983,1261,378,4,395
New Hampshire,4/15/21,90525,1264,542,3,396
New Hampshire,4/16/21,90910,1266,385,2,397
New Hampshire,4/17/21,91279,1266,369,0,398
New Hampshire,4/18/21,91586,1270,307,4,399
New Hampshire,4/19/21,91783,1270,197,0,400
New Hampshire,4/20/21,92053,1271,270,1,401
New Hampshire,4/21/21,92395,1273,342,2,402
New Hampshire,4/22/21,92911,1274,516,1,403
New Hampshire,4/23/21,93231,1281,320,7,404
New Hampshire,4/24/21,93542,1282,311,1,405
New Hampshire,4/25/21,93821,1284,279,2,406
New Hampshire,4/26/21,93821,1284,0,0,407
New Hampshire,4/27/21,94203,1294,382,10,408
New Hampshire,4/28/21,94405,1296,202,2,409
New Hampshire,4/29/21,94676,1301,271,5,410
New Hampshire,4/30/21,94886,1303,210,2,411
New Hampshire,5/1/21,95163,1304,277,1,412
New Hampshire,5/2/21,95377,1305,214,1,413
New Hampshire,5/3/21,95506,1305,129,0,414
New Hampshire,5/4/21,95714,1307,208,2,415
New Hampshire,5/5/21,95881,1308,167,1,416
New Hampshire,5/6/21,96134,1311,253,3,417
New Hampshire,5/7/21,96337,1311,203,0,418
New Hampshire,5/8/21,96501,1314,164,3,419
New Hampshire,5/9/21,96624,1315,123,1,420
New Hampshire,5/10/21,96801,1315,177,0,421
New Hampshire,5/11/21,96933,1318,132,3,422
New Hampshire,5/12/21,97093,1322,160,4,423
New Hampshire,5/13/21,97304,1326,211,4,424
New Hampshire,5/14/21,97430,1329,126,3,425
New Hampshire,5/15/21,97563,1331,133,2,426
New Hampshire,5/16/21,97676,1332,113,1,427
New Hampshire,5/17/21,97774,1333,98,1,428
New Hampshire,5/18/21,97904,1339,130,6,429
New Hampshire,5/19/21,97978,1340,74,1,430
New Hampshire,5/20/21,98091,1341,113,1,431
New Hampshire,5/21/21,98168,1341,77,0,432
New Hampshire,5/22/21,98244,1344,76,3,433
New Hampshire,5/23/21,98303,1344,59,0,434
New Hampshire,5/24/21,98349,1344,46,0,435
New Hampshire,5/25/21,98428,1344,79,0,436
New Hampshire,5/26/21,98470,1346,42,2,437
New Hampshire,5/27/21,98613,1349,143,3,438
New Hampshire,5/28/21,98650,1351,37,2,439
New Hampshire,5/29/21,98699,1352,49,1,440
New Hampshire,5/30/21,98726,1353,27,1,441
New Hampshire,5/31/21,98726,1353,0,0,442
New Hampshire,6/1/21,98767,1353,41,0,443
New Hampshire,6/2/21,98791,1353,24,0,444
New Hampshire,6/3/21,98840,1354,49,1,445
New Hampshire,6/4/21,98877,1355,37,1,446
New Hampshire,6/5/21,98877,1355,0,0,447
New Hampshire,6/6/21,98877,1355,0,0,448
New Hampshire,6/7/21,98941,1357,64,2,449
New Hampshire,6/8/21,98944,1357,3,0,450
New Hampshire,6/9/21,98996,1357,52,0,451
New Hampshire,6/10/21,99040,1360,44,3,452
New Hampshire,6/11/21,99068,1360,28,0,453
New Hampshire,6/12/21,99068,1360,0,0,454
New Hampshire,6/13/21,99068,1360,0,0,455
