state,date,confirmed,deaths,new_confirmed,new_deaths,tagged_day
North Dakota,3/19/20,19,0,13,0,1
North Dakota,3/20/20,26,0,7,0,2
North Dakota,3/21/20,28,0,2,0,3
North Dakota,3/22/20,28,0,0,0,4
North Dakota,3/23/20,30,0,2,0,5
North Dakota,3/24/20,36,0,6,0,6
North Dakota,3/25/20,45,0,9,0,7
North Dakota,3/26/20,51,0,6,0,8
North Dakota,3/27/20,68,1,17,1,9
North Dakota,3/28/20,94,1,26,0,10
North Dakota,3/29/20,98,1,4,0,11
North Dakota,3/30/20,109,2,11,1,12
North Dakota,3/31/20,122,3,13,1,13
North Dakota,4/1/20,142,3,20,0,14
North Dakota,4/2/20,159,3,17,0,15
North Dakota,4/3/20,173,3,14,0,16
North Dakota,4/4/20,186,3,13,0,17
North Dakota,4/5/20,207,3,21,0,18
North Dakota,4/6/20,225,3,18,0,19
North Dakota,4/7/20,237,4,12,1,20
North Dakota,4/8/20,251,4,14,0,21
North Dakota,4/9/20,269,5,18,1,22
North Dakota,4/10/20,278,6,9,1,23
North Dakota,4/11/20,293,7,15,1,24
North Dakota,4/12/20,308,7,15,0,25
North Dakota,4/13/20,331,8,23,1,26
North Dakota,4/14/20,341,8,10,0,27
North Dakota,4/15/20,365,9,24,1,28
North Dakota,4/16/20,393,9,28,0,29
North Dakota,4/17/20,393,9,0,0,30
North Dakota,4/18/20,528,9,135,0,31
North Dakota,4/19/20,585,9,57,0,32
North Dakota,4/20/20,627,9,42,0,33
North Dakota,4/21/20,644,13,17,4,34
North Dakota,4/22/20,679,14,35,1,35
North Dakota,4/23/20,709,15,30,1,36
North Dakota,4/24/20,748,15,39,0,37
North Dakota,4/25/20,803,16,55,1,38
North Dakota,4/26/20,867,17,64,1,39
North Dakota,4/27/20,942,19,75,2,40
North Dakota,4/28/20,991,19,49,0,41
North Dakota,4/29/20,1033,19,42,0,42
North Dakota,4/30/20,1067,19,34,0,43
North Dakota,5/1/20,1107,23,40,4,44
North Dakota,5/2/20,1153,24,46,1,45
North Dakota,5/3/20,1191,25,38,1,46
North Dakota,5/4/20,1225,25,34,0,47
North Dakota,5/5/20,1266,25,41,0,48
North Dakota,5/6/20,1323,31,57,6,49
North Dakota,5/7/20,1371,31,48,0,50
North Dakota,5/8/20,1425,33,54,2,51
North Dakota,5/9/20,1464,35,39,2,52
North Dakota,5/10/20,1491,35,27,0,53
North Dakota,5/11/20,1518,36,27,1,54
North Dakota,5/12/20,1571,38,53,2,55
North Dakota,5/13/20,1647,40,76,2,56
North Dakota,5/14/20,1712,40,65,0,57
North Dakota,5/15/20,1761,42,49,2,58
North Dakota,5/16/20,1848,42,87,0,59
North Dakota,5/17/20,1900,43,52,1,60
North Dakota,5/18/20,1931,44,31,1,61
North Dakota,5/19/20,1994,45,63,1,62
North Dakota,5/20/20,2095,49,101,4,63
North Dakota,5/21/20,2229,51,134,2,64
North Dakota,5/22/20,2317,52,88,1,65
North Dakota,5/23/20,2365,52,48,0,66
North Dakota,5/24/20,2418,53,53,1,67
North Dakota,5/25/20,2457,54,39,1,68
North Dakota,5/26/20,2422,54,-35,0,69
North Dakota,5/27/20,2439,56,17,2,70
North Dakota,5/28/20,2481,57,42,1,71
North Dakota,5/29/20,2520,59,39,2,72
North Dakota,5/30/20,2554,60,34,1,73
North Dakota,5/31/20,2577,61,23,1,74
North Dakota,6/1/20,2625,61,48,0,75
North Dakota,6/2/20,2646,65,21,4,76
North Dakota,6/3/20,2679,66,33,1,77
North Dakota,6/4/20,2706,66,27,0,78
North Dakota,6/5/20,2745,71,39,5,79
North Dakota,6/6/20,2816,72,71,1,80
North Dakota,6/7/20,2861,72,45,0,81
North Dakota,6/8/20,2880,72,19,0,82
North Dakota,6/9/20,2901,72,21,0,83
North Dakota,6/10/20,2941,73,40,1,84
North Dakota,6/11/20,2980,74,39,1,85
North Dakota,6/12/20,3016,74,36,0,86
North Dakota,6/13/20,3058,74,42,0,87
North Dakota,6/14/20,3080,74,22,0,88
North Dakota,6/15/20,3101,74,21,0,89
North Dakota,6/16/20,3124,74,23,0,90
North Dakota,6/17/20,3166,74,42,0,91
North Dakota,6/18/20,3193,75,27,1,92
North Dakota,6/19/20,3226,76,33,1,93
North Dakota,6/20/20,3251,76,25,0,94
North Dakota,6/21/20,3288,77,37,1,95
North Dakota,6/22/20,3313,77,25,0,96
North Dakota,6/23/20,3320,78,7,1,97
North Dakota,6/24/20,3362,78,42,0,98
North Dakota,6/25/20,3393,78,31,0,99
North Dakota,6/26/20,3421,78,28,0,100
North Dakota,6/27/20,3458,78,37,0,101
North Dakota,6/28/20,3495,79,37,1,102
North Dakota,6/29/20,3539,79,44,0,103
North Dakota,6/30/20,3576,79,37,0,104
North Dakota,7/1/20,3615,80,39,1,105
North Dakota,7/2/20,3657,80,42,0,106
North Dakota,7/3/20,3722,80,65,0,107
North Dakota,7/4/20,3779,80,57,0,108
North Dakota,7/5/20,3816,80,37,0,109
North Dakota,7/6/20,3849,80,33,0,110
North Dakota,7/7/20,3898,84,49,4,111
North Dakota,7/8/20,3971,85,73,1,112
North Dakota,7/9/20,4071,85,100,0,113
North Dakota,7/10/20,4155,85,84,0,114
North Dakota,7/11/20,4243,87,88,2,115
North Dakota,7/12/20,4334,87,91,0,116
North Dakota,7/13/20,4442,87,108,0,117
North Dakota,7/14/20,4493,88,51,1,118
North Dakota,7/15/20,4565,88,72,0,119
North Dakota,7/16/20,4668,89,103,1,120
North Dakota,7/17/20,4792,90,124,1,121
North Dakota,7/18/20,4907,90,115,0,122
North Dakota,7/19/20,5019,92,112,2,123
North Dakota,7/20/20,5126,93,107,1,124
North Dakota,7/21/20,5207,94,81,1,125
North Dakota,7/22/20,5367,96,160,2,126
North Dakota,7/23/20,5493,97,126,1,127
North Dakota,7/24/20,5614,99,121,2,128
North Dakota,7/25/20,5736,99,122,0,129
North Dakota,7/26/20,5876,99,140,0,130
North Dakota,7/27/20,5986,99,110,0,131
North Dakota,7/28/20,6141,100,155,1,132
North Dakota,7/29/20,6227,102,86,2,133
North Dakota,7/30/20,6301,103,74,1,134
North Dakota,7/31/20,6469,103,168,0,135
North Dakota,8/1/20,6602,103,133,0,136
North Dakota,8/2/20,6660,105,58,2,137
North Dakota,8/3/20,6785,105,125,0,138
North Dakota,8/4/20,6933,107,148,2,139
North Dakota,8/5/20,7057,108,124,1,140
North Dakota,8/6/20,7177,109,120,1,141
North Dakota,8/7/20,7327,110,150,1,142
North Dakota,8/8/20,7508,112,181,2,143
North Dakota,8/9/20,7596,112,88,0,144
North Dakota,8/10/20,7713,113,117,1,145
North Dakota,8/11/20,7885,118,172,5,146
North Dakota,8/12/20,7970,120,85,2,147
North Dakota,8/13/20,8171,120,201,0,148
North Dakota,8/14/20,8322,121,151,1,149
North Dakota,8/15/20,8444,121,122,0,150
North Dakota,8/16/20,8587,125,143,4,151
North Dakota,8/17/20,8647,126,60,1,152
North Dakota,8/18/20,8782,128,135,2,153
North Dakota,8/19/20,8968,130,186,2,154
North Dakota,8/20/20,9242,130,274,0,155
North Dakota,8/21/20,9474,132,232,2,156
North Dakota,8/22/20,9736,135,262,3,157
North Dakota,8/23/20,9876,136,140,1,158
North Dakota,8/24/20,10000,137,124,1,159
North Dakota,8/25/20,10229,138,229,1,160
North Dakota,8/26/20,10467,138,238,0,161
North Dakota,8/27/20,10800,139,333,1,162
North Dakota,8/28/20,11110,139,310,0,163
North Dakota,8/29/20,11484,141,374,2,164
North Dakota,8/30/20,11702,142,218,1,165
North Dakota,8/31/20,11816,143,114,1,166
North Dakota,9/1/20,12000,145,184,2,167
North Dakota,9/2/20,12267,148,267,3,168
North Dakota,9/3/20,12629,150,362,2,169
North Dakota,9/4/20,12973,150,344,0,170
North Dakota,9/5/20,13334,155,361,5,171
North Dakota,9/6/20,13631,156,297,1,172
North Dakota,9/7/20,13801,156,170,0,173
North Dakota,9/8/20,13872,156,71,0,174
North Dakota,9/9/20,14110,157,238,1,175
North Dakota,9/10/20,14443,160,333,3,176
North Dakota,9/11/20,14684,164,241,4,177
North Dakota,9/12/20,15151,167,467,3,178
North Dakota,9/13/20,15577,168,426,1,179
North Dakota,9/14/20,15831,170,254,2,180
North Dakota,9/15/20,16064,172,233,2,181
North Dakota,9/16/20,16333,177,269,5,182
North Dakota,9/17/20,16723,182,390,5,183
North Dakota,9/18/20,17230,184,507,2,184
North Dakota,9/19/20,17607,192,377,8,185
North Dakota,9/20/20,17958,192,351,0,186
North Dakota,9/21/20,18244,193,286,1,187
North Dakota,9/22/20,18508,196,264,3,188
North Dakota,9/23/20,18981,203,473,7,189
North Dakota,9/24/20,19451,211,470,8,190
North Dakota,9/25/20,19885,219,434,8,191
North Dakota,9/26/20,20380,227,495,8,192
North Dakota,9/27/20,20724,231,344,4,193
North Dakota,9/28/20,20983,234,259,3,194
North Dakota,9/29/20,21401,239,418,5,195
North Dakota,9/30/20,21846,246,445,7,196
North Dakota,10/1/20,22218,256,372,10,197
North Dakota,10/2/20,22694,264,476,8,198
North Dakota,10/3/20,23134,271,440,7,199
North Dakota,10/4/20,23550,274,416,3,200
North Dakota,10/5/20,23862,277,312,3,201
North Dakota,10/6/20,24364,280,502,3,202
North Dakota,10/7/20,24857,304,493,24,203
North Dakota,10/8/20,25384,310,527,6,204
North Dakota,10/9/20,26039,321,655,11,205
North Dakota,10/10/20,26627,336,588,15,206
North Dakota,10/11/20,27264,337,637,1,207
North Dakota,10/12/20,27736,345,472,8,208
North Dakota,10/13/20,28244,357,508,12,209
North Dakota,10/14/20,28947,365,703,8,210
North Dakota,10/15/20,29653,370,706,5,211
North Dakota,10/16/20,30517,388,864,18,212
North Dakota,10/17/20,31261,399,744,11,213
North Dakota,10/18/20,31978,404,717,5,214
North Dakota,10/19/20,32637,408,659,4,215
North Dakota,10/20/20,33666,412,1029,4,216
North Dakota,10/21/20,34165,422,499,10,217
North Dakota,10/22/20,35052,431,887,9,218
North Dakota,10/23/20,35939,440,887,9,219
North Dakota,10/24/20,36874,448,935,8,220
North Dakota,10/25/20,37719,456,845,8,221
North Dakota,10/26/20,38241,461,522,5,222
North Dakota,10/27/20,39130,476,889,15,223
North Dakota,10/28/20,39907,488,777,12,224
North Dakota,10/29/20,41130,499,1223,11,225
North Dakota,10/30/20,42483,512,1353,13,226
North Dakota,10/31/20,43916,524,1433,12,227
North Dakota,11/1/20,45043,531,1127,7,228
North Dakota,11/2/20,46015,540,972,9,229
North Dakota,11/3/20,47187,555,1172,15,230
North Dakota,11/4/20,48301,567,1114,12,231
North Dakota,11/5/20,49837,596,1536,29,232
North Dakota,11/6/20,51602,613,1765,17,233
North Dakota,11/7/20,53204,628,1602,15,234
North Dakota,11/8/20,54305,639,1101,11,235
North Dakota,11/9/20,55458,644,1153,5,236
North Dakota,11/10/20,56352,674,894,30,237
North Dakota,11/11/20,57373,686,1021,12,238
North Dakota,11/12/20,59173,697,1800,11,239
North Dakota,11/13/20,60602,707,1429,10,240
North Dakota,11/14/20,62872,726,2270,19,241
North Dakota,11/15/20,63796,736,924,10,242
North Dakota,11/16/20,64885,743,1089,7,243
North Dakota,11/17/20,65967,775,1082,32,244
North Dakota,11/18/20,67230,791,1263,16,245
North Dakota,11/19/20,68612,801,1382,10,246
North Dakota,11/20/20,70016,824,1404,23,247
North Dakota,11/21/20,71540,840,1524,16,248
North Dakota,11/22/20,72683,846,1143,6,249
North Dakota,11/23/20,73397,852,714,6,250
North Dakota,11/24/20,74401,889,1004,37,251
North Dakota,11/25/20,75478,893,1077,4,252
North Dakota,11/26/20,76442,903,964,10,253
North Dakota,11/27/20,77232,908,790,5,254
North Dakota,11/28/20,77935,921,703,13,255
North Dakota,11/29/20,78658,926,723,5,256
North Dakota,11/30/20,79252,933,594,7,257
North Dakota,12/1/20,79655,960,403,27,258
North Dakota,12/2/20,80135,972,480,12,259
North Dakota,12/3/20,81105,983,970,11,260
North Dakota,12/4/20,81949,995,844,12,261
North Dakota,12/5/20,82504,1013,555,18,262
North Dakota,12/6/20,82981,1019,477,6,263
North Dakota,12/7/20,83342,1028,361,9,264
North Dakota,12/8/20,83342,1028,0,0,265
North Dakota,12/9/20,86149,1086,2807,58,266
North Dakota,12/10/20,86707,1109,558,23,267
North Dakota,12/11/20,87214,1130,507,21,268
North Dakota,12/12/20,87590,1152,376,22,269
North Dakota,12/13/20,87871,1152,281,0,270
North Dakota,12/14/20,88067,1157,196,5,271
North Dakota,12/15/20,88393,1170,326,13,272
North Dakota,12/16/20,88686,1195,293,25,273
North Dakota,12/17/20,89063,1204,377,9,274
North Dakota,12/18/20,89554,1225,491,21,275
North Dakota,12/19/20,89784,1231,230,6,276
North Dakota,12/20/20,90035,1231,251,0,277
North Dakota,12/21/20,90116,1233,81,2,278
North Dakota,12/22/20,90452,1238,336,5,279
North Dakota,12/23/20,90722,1243,270,5,280
North Dakota,12/24/20,90947,1260,225,17,281
North Dakota,12/25/20,91221,1264,274,4,282
North Dakota,12/26/20,91354,1264,133,0,283
North Dakota,12/27/20,91464,1266,110,2,284
North Dakota,12/28/20,91557,1270,93,4,285
North Dakota,12/29/20,91828,1276,271,6,286
North Dakota,12/30/20,92203,1282,375,6,287
North Dakota,12/31/20,92495,1299,292,17,288
North Dakota,1/1/21,92770,1316,275,17,289
North Dakota,1/2/21,92891,1317,121,1,290
North Dakota,1/3/21,93041,1317,150,0,291
North Dakota,1/4/21,93240,1319,199,2,292
North Dakota,1/5/21,93494,1336,254,17,293
North Dakota,1/6/21,93832,1341,338,5,294
North Dakota,1/7/21,94156,1348,324,7,295
North Dakota,1/8/21,94438,1359,282,11,296
North Dakota,1/9/21,94558,1360,120,1,297
North Dakota,1/10/21,94716,1360,158,0,298
North Dakota,1/11/21,94830,1360,114,0,299
North Dakota,1/12/21,94968,1363,138,3,300
North Dakota,1/13/21,95135,1364,167,1,301
North Dakota,1/14/21,95378,1372,243,8,302
North Dakota,1/15/21,95599,1395,221,23,303
North Dakota,1/16/21,95714,1403,115,8,304
North Dakota,1/17/21,95864,1406,150,3,305
North Dakota,1/18/21,95934,1406,70,0,306
North Dakota,1/19/21,96071,1408,137,2,307
North Dakota,1/20/21,96222,1409,151,1,308
North Dakota,1/21/21,96369,1422,147,13,309
North Dakota,1/22/21,96565,1428,196,6,310
North Dakota,1/23/21,96720,1436,155,8,311
North Dakota,1/24/21,96817,1436,97,0,312
North Dakota,1/25/21,96874,1436,57,0,313
North Dakota,1/26/21,97006,1440,132,4,314
North Dakota,1/27/21,97160,1441,154,1,315
North Dakota,1/28/21,97304,1442,144,1,316
North Dakota,1/29/21,97457,1444,153,2,317
North Dakota,1/30/21,97561,1447,104,3,318
North Dakota,1/31/21,97629,1447,68,0,319
North Dakota,2/1/21,97680,1447,51,0,320
North Dakota,2/2/21,97797,1447,117,0,321
North Dakota,2/3/21,97936,1447,139,0,322
North Dakota,2/4/21,98034,1447,98,0,323
North Dakota,2/5/21,98095,1451,61,4,324
North Dakota,2/6/21,98106,1453,11,2,325
North Dakota,2/7/21,98155,1453,49,0,326
North Dakota,2/8/21,98184,1454,29,1,327
North Dakota,2/9/21,98175,1457,-9,3,328
North Dakota,2/10/21,98214,1459,39,2,329
North Dakota,2/11/21,98353,1460,139,1,330
North Dakota,2/12/21,98466,1461,113,1,331
North Dakota,2/13/21,98551,1461,85,0,332
North Dakota,2/14/21,98597,1461,46,0,333
North Dakota,2/15/21,98643,1461,46,0,334
North Dakota,2/16/21,98781,1461,138,0,335
North Dakota,2/17/21,98901,1461,120,0,336
North Dakota,2/18/21,99034,1465,133,4,337
North Dakota,2/19/21,99153,1465,119,0,338
North Dakota,2/20/21,99228,1467,75,2,339
North Dakota,2/21/21,99277,1468,49,1,340
North Dakota,2/22/21,99312,1468,35,0,341
North Dakota,2/23/21,99416,1469,104,1,342
North Dakota,2/24/21,99531,1470,115,1,343
North Dakota,2/25/21,99621,1471,90,1,344
North Dakota,2/26/21,99711,1472,90,1,345
North Dakota,2/27/21,99780,1475,69,3,346
North Dakota,2/28/21,99809,1475,29,0,347
North Dakota,3/1/21,99852,1475,43,0,348
North Dakota,3/2/21,99957,1477,105,2,349
North Dakota,3/3/21,100067,1478,110,1,350
North Dakota,3/4/21,100184,1478,117,0,351
North Dakota,3/5/21,100278,1478,94,0,352
North Dakota,3/6/21,100357,1479,79,1,353
North Dakota,3/7/21,100391,1479,34,0,354
North Dakota,3/8/21,100419,1479,28,0,355
North Dakota,3/9/21,100514,1479,95,0,356
North Dakota,3/10/21,100615,1481,101,2,357
North Dakota,3/11/21,100726,1485,111,4,358
North Dakota,3/12/21,100847,1486,121,1,359
North Dakota,3/13/21,100942,1488,95,2,360
North Dakota,3/14/21,100976,1488,34,0,361
North Dakota,3/15/21,101001,1488,25,0,362
North Dakota,3/16/21,101150,1489,149,1,363
North Dakota,3/17/21,101284,1490,134,1,364
North Dakota,3/18/21,101403,1490,119,0,365
North Dakota,3/19/21,101514,1491,111,1,366
North Dakota,3/20/21,101602,1492,88,1,367
North Dakota,3/21/21,101651,1492,49,0,368
North Dakota,3/22/21,101701,1492,50,0,369
North Dakota,3/23/21,101865,1494,164,2,370
North Dakota,3/24/21,102001,1495,136,1,371
North Dakota,3/25/21,102198,1497,197,2,372
North Dakota,3/26/21,102382,1498,184,1,373
North Dakota,3/27/21,102536,1498,154,0,374
North Dakota,3/28/21,102583,1498,47,0,375
North Dakota,3/29/21,102639,1498,56,0,376
North Dakota,3/30/21,102880,1498,241,0,377
North Dakota,3/31/21,103091,1498,211,0,378
North Dakota,4/1/21,103299,1498,208,0,379
North Dakota,4/2/21,103460,1498,161,0,380
North Dakota,4/3/21,103577,1498,117,0,381
North Dakota,4/4/21,103638,1498,61,0,382
North Dakota,4/5/21,103714,1497,76,-1,383
North Dakota,4/6/21,103974,1499,260,2,384
North Dakota,4/7/21,104167,1499,193,0,385
North Dakota,4/8/21,104364,1499,197,0,386
North Dakota,4/9/21,104488,1501,124,2,387
North Dakota,4/10/21,104701,1502,213,1,388
North Dakota,4/11/21,104745,1502,44,0,389
North Dakota,4/12/21,104808,1502,63,0,390
North Dakota,4/13/21,105039,1504,231,2,391
North Dakota,4/14/21,105215,1505,176,1,392
North Dakota,4/15/21,105380,1506,165,1,393
North Dakota,4/16/21,105557,1509,177,3,394
North Dakota,4/17/21,105696,1510,139,1,395
North Dakota,4/18/21,105754,1510,58,0,396
North Dakota,4/19/21,105805,1510,51,0,397
North Dakota,4/20/21,106042,1513,237,3,398
North Dakota,4/21/21,106218,1515,176,2,399
North Dakota,4/22/21,106385,1515,167,0,400
North Dakota,4/23/21,106537,1517,152,2,401
North Dakota,4/24/21,106656,1517,119,0,402
North Dakota,4/25/21,106688,1517,32,0,403
North Dakota,4/26/21,106809,1517,121,0,404
North Dakota,4/27/21,106998,1517,189,0,405
North Dakota,4/28/21,107154,1517,156,0,406
North Dakota,4/29/21,107298,1522,144,5,407
North Dakota,4/30/21,107473,1523,175,1,408
North Dakota,5/1/21,107639,1525,166,2,409
North Dakota,5/2/21,107708,1525,69,0,410
North Dakota,5/3/21,107763,1525,55,0,411
North Dakota,5/4/21,107912,1525,149,0,412
North Dakota,5/5/21,108081,1528,169,3,413
North Dakota,5/6/21,108218,1530,137,2,414
North Dakota,5/7/21,108341,1529,123,-1,415
North Dakota,5/8/21,108439,1529,98,0,416
North Dakota,5/9/21,108482,1529,43,0,417
North Dakota,5/10/21,108526,1529,44,0,418
North Dakota,5/11/21,108652,1532,126,3,419
North Dakota,5/12/21,108763,1532,111,0,420
North Dakota,5/13/21,108877,1533,114,1,421
North Dakota,5/14/21,108973,1534,96,1,422
North Dakota,5/15/21,109057,1534,84,0,423
North Dakota,5/16/21,109104,1534,47,0,424
North Dakota,5/17/21,109135,1534,31,0,425
North Dakota,5/18/21,109235,1534,100,0,426
North Dakota,5/19/21,109362,1536,127,2,427
North Dakota,5/20/21,109440,1537,78,1,428
North Dakota,5/21/21,109509,1537,69,0,429
North Dakota,5/22/21,109577,1537,68,0,430
North Dakota,5/23/21,109603,1537,26,0,431
North Dakota,5/24/21,109633,1537,30,0,432
North Dakota,5/25/21,109713,1537,80,0,433
North Dakota,5/26/21,109780,1539,67,2,434
North Dakota,5/27/21,109820,1541,40,2,435
North Dakota,5/28/21,109869,1543,49,2,436
North Dakota,5/29/21,109915,1543,46,0,437
North Dakota,5/30/21,109935,1543,20,0,438
North Dakota,5/31/21,109944,1543,9,0,439
North Dakota,6/1/21,109962,1543,18,0,440
North Dakota,6/2/21,110045,1543,83,0,441
North Dakota,6/3/21,110098,1546,53,3,442
North Dakota,6/4/21,110151,1546,53,0,443
North Dakota,6/5/21,110178,1547,27,1,444
North Dakota,6/6/21,110199,1547,21,0,445
North Dakota,6/7/21,110215,1547,16,0,446
North Dakota,6/8/21,110254,1547,39,0,447
North Dakota,6/9/21,110298,1548,44,1,448
North Dakota,6/10/21,110351,1548,53,0,449
North Dakota,6/11/21,110386,1551,35,3,450
North Dakota,6/12/21,110426,1551,40,0,451
North Dakota,6/13/21,110432,1551,6,0,452
