state,date,confirmed,deaths,new_confirmed,new_deaths,tagged_day
Ohio,3/13/20,12,1,7,0,1
Ohio,3/14/20,26,2,14,1,2
Ohio,3/15/20,30,2,4,0,3
Ohio,3/16/20,50,2,20,0,4
Ohio,3/17/20,67,4,17,2,5
Ohio,3/18/20,89,5,22,1,6
Ohio,3/19/20,119,5,30,0,7
Ohio,3/20/20,173,10,54,5,8
Ohio,3/21/20,247,10,74,0,9
Ohio,3/22/20,356,13,109,3,10
Ohio,3/23/20,443,17,87,4,11
Ohio,3/24/20,567,21,124,4,12
Ohio,3/25/20,704,27,137,6,13
Ohio,3/26/20,868,33,164,6,14
Ohio,3/27/20,1137,41,269,8,15
Ohio,3/28/20,1406,52,269,11,16
Ohio,3/29/20,1653,71,247,19,17
Ohio,3/30/20,1933,84,280,13,18
Ohio,3/31/20,2199,92,266,8,19
Ohio,4/1/20,2547,109,348,17,20
Ohio,4/2/20,2901,127,354,18,21
Ohio,4/3/20,3312,149,411,22,22
Ohio,4/4/20,3739,168,427,19,23
Ohio,4/5/20,4043,191,304,23,24
Ohio,4/6/20,4453,211,410,20,25
Ohio,4/7/20,4782,228,329,17,26
Ohio,4/8/20,5148,261,366,33,27
Ohio,4/9/20,5512,286,364,25,28
Ohio,4/10/20,5878,306,366,20,29
Ohio,4/11/20,6250,332,372,26,30
Ohio,4/12/20,6604,363,354,31,31
Ohio,4/13/20,6975,399,371,36,32
Ohio,4/14/20,7285,434,310,35,33
Ohio,4/15/20,7794,470,509,36,34
Ohio,4/16/20,8414,504,620,34,35
Ohio,4/17/20,9107,552,693,48,36
Ohio,4/18/20,10222,587,1115,35,37
Ohio,4/19/20,11602,617,1380,30,38
Ohio,4/20/20,12919,659,1317,42,39
Ohio,4/21/20,13725,696,806,37,40
Ohio,4/22/20,14117,739,392,43,41
Ohio,4/23/20,14694,779,577,40,42
Ohio,4/24/20,15169,827,475,48,43
Ohio,4/25/20,15587,858,418,31,44
Ohio,4/26/20,15972,908,385,50,45
Ohio,4/27/20,16325,954,353,46,46
Ohio,4/28/20,16769,1009,444,55,47
Ohio,4/29/20,17303,1050,534,41,48
Ohio,4/30/20,18027,1080,724,30,49
Ohio,5/1/20,18743,1129,716,49,50
Ohio,5/2/20,19335,1170,592,41,51
Ohio,5/3/20,19914,1214,579,44,52
Ohio,5/4/20,20474,1243,560,29,53
Ohio,5/5/20,20969,1281,495,38,54
Ohio,5/6/20,21576,1323,607,42,55
Ohio,5/7/20,22131,1363,555,40,56
Ohio,5/8/20,23016,1402,885,39,57
Ohio,5/9/20,23697,1442,681,40,58
Ohio,5/10/20,24081,1476,384,34,59
Ohio,5/11/20,24777,1502,696,26,60
Ohio,5/12/20,25250,1541,473,39,61
Ohio,5/13/20,25721,1578,471,37,62
Ohio,5/14/20,26357,1605,636,27,63
Ohio,5/15/20,26954,1650,597,45,64
Ohio,5/16/20,27474,1684,520,34,65
Ohio,5/17/20,27923,1720,449,36,66
Ohio,5/18/20,28454,1758,531,38,67
Ohio,5/19/20,28952,1791,498,33,68
Ohio,5/20/20,29436,1820,484,29,69
Ohio,5/21/20,30167,1857,731,37,70
Ohio,5/22/20,30794,1889,627,32,71
Ohio,5/23/20,31408,1932,614,43,72
Ohio,5/24/20,31911,1959,503,27,73
Ohio,5/25/20,32477,1986,566,27,74
Ohio,5/26/20,33006,2006,529,20,75
Ohio,5/27/20,33439,2032,433,26,76
Ohio,5/28/20,33915,2052,476,20,77
Ohio,5/29/20,34566,2079,651,27,78
Ohio,5/30/20,35033,2100,467,21,79
Ohio,5/31/20,35513,2130,480,30,80
Ohio,6/1/20,35984,2160,471,30,81
Ohio,6/2/20,36350,2181,366,21,82
Ohio,6/3/20,36792,2210,442,29,83
Ohio,6/4/20,37282,2232,490,22,84
Ohio,6/5/20,37758,2249,476,17,85
Ohio,6/6/20,38111,2272,353,23,86
Ohio,6/7/20,38476,2283,365,11,87
Ohio,6/8/20,38837,2299,361,16,88
Ohio,6/9/20,39162,2313,325,14,89
Ohio,6/10/20,39575,2326,413,13,90
Ohio,6/11/20,40004,2339,429,13,91
Ohio,6/12/20,40424,2364,420,25,92
Ohio,6/13/20,40851,2385,427,21,93
Ohio,6/14/20,41148,2404,297,19,94
Ohio,6/15/20,41576,2418,428,14,95
Ohio,6/16/20,42010,2426,434,8,96
Ohio,6/17/20,42422,2439,412,13,97
Ohio,6/18/20,43122,2452,700,13,98
Ohio,6/19/20,43731,2469,609,17,99
Ohio,6/20/20,44261,2477,530,8,100
Ohio,6/21/20,44808,2484,547,7,101
Ohio,6/22/20,45537,2501,729,17,102
Ohio,6/23/20,46127,2513,590,12,103
Ohio,6/24/20,46759,2521,632,8,104
Ohio,6/25/20,47651,2530,892,9,105
Ohio,6/26/20,48638,2544,987,14,106
Ohio,6/27/20,49455,2558,817,14,107
Ohio,6/28/20,50309,2574,854,16,108
Ohio,6/29/20,51046,2590,737,16,109
Ohio,6/30/20,51789,2596,743,6,110
Ohio,7/1/20,52865,2613,1076,17,111
Ohio,7/2/20,54166,2624,1301,11,112
Ohio,7/3/20,55257,2637,1091,13,113
Ohio,7/4/20,56183,2649,926,12,114
Ohio,7/5/20,57150,2664,967,15,115
Ohio,7/6/20,57956,2677,806,13,116
Ohio,7/7/20,58904,2692,948,15,117
Ohio,7/8/20,60181,2704,1277,12,118
Ohio,7/9/20,61331,2724,1150,20,119
Ohio,7/10/20,62856,2741,1525,17,120
Ohio,7/11/20,64214,2761,1358,20,121
Ohio,7/12/20,65592,2775,1378,14,122
Ohio,7/13/20,66853,2788,1261,13,123
Ohio,7/14/20,67995,2801,1142,13,124
Ohio,7/15/20,69311,2813,1316,12,125
Ohio,7/16/20,70601,2834,1290,21,126
Ohio,7/17/20,72280,2848,1679,14,127
Ohio,7/18/20,73821,2872,1541,24,128
Ohio,7/19/20,74932,2901,1111,29,129
Ohio,7/20/20,76168,2925,1236,24,130
Ohio,7/21/20,77215,2938,1047,13,131
Ohio,7/22/20,78742,2964,1527,26,132
Ohio,7/23/20,80186,2987,1444,23,133
Ohio,7/24/20,81746,3016,1560,29,134
Ohio,7/25/20,83184,3046,1438,30,135
Ohio,7/26/20,84073,3065,889,19,136
Ohio,7/27/20,85177,3089,1104,24,137
Ohio,7/28/20,86497,3120,1320,31,138
Ohio,7/29/20,87893,3154,1396,34,139
Ohio,7/30/20,89626,3180,1733,26,140
Ohio,7/31/20,91159,3204,1533,24,141
Ohio,8/1/20,92087,3218,928,14,142
Ohio,8/2/20,93031,3241,944,23,143
Ohio,8/3/20,93963,3260,932,19,144
Ohio,8/4/20,95106,3276,1143,16,145
Ohio,8/5/20,96305,3300,1199,24,146
Ohio,8/6/20,97471,3325,1166,25,147
Ohio,8/7/20,98675,3351,1204,26,148
Ohio,8/8/20,99969,3369,1294,18,149
Ohio,8/9/20,100848,3393,879,24,150
Ohio,8/10/20,101731,3418,883,25,151
Ohio,8/11/20,102826,3442,1095,24,152
Ohio,8/12/20,104248,3461,1422,19,153
Ohio,8/13/20,105426,3490,1178,29,154
Ohio,8/14/20,106557,3517,1131,27,155
Ohio,8/15/20,107674,3536,1117,19,156
Ohio,8/16/20,108287,3556,613,20,157
Ohio,8/17/20,109062,3571,775,15,158
Ohio,8/18/20,109910,3594,848,23,159
Ohio,8/19/20,110881,3617,971,23,160
Ohio,8/20/20,112003,3641,1122,24,161
Ohio,8/21/20,113046,3671,1043,30,162
Ohio,8/22/20,114165,3697,1119,26,163
Ohio,8/23/20,114802,3726,637,29,164
Ohio,8/24/20,115651,3749,849,23,165
Ohio,8/25/20,116495,3774,844,25,166
Ohio,8/26/20,117584,3796,1089,22,167
Ohio,8/27/20,118828,3819,1244,23,168
Ohio,8/28/20,120124,3844,1296,25,169
Ohio,8/29/20,121320,3863,1196,19,170
Ohio,8/30/20,122260,3884,940,21,171
Ohio,8/31/20,123155,3908,895,24,172
Ohio,9/1/20,124606,3933,1451,25,173
Ohio,9/2/20,125767,3958,1161,25,174
Ohio,9/3/20,127112,3980,1345,22,175
Ohio,9/4/20,128444,3995,1332,15,176
Ohio,9/5/20,129785,4015,1341,20,177
Ohio,9/6/20,130558,4035,773,20,178
Ohio,9/7/20,131336,4052,778,17,179
Ohio,9/8/20,131992,4069,656,17,180
Ohio,9/9/20,132965,4090,973,21,181
Ohio,9/10/20,134086,4110,1121,20,182
Ohio,9/11/20,135326,4133,1240,23,183
Ohio,9/12/20,136568,4155,1242,22,184
Ohio,9/13/20,137405,4173,837,18,185
Ohio,9/14/20,138484,4190,1079,17,186
Ohio,9/15/20,139485,4202,1001,12,187
Ohio,9/16/20,140518,4213,1033,11,188
Ohio,9/17/20,141585,4235,1067,22,189
Ohio,9/18/20,142596,4260,1011,25,190
Ohio,9/19/20,143547,4267,951,7,191
Ohio,9/20/20,144309,4280,762,13,192
Ohio,9/21/20,145165,4296,856,16,193
Ohio,9/22/20,145850,4314,685,18,194
Ohio,9/23/20,146753,4336,903,22,195
Ohio,9/24/20,147744,4354,991,18,196
Ohio,9/25/20,148894,4378,1150,24,197
Ohio,9/26/20,150009,4390,1115,12,198
Ohio,9/27/20,150809,4407,800,17,199
Ohio,9/28/20,151802,4426,993,19,200
Ohio,9/29/20,152907,4447,1105,21,201
Ohio,9/30/20,153987,4465,1080,18,202
Ohio,10/1/20,155314,4485,1327,20,203
Ohio,10/2/20,156809,4495,1495,10,204
Ohio,10/3/20,157966,4510,1157,15,205
Ohio,10/4/20,158907,4523,941,13,206
Ohio,10/5/20,159964,4539,1057,16,207
Ohio,10/6/20,161299,4562,1335,23,208
Ohio,10/7/20,162723,4588,1424,26,209
Ohio,10/8/20,164262,4615,1539,27,210
Ohio,10/9/20,166102,4632,1840,17,211
Ohio,10/10/20,167458,4657,1356,25,212
Ohio,10/11/20,168749,4674,1291,17,213
Ohio,10/12/20,170179,4702,1430,28,214
Ohio,10/13/20,171626,4724,1447,22,215
Ohio,10/14/20,173665,4743,2039,19,216
Ohio,10/15/20,175843,4768,2178,25,217
Ohio,10/16/20,177991,4794,2148,26,218
Ohio,10/17/20,180225,4827,2234,33,219
Ohio,10/18/20,181787,4854,1562,27,220
Ohio,10/19/20,183624,4883,1837,29,221
Ohio,10/20/20,185639,4909,2015,26,222
Ohio,10/21/20,188005,4946,2366,37,223
Ohio,10/22/20,190430,4980,2425,34,224
Ohio,10/23/20,192948,5014,2518,34,225
Ohio,10/24/20,195806,5046,2858,32,226
Ohio,10/25/20,198115,5086,2309,40,227
Ohio,10/26/20,200231,5116,2116,30,228
Ohio,10/27/20,202740,5156,2509,40,229
Ohio,10/28/20,205347,5198,2607,42,230
Ohio,10/29/20,208937,5238,3590,40,231
Ohio,10/30/20,212782,5279,3845,41,232
Ohio,10/31/20,215697,5316,2915,37,233
Ohio,11/1/20,219000,5368,3303,52,234
Ohio,11/2/20,221909,5417,2909,49,235
Ohio,11/3/20,226138,5470,4229,53,236
Ohio,11/4/20,230209,5523,4071,53,237
Ohio,11/5/20,235170,5579,4961,56,238
Ohio,11/6/20,240178,5631,5008,52,239
Ohio,11/7/20,245727,5702,5549,71,240
Ohio,11/8/20,250268,5763,4541,61,241
Ohio,11/9/20,254974,5840,4706,77,242
Ohio,11/10/20,261482,5913,6508,73,243
Ohio,11/11/20,267356,5972,5874,59,244
Ohio,11/12/20,274457,6050,7101,78,245
Ohio,11/13/20,282528,6121,8071,71,246
Ohio,11/14/20,290243,6184,7715,63,247
Ohio,11/15/20,298096,6261,7853,77,248
Ohio,11/16/20,305364,6330,7268,69,249
Ohio,11/17/20,312443,6409,7079,79,250
Ohio,11/18/20,318828,6507,6385,98,251
Ohio,11/19/20,326615,6614,7787,107,252
Ohio,11/20/20,335423,6735,8808,121,253
Ohio,11/21/20,343286,6858,7863,123,254
Ohio,11/22/20,351419,6988,8133,130,255
Ohio,11/23/20,363304,7097,11885,109,256
Ohio,11/24/20,371840,7223,8536,126,257
Ohio,11/25/20,382743,7361,10903,138,258
Ohio,11/26/20,382743,7471,0,110,259
Ohio,11/27/20,399808,7615,17065,144,260
Ohio,11/28/20,406703,7764,6895,149,261
Ohio,11/29/20,414432,7914,7729,150,262
Ohio,11/30/20,421063,8070,6631,156,263
Ohio,12/1/20,430093,8226,9030,156,264
Ohio,12/2/20,437928,8393,7835,167,265
Ohio,12/3/20,446849,8543,8921,150,266
Ohio,12/4/20,456963,8729,10114,186,267
Ohio,12/5/20,467432,8905,10469,176,268
Ohio,12/6/20,475024,9083,7592,178,269
Ohio,12/7/20,484297,9260,9273,177,270
Ohio,12/8/20,510018,9452,25721,192,271
Ohio,12/9/20,520112,9639,10094,187,272
Ohio,12/10/20,531850,9833,11738,194,273
Ohio,12/11/20,542209,10015,10359,182,274
Ohio,12/12/20,553461,10204,11252,189,275
Ohio,12/13/20,562727,10384,9266,180,276
Ohio,12/14/20,570602,10568,7875,184,277
Ohio,12/15/20,579357,10753,8755,185,278
Ohio,12/16/20,584766,10964,5409,211,279
Ohio,12/17/20,596178,11170,11412,206,280
Ohio,12/18/20,605862,11379,9684,209,281
Ohio,12/19/20,614429,11565,8567,186,282
Ohio,12/20/20,622806,11753,8377,188,283
Ohio,12/21/20,629354,11946,6548,193,284
Ohio,12/22/20,637032,12144,7678,198,285
Ohio,12/23/20,644822,12299,7790,155,286
Ohio,12/24/20,653650,12440,8828,141,287
Ohio,12/25/20,653650,12597,0,157,288
Ohio,12/26/20,664668,12779,11018,182,289
Ohio,12/27/20,670525,12954,5857,175,290
Ohio,12/28/20,675044,13136,4519,182,291
Ohio,12/29/20,682570,13297,7526,161,292
Ohio,12/30/20,690748,13445,8178,148,293
Ohio,12/31/20,700380,13597,9632,152,294
Ohio,1/1/21,700380,13740,0,143,295
Ohio,1/2/21,714673,13892,14293,152,296
Ohio,1/3/21,721481,14026,6808,134,297
Ohio,1/4/21,727423,14190,5942,164,298
Ohio,1/5/21,735003,14325,7580,135,299
Ohio,1/6/21,742817,14476,7814,151,300
Ohio,1/7/21,753068,14595,10251,119,301
Ohio,1/8/21,762603,14734,9535,139,302
Ohio,1/9/21,770977,14864,8374,130,303
Ohio,1/10/21,777065,15010,6088,146,304
Ohio,1/11/21,784957,15151,7892,141,305
Ohio,1/12/21,792938,15298,7981,147,306
Ohio,1/13/21,799639,15440,6701,142,307
Ohio,1/14/21,807293,15556,7654,116,308
Ohio,1/15/21,814442,15695,7149,139,309
Ohio,1/16/21,821507,15815,7065,120,310
Ohio,1/17/21,826754,15934,5247,119,311
Ohio,1/18/21,831066,16059,4312,125,312
Ohio,1/19/21,836049,16161,4983,102,313
Ohio,1/20/21,842433,16258,6384,97,314
Ohio,1/21/21,849704,16357,7271,99,315
Ohio,1/22/21,853982,16478,4278,121,316
Ohio,1/23/21,859841,16576,5859,98,317
Ohio,1/24/21,864322,16684,4481,108,318
Ohio,1/25/21,868656,16785,4334,101,319
Ohio,1/26/21,872918,16870,4262,85,320
Ohio,1/27/21,878284,16948,5366,78,321
Ohio,1/28/21,883716,17030,5432,82,322
Ohio,1/29/21,888590,17114,4874,84,323
Ohio,1/30/21,892781,17197,4191,83,324
Ohio,1/31/21,895792,17270,3011,73,325
Ohio,2/1/21,899079,17340,3287,70,326
Ohio,2/2/21,902736,17415,3657,75,327
Ohio,2/3/21,906727,17499,3991,84,328
Ohio,2/4/21,910847,17566,4120,67,329
Ohio,2/5/21,914530,17629,3683,63,330
Ohio,2/6/21,918079,17698,3549,69,331
Ohio,2/7/21,920217,17757,2138,59,332
Ohio,2/8/21,922143,17821,1926,64,333
Ohio,2/9/21,925350,17880,3207,59,334
Ohio,2/10/21,928631,17926,3281,46,335
Ohio,2/11/21,931437,17976,2806,50,336
Ohio,2/12/21,934742,18027,3305,51,337
Ohio,2/13/21,937541,18063,2799,36,338
Ohio,2/14/21,939350,18106,1809,43,339
Ohio,2/15/21,941265,18161,1915,55,340
Ohio,2/16/21,943291,18211,2026,50,341
Ohio,2/17/21,945107,18258,1816,47,342
Ohio,2/18/21,947389,18297,2282,39,343
Ohio,2/19/21,949695,18342,2306,45,344
Ohio,2/20/21,952306,18379,2611,37,345
Ohio,2/21/21,953767,18412,1461,33,346
Ohio,2/22/21,955378,18449,1611,37,347
Ohio,2/23/21,958153,18474,2775,25,348
Ohio,2/24/21,959995,18505,1842,31,349
Ohio,2/25/21,962404,18539,2409,34,350
Ohio,2/26/21,964380,18569,1976,30,351
Ohio,2/27/21,966154,18596,1774,27,352
Ohio,2/28/21,967422,18622,1268,26,353
Ohio,3/1/21,968874,18651,1452,29,354
Ohio,3/2/21,970583,18680,1709,29,355
Ohio,3/3/21,972605,18710,2022,30,356
Ohio,3/4/21,974480,18737,1875,27,357
Ohio,3/5/21,976230,18762,1750,25,358
Ohio,3/6/21,977736,18783,1506,21,359
Ohio,3/7/21,978471,18808,735,25,360
Ohio,3/8/21,979725,18831,1254,23,361
Ohio,3/9/21,981618,18853,1893,22,362
Ohio,3/10/21,983486,18878,1868,25,363
Ohio,3/11/21,984934,18899,1448,21,364
Ohio,3/12/21,986740,18922,1806,23,365
Ohio,3/13/21,988298,18945,1558,23,366
Ohio,3/14/21,989191,18960,893,15,367
Ohio,3/15/21,990340,18978,1149,18,368
Ohio,3/16/21,992223,18991,1883,13,369
Ohio,3/17/21,993681,19006,1458,15,370
Ohio,3/18/21,995785,19023,2104,17,371
Ohio,3/19/21,997336,19045,1551,22,372
Ohio,3/20/21,998819,19061,1483,16,373
Ohio,3/21/21,999750,19077,931,16,374
Ohio,3/22/21,1001194,19090,1444,13,375
Ohio,3/23/21,1002822,19102,1628,12,376
Ohio,3/24/21,1004670,19114,1848,12,377
Ohio,3/25/21,1006171,19135,1501,21,378
Ohio,3/26/21,1008913,19149,2742,14,379
Ohio,3/27/21,1010603,19162,1690,13,380
Ohio,3/28/21,1011622,19174,1019,12,381
Ohio,3/29/21,1013119,19185,1497,11,382
Ohio,3/30/21,1015577,19197,2458,12,383
Ohio,3/31/21,1017566,19214,1989,17,384
Ohio,4/1/21,1020041,19228,2475,14,385
Ohio,4/2/21,1021718,19248,1677,20,386
Ohio,4/3/21,1024011,19256,2293,8,387
Ohio,4/4/21,1024011,19275,0,19,388
Ohio,4/5/21,1026929,19288,2918,13,389
Ohio,4/6/21,1028800,19315,1871,27,390
Ohio,4/7/21,1030864,19338,2064,23,391
Ohio,4/8/21,1033606,19361,2742,23,392
Ohio,4/9/21,1035552,19381,1946,20,393
Ohio,4/10/21,1037600,19390,2048,9,394
Ohio,4/11/21,1039455,19408,1855,18,395
Ohio,4/12/21,1041389,19418,1934,10,396
Ohio,4/13/21,1043729,19428,2340,10,397
Ohio,4/14/21,1045945,19447,2216,19,398
Ohio,4/15/21,1048109,19461,2164,14,399
Ohio,4/16/21,1050112,19472,2003,11,400
Ohio,4/17/21,1052099,19488,1987,16,401
Ohio,4/18/21,1053175,19511,1076,23,402
Ohio,4/19/21,1054807,19537,1632,26,403
Ohio,4/20/21,1056606,19555,1799,18,404
Ohio,4/21/21,1058395,19575,1789,20,405
Ohio,4/22/21,1060119,19597,1724,22,406
Ohio,4/23/21,1061907,19616,1788,19,407
Ohio,4/24/21,1063433,19641,1526,25,408
Ohio,4/25/21,1064306,19654,873,13,409
Ohio,4/26/21,1065702,19675,1396,21,410
Ohio,4/27/21,1067262,19689,1560,14,411
Ohio,4/28/21,1068985,19701,1723,12,412
Ohio,4/29/21,1070771,19718,1786,17,413
Ohio,4/30/21,1072312,19739,1541,21,414
Ohio,5/1/21,1074019,19757,1707,18,415
Ohio,5/2/21,1075004,19777,985,20,416
Ohio,5/3/21,1075999,19794,995,17,417
Ohio,5/4/21,1077284,19809,1285,15,418
Ohio,5/5/21,1078734,19828,1450,19,419
Ohio,5/6/21,1080121,19841,1387,13,420
Ohio,5/7/21,1081518,19852,1397,11,421
Ohio,5/8/21,1082815,19863,1297,11,422
Ohio,5/9/21,1083609,19873,794,10,423
Ohio,5/10/21,1084322,19887,713,14,424
Ohio,5/11/21,1085733,19900,1411,13,425
Ohio,5/12/21,1087182,19914,1449,14,426
Ohio,5/13/21,1088343,19928,1161,14,427
Ohio,5/14/21,1089357,19937,1014,9,428
Ohio,5/15/21,1090276,19951,919,14,429
Ohio,5/16/21,1090894,19964,618,13,430
Ohio,5/17/21,1091623,19974,729,10,431
Ohio,5/18/21,1092616,19984,993,10,432
Ohio,5/19/21,1093534,19998,918,14,433
Ohio,5/20/21,1094742,20009,1208,11,434
Ohio,5/21/21,1095746,20017,1004,8,435
Ohio,5/22/21,1096617,20030,871,13,436
Ohio,5/23/21,1097300,20034,683,4,437
Ohio,5/24/21,1097867,20048,567,14,438
Ohio,5/25/21,1098594,20055,727,7,439
Ohio,5/26/21,1099580,20062,986,7,440
Ohio,5/27/21,1100312,20069,732,7,441
Ohio,5/28/21,1100972,20072,660,3,442
Ohio,5/29/21,1101557,20074,585,2,443
Ohio,5/30/21,1101934,20079,377,5,444
Ohio,5/31/21,1101934,20080,0,1,445
Ohio,6/1/21,1102556,20081,622,1,446
Ohio,6/2/21,1102890,20084,334,3,447
Ohio,6/3/21,1103380,20086,490,2,448
Ohio,6/4/21,1104001,20087,621,1,449
Ohio,6/5/21,1104380,20091,379,4,450
Ohio,6/6/21,1104648,20091,268,0,451
Ohio,6/7/21,1104903,20091,255,0,452
Ohio,6/8/21,1105329,20091,426,0,453
Ohio,6/9/21,1105720,20091,391,0,454
Ohio,6/10/21,1106064,20091,344,0,455
Ohio,6/11/21,1106411,20091,347,0,456
Ohio,6/12/21,1106796,20091,385,0,457
Ohio,6/13/21,1107047,20091,251,0,458
