state,date,confirmed,deaths,new_confirmed,new_deaths,tagged_day
South Dakota,3/17/20,11,1,1,0,1
South Dakota,3/18/20,11,1,0,0,2
South Dakota,3/19/20,14,1,3,0,3
South Dakota,3/20/20,14,1,0,0,4
South Dakota,3/21/20,14,1,0,0,5
South Dakota,3/22/20,21,1,7,0,6
South Dakota,3/23/20,28,1,7,0,7
South Dakota,3/24/20,30,1,2,0,8
South Dakota,3/25/20,41,1,11,0,9
South Dakota,3/26/20,46,1,5,0,10
South Dakota,3/27/20,58,1,12,0,11
South Dakota,3/28/20,68,1,10,0,12
South Dakota,3/29/20,90,1,22,0,13
South Dakota,3/30/20,101,1,11,0,14
South Dakota,3/31/20,108,1,7,0,15
South Dakota,4/1/20,129,2,21,1,16
South Dakota,4/2/20,165,2,36,0,17
South Dakota,4/3/20,187,2,22,0,18
South Dakota,4/4/20,212,2,25,0,19
South Dakota,4/5/20,240,2,28,0,20
South Dakota,4/6/20,288,4,48,2,21
South Dakota,4/7/20,320,6,32,2,22
South Dakota,4/8/20,393,6,73,0,23
South Dakota,4/9/20,447,6,54,0,24
South Dakota,4/10/20,536,6,89,0,25
South Dakota,4/11/20,626,6,90,0,26
South Dakota,4/12/20,730,6,104,0,27
South Dakota,4/13/20,868,6,138,0,28
South Dakota,4/14/20,988,6,120,0,29
South Dakota,4/15/20,1168,6,180,0,30
South Dakota,4/16/20,1311,7,143,1,31
South Dakota,4/17/20,1411,7,100,0,32
South Dakota,4/18/20,1542,7,131,0,33
South Dakota,4/19/20,1635,7,93,0,34
South Dakota,4/20/20,1685,7,50,0,35
South Dakota,4/21/20,1755,8,70,1,36
South Dakota,4/22/20,1858,9,103,1,37
South Dakota,4/23/20,1956,9,98,0,38
South Dakota,4/24/20,2040,10,84,1,39
South Dakota,4/25/20,2147,10,107,0,40
South Dakota,4/26/20,2212,11,65,1,41
South Dakota,4/27/20,2244,11,32,0,42
South Dakota,4/28/20,2313,11,69,0,43
South Dakota,4/29/20,2373,13,60,2,44
South Dakota,4/30/20,2449,17,76,4,45
South Dakota,5/1/20,2525,21,76,4,46
South Dakota,5/2/20,2588,21,63,0,47
South Dakota,5/3/20,2631,21,43,0,48
South Dakota,5/4/20,2668,21,37,0,49
South Dakota,5/5/20,2721,24,53,3,50
South Dakota,5/6/20,2780,29,59,5,51
South Dakota,5/7/20,2906,31,126,2,52
South Dakota,5/8/20,3145,31,239,0,53
South Dakota,5/9/20,3393,34,248,3,54
South Dakota,5/10/20,3517,34,124,0,55
South Dakota,5/11/20,3614,34,97,0,56
South Dakota,5/12/20,3663,39,49,5,57
South Dakota,5/13/20,3732,39,69,0,58
South Dakota,5/14/20,3792,43,60,4,59
South Dakota,5/15/20,3887,44,95,1,60
South Dakota,5/16/20,3959,44,72,0,61
South Dakota,5/17/20,3987,44,28,0,62
South Dakota,5/18/20,4027,44,40,0,63
South Dakota,5/19/20,4085,46,58,2,64
South Dakota,5/20/20,4177,46,92,0,65
South Dakota,5/21/20,4177,48,0,2,66
South Dakota,5/22/20,4356,50,179,2,67
South Dakota,5/23/20,4464,50,108,0,68
South Dakota,5/24/20,4563,50,99,0,69
South Dakota,5/25/20,4586,50,23,0,70
South Dakota,5/26/20,4653,50,67,0,71
South Dakota,5/27/20,4710,54,57,4,72
South Dakota,5/28/20,4793,54,83,0,73
South Dakota,5/29/20,4866,59,73,5,74
South Dakota,5/30/20,4960,62,94,3,75
South Dakota,5/31/20,4993,62,33,0,76
South Dakota,6/1/20,5034,62,41,0,77
South Dakota,6/2/20,5067,62,33,0,78
South Dakota,6/3/20,5162,62,95,0,79
South Dakota,6/4/20,5247,64,85,2,80
South Dakota,6/5/20,5277,64,30,0,81
South Dakota,6/6/20,5367,65,90,1,82
South Dakota,6/7/20,5438,65,71,0,83
South Dakota,6/8/20,5471,65,33,0,84
South Dakota,6/9/20,5523,68,52,3,85
South Dakota,6/10/20,5604,69,81,1,86
South Dakota,6/11/20,5665,73,61,4,87
South Dakota,6/12/20,5742,74,77,1,88
South Dakota,6/13/20,5833,75,91,1,89
South Dakota,6/14/20,5898,75,65,0,90
South Dakota,6/15/20,5928,75,30,0,91
South Dakota,6/16/20,5966,77,38,2,92
South Dakota,6/17/20,6050,78,84,1,93
South Dakota,6/18/20,6109,78,59,0,94
South Dakota,6/19/20,6158,81,49,3,95
South Dakota,6/20/20,6225,81,67,0,96
South Dakota,6/21/20,6297,81,72,0,97
South Dakota,6/22/20,6326,81,29,0,98
South Dakota,6/23/20,6353,83,27,2,99
South Dakota,6/24/20,6419,84,66,1,100
South Dakota,6/25/20,6479,87,60,3,101
South Dakota,6/26/20,6535,88,56,1,102
South Dakota,6/27/20,6626,91,91,3,103
South Dakota,6/28/20,6681,91,55,0,104
South Dakota,6/29/20,6716,91,35,0,105
South Dakota,6/30/20,6764,91,48,0,106
South Dakota,7/1/20,6826,93,62,2,107
South Dakota,7/2/20,6893,97,67,4,108
South Dakota,7/3/20,6978,97,85,0,109
South Dakota,7/4/20,7028,97,50,0,110
South Dakota,7/5/20,7063,97,35,0,111
South Dakota,7/6/20,7105,97,42,0,112
South Dakota,7/7/20,7163,98,58,1,113
South Dakota,7/8/20,7242,98,79,0,114
South Dakota,7/9/20,7336,101,94,3,115
South Dakota,7/10/20,7401,107,65,6,116
South Dakota,7/11/20,7454,109,53,2,117
South Dakota,7/12/20,7499,109,45,0,118
South Dakota,7/13/20,7524,109,25,0,119
South Dakota,7/14/20,7572,109,48,0,120
South Dakota,7/15/20,7652,111,80,2,121
South Dakota,7/16/20,7694,115,42,4,122
South Dakota,7/17/20,7789,116,95,1,123
South Dakota,7/18/20,7862,116,73,0,124
South Dakota,7/19/20,7906,118,44,2,125
South Dakota,7/20/20,7943,118,37,0,126
South Dakota,7/21/20,8019,118,76,0,127
South Dakota,7/22/20,8077,119,58,1,128
South Dakota,7/23/20,8143,121,66,2,129
South Dakota,7/24/20,8200,122,57,1,130
South Dakota,7/25/20,8305,122,105,0,131
South Dakota,7/26/20,8395,123,90,1,132
South Dakota,7/27/20,8444,123,49,0,133
South Dakota,7/28/20,8492,123,48,0,134
South Dakota,7/29/20,8641,129,149,6,135
South Dakota,7/30/20,8685,129,44,0,136
South Dakota,7/31/20,8764,130,79,1,137
South Dakota,8/1/20,8867,134,103,4,138
South Dakota,8/2/20,8955,135,88,1,139
South Dakota,8/3/20,9020,135,65,0,140
South Dakota,8/4/20,9079,136,59,1,141
South Dakota,8/5/20,9168,137,89,1,142
South Dakota,8/6/20,9273,141,105,4,143
South Dakota,8/7/20,9371,144,98,3,144
South Dakota,8/8/20,9477,146,106,2,145
South Dakota,8/9/20,9605,146,128,0,146
South Dakota,8/10/20,9663,146,58,0,147
South Dakota,8/11/20,9713,146,50,0,148
South Dakota,8/12/20,9815,147,102,1,149
South Dakota,8/13/20,9897,148,82,1,150
South Dakota,8/14/20,10024,150,127,2,151
South Dakota,8/15/20,10118,152,94,2,152
South Dakota,8/16/20,10274,153,156,1,153
South Dakota,8/17/20,10360,153,86,0,154
South Dakota,8/18/20,10441,154,81,1,155
South Dakota,8/19/20,10566,155,125,1,156
South Dakota,8/20/20,10691,157,125,2,157
South Dakota,8/21/20,10884,159,193,2,158
South Dakota,8/22/20,11135,160,251,1,159
South Dakota,8/23/20,11276,161,141,1,160
South Dakota,8/24/20,11425,161,149,0,161
South Dakota,8/25/20,11505,161,80,0,162
South Dakota,8/26/20,11571,162,66,1,163
South Dakota,8/27/20,12194,162,623,0,164
South Dakota,8/28/20,12517,165,323,3,165
South Dakota,8/29/20,12942,167,425,2,166
South Dakota,8/30/20,13322,167,380,0,167
South Dakota,8/31/20,13509,167,187,0,168
South Dakota,9/1/20,13749,167,240,0,169
South Dakota,9/2/20,14003,169,254,2,170
South Dakota,9/3/20,14337,169,334,0,171
South Dakota,9/4/20,14596,170,259,1,172
South Dakota,9/5/20,14889,173,293,3,173
South Dakota,9/6/20,15109,173,220,0,174
South Dakota,9/7/20,15300,173,191,0,175
South Dakota,9/8/20,15403,173,103,0,176
South Dakota,9/9/20,15571,173,168,0,177
South Dakota,9/10/20,15834,177,263,4,178
South Dakota,9/11/20,16117,177,283,0,179
South Dakota,9/12/20,16437,183,320,6,180
South Dakota,9/13/20,16638,184,201,1,181
South Dakota,9/14/20,16801,184,163,0,182
South Dakota,9/15/20,16994,184,193,0,183
South Dakota,9/16/20,17291,192,297,8,184
South Dakota,9/17/20,17686,193,395,1,185
South Dakota,9/18/20,18075,195,389,2,186
South Dakota,9/19/20,18444,200,369,5,187
South Dakota,9/20/20,18696,202,252,2,188
South Dakota,9/21/20,18869,202,173,0,189
South Dakota,9/22/20,19189,202,320,0,190
South Dakota,9/23/20,19634,202,445,0,191
South Dakota,9/24/20,20097,210,463,8,192
South Dakota,9/25/20,20554,216,457,6,193
South Dakota,9/26/20,21133,218,579,2,194
South Dakota,9/27/20,21541,218,408,0,195
South Dakota,9/28/20,21738,218,197,0,196
South Dakota,9/29/20,21997,223,259,5,197
South Dakota,9/30/20,22389,223,392,0,198
South Dakota,10/1/20,23136,236,747,13,199
South Dakota,10/2/20,23522,237,386,1,200
South Dakota,10/3/20,23986,248,464,11,201
South Dakota,10/4/20,24418,248,432,0,202
South Dakota,10/5/20,24598,248,180,0,203
South Dakota,10/6/20,24876,248,278,0,204
South Dakota,10/7/20,25906,258,1030,10,205
South Dakota,10/8/20,26441,272,535,14,206
South Dakota,10/9/20,27215,277,774,5,207
South Dakota,10/10/20,27947,286,732,9,208
South Dakota,10/11/20,28564,286,617,0,209
South Dakota,10/12/20,28925,288,361,2,210
South Dakota,10/13/20,29339,288,414,0,211
South Dakota,10/14/20,30215,291,876,3,212
South Dakota,10/15/20,31012,304,797,13,213
South Dakota,10/16/20,31805,307,793,3,214
South Dakota,10/17/20,32611,315,806,8,215
South Dakota,10/18/20,33269,323,658,8,216
South Dakota,10/19/20,33836,323,567,0,217
South Dakota,10/20/20,34457,330,621,7,218
South Dakota,10/21/20,35044,333,587,3,219
South Dakota,10/22/20,36017,347,973,14,220
South Dakota,10/23/20,37202,356,1185,9,221
South Dakota,10/24/20,38141,366,939,10,222
South Dakota,10/25/20,39203,375,1062,9,223
South Dakota,10/26/20,39741,375,538,0,224
South Dakota,10/27/20,40730,375,989,0,225
South Dakota,10/28/20,42000,384,1270,9,226
South Dakota,10/29/20,43000,403,1000,19,227
South Dakota,10/30/20,44559,415,1559,12,228
South Dakota,10/31/20,45992,425,1433,10,229
South Dakota,11/1/20,47324,437,1332,12,230
South Dakota,11/2/20,47850,438,526,1,231
South Dakota,11/3/20,48854,446,1004,8,232
South Dakota,11/4/20,49791,460,937,14,233
South Dakota,11/5/20,51151,482,1360,22,234
South Dakota,11/6/20,52639,510,1488,28,235
South Dakota,11/7/20,53976,523,1337,13,236
South Dakota,11/8/20,55404,536,1428,13,237
South Dakota,11/9/20,56311,537,907,1,238
South Dakota,11/10/20,57334,540,1023,3,239
South Dakota,11/11/20,58696,567,1362,27,240
South Dakota,11/12/20,60716,567,2020,0,241
South Dakota,11/13/20,62327,568,1611,1,242
South Dakota,11/14/20,64182,621,1855,53,243
South Dakota,11/15/20,65381,644,1199,23,244
South Dakota,11/16/20,66278,644,897,0,245
South Dakota,11/17/20,67284,644,1006,0,246
South Dakota,11/18/20,68671,674,1387,30,247
South Dakota,11/19/20,69742,705,1071,31,248
South Dakota,11/20/20,71070,741,1328,36,249
South Dakota,11/21/20,72214,777,1144,36,250
South Dakota,11/22/20,73065,819,851,42,251
South Dakota,11/23/20,73848,819,783,0,252
South Dakota,11/24/20,74859,821,1011,2,253
South Dakota,11/25/20,76142,849,1283,28,254
South Dakota,11/26/20,76142,849,0,0,255
South Dakota,11/27/20,78280,888,2138,39,256
South Dakota,11/28/20,79099,942,819,54,257
South Dakota,11/29/20,79900,943,801,1,258
South Dakota,11/30/20,80464,946,564,3,259
South Dakota,12/1/20,80912,948,448,2,260
South Dakota,12/2/20,82203,995,1291,47,261
South Dakota,12/3/20,83348,1033,1145,38,262
South Dakota,12/4/20,84398,1064,1050,31,263
South Dakota,12/5/20,85304,1091,906,27,264
South Dakota,12/6/20,85991,1110,687,19,265
South Dakota,12/7/20,86500,1110,509,0,266
South Dakota,12/8/20,87038,1111,538,1,267
South Dakota,12/9/20,88023,1147,985,36,268
South Dakota,12/10/20,88727,1177,704,30,269
South Dakota,12/11/20,89672,1210,945,33,270
South Dakota,12/12/20,90407,1243,735,33,271
South Dakota,12/13/20,91038,1259,631,16,272
South Dakota,12/14/20,91354,1259,316,0,273
South Dakota,12/15/20,91699,1261,345,2,274
South Dakota,12/16/20,92603,1300,904,39,275
South Dakota,12/17/20,93197,1301,594,1,276
South Dakota,12/18/20,93772,1329,575,28,277
South Dakota,12/19/20,94336,1350,564,21,278
South Dakota,12/20/20,94727,1361,391,11,279
South Dakota,12/21/20,95074,1381,347,20,280
South Dakota,12/22/20,95509,1381,435,0,281
South Dakota,12/23/20,96040,1389,531,8,282
South Dakota,12/24/20,96546,1430,506,41,283
South Dakota,12/25/20,96546,1430,0,0,284
South Dakota,12/26/20,96963,1446,417,16,285
South Dakota,12/27/20,97390,1446,427,0,286
South Dakota,12/28/20,97657,1446,267,0,287
South Dakota,12/29/20,98158,1446,501,0,288
South Dakota,12/30/20,98720,1464,562,18,289
South Dakota,12/31/20,99164,1488,444,24,290
South Dakota,1/1/21,99164,1488,0,0,291
South Dakota,1/2/21,99829,1501,665,13,292
South Dakota,1/3/21,100532,1513,703,12,293
South Dakota,1/4/21,100643,1513,111,0,294
South Dakota,1/5/21,101076,1513,433,0,295
South Dakota,1/6/21,101684,1519,608,6,296
South Dakota,1/7/21,102132,1544,448,25,297
South Dakota,1/8/21,102580,1556,448,12,298
South Dakota,1/9/21,102901,1570,321,14,299
South Dakota,1/10/21,103318,1585,417,15,300
South Dakota,1/11/21,103499,1585,181,0,301
South Dakota,1/12/21,103743,1585,244,0,302
South Dakota,1/13/21,104195,1604,452,19,303
South Dakota,1/14/21,104512,1614,317,10,304
South Dakota,1/15/21,104937,1629,425,15,305
South Dakota,1/16/21,105278,1633,341,4,306
South Dakota,1/17/21,105544,1656,266,23,307
South Dakota,1/18/21,105659,1667,115,11,308
South Dakota,1/19/21,105786,1667,127,0,309
South Dakota,1/20/21,106063,1667,277,0,310
South Dakota,1/21/21,106400,1673,337,6,311
South Dakota,1/22/21,106716,1684,316,11,312
South Dakota,1/23/21,106963,1696,247,12,313
South Dakota,1/24/21,107148,1705,185,9,314
South Dakota,1/25/21,107180,1705,32,0,315
South Dakota,1/26/21,107380,1705,200,0,316
South Dakota,1/27/21,107608,1739,228,34,317
South Dakota,1/28/21,107795,1763,187,24,318
South Dakota,1/29/21,107955,1768,160,5,319
South Dakota,1/30/21,108070,1775,115,7,320
South Dakota,1/31/21,108250,1778,180,3,321
South Dakota,2/1/21,108315,1778,65,0,322
South Dakota,2/2/21,108431,1779,116,1,323
South Dakota,2/3/21,108639,1782,208,3,324
South Dakota,2/4/21,108813,1788,174,6,325
South Dakota,2/5/21,108944,1798,131,10,326
South Dakota,2/6/21,109132,1804,188,6,327
South Dakota,2/7/21,109229,1809,97,5,328
South Dakota,2/8/21,109283,1809,54,0,329
South Dakota,2/9/21,109405,1809,122,0,330
South Dakota,2/10/21,109580,1815,175,6,331
South Dakota,2/11/21,109859,1829,279,14,332
South Dakota,2/12/21,110068,1831,209,2,333
South Dakota,2/13/21,110205,1838,137,7,334
South Dakota,2/14/21,110315,1844,110,6,335
South Dakota,2/15/21,110376,1844,61,0,336
South Dakota,2/16/21,110593,1844,217,0,337
South Dakota,2/17/21,110685,1844,92,0,338
South Dakota,2/18/21,110871,1847,186,3,339
South Dakota,2/19/21,111018,1853,147,6,340
South Dakota,2/20/21,111165,1859,147,6,341
South Dakota,2/21/21,111304,1863,139,4,342
South Dakota,2/22/21,111334,1863,30,0,343
South Dakota,2/23/21,111546,1863,212,0,344
South Dakota,2/24/21,111808,1864,262,1,345
South Dakota,2/25/21,111964,1872,156,8,346
South Dakota,2/26/21,112107,1879,143,7,347
South Dakota,2/27/21,112293,1886,186,7,348
South Dakota,2/28/21,112427,1888,134,2,349
South Dakota,3/1/21,112470,1888,43,0,350
South Dakota,3/2/21,112652,1888,182,0,351
South Dakota,3/3/21,112833,1893,181,5,352
South Dakota,3/4/21,113065,1896,232,3,353
South Dakota,3/5/21,113229,1896,164,0,354
South Dakota,3/6/21,113378,1898,149,2,355
South Dakota,3/7/21,113589,1900,211,2,356
South Dakota,3/8/21,113596,1901,7,1,357
South Dakota,3/9/21,113753,1901,157,0,358
South Dakota,3/10/21,113962,1904,209,3,359
South Dakota,3/11/21,114163,1905,201,1,360
South Dakota,3/12/21,114347,1907,184,2,361
South Dakota,3/13/21,114493,1909,146,2,362
South Dakota,3/14/21,114623,1912,130,3,363
South Dakota,3/15/21,114649,1912,26,0,364
South Dakota,3/16/21,114791,1912,142,0,365
South Dakota,3/17/21,114966,1915,175,3,366
South Dakota,3/18/21,115203,1919,237,4,367
South Dakota,3/19/21,115518,1919,315,0,368
South Dakota,3/20/21,115723,1922,205,3,369
South Dakota,3/21/21,115867,1923,144,1,370
South Dakota,3/22/21,115972,1923,105,0,371
South Dakota,3/23/21,116100,1923,128,0,372
South Dakota,3/24/21,116370,1924,270,1,373
South Dakota,3/25/21,116624,1927,254,3,374
South Dakota,3/26/21,116833,1928,209,1,375
South Dakota,3/27/21,117081,1933,248,5,376
South Dakota,3/28/21,117244,1933,163,0,377
South Dakota,3/29/21,117336,1933,92,0,378
South Dakota,3/30/21,117495,1935,159,2,379
South Dakota,3/31/21,117759,1935,264,0,380
South Dakota,4/1/21,117989,1938,230,3,381
South Dakota,4/2/21,118186,1938,197,0,382
South Dakota,4/3/21,118361,1938,175,0,383
South Dakota,4/4/21,118361,1938,0,0,384
South Dakota,4/5/21,118517,1938,156,0,385
South Dakota,4/6/21,118680,1938,163,0,386
South Dakota,4/7/21,118975,1938,295,0,387
South Dakota,4/8/21,119197,1939,222,1,388
South Dakota,4/9/21,119467,1946,270,7,389
South Dakota,4/10/21,119705,1946,238,0,390
South Dakota,4/11/21,119705,1946,0,0,391
South Dakota,4/12/21,119892,1947,187,1,392
South Dakota,4/13/21,120154,1947,262,0,393
South Dakota,4/14/21,120379,1948,225,1,394
South Dakota,4/15/21,120613,1949,234,1,395
South Dakota,4/16/21,120856,1952,243,3,396
South Dakota,4/17/21,121056,1953,200,1,397
South Dakota,4/18/21,121056,1953,0,0,398
South Dakota,4/19/21,121189,1953,133,0,399
South Dakota,4/20/21,121360,1953,171,0,400
South Dakota,4/21/21,121517,1954,157,1,401
South Dakota,4/22/21,121651,1956,134,2,402
South Dakota,4/23/21,121850,1957,199,1,403
South Dakota,4/24/21,121986,1958,136,1,404
South Dakota,4/25/21,121986,1958,0,0,405
South Dakota,4/26/21,122080,1960,94,2,406
South Dakota,4/27/21,122228,1961,148,1,407
South Dakota,4/28/21,122398,1962,170,1,408
South Dakota,4/29/21,122532,1962,134,0,409
South Dakota,4/30/21,122660,1967,128,5,410
South Dakota,5/1/21,122660,1967,0,0,411
South Dakota,5/2/21,122660,1967,0,0,412
South Dakota,5/3/21,122745,1970,85,3,413
South Dakota,5/4/21,122974,1973,229,3,414
South Dakota,5/5/21,123073,1976,99,3,415
South Dakota,5/6/21,123157,1977,84,1,416
South Dakota,5/7/21,123233,1980,76,3,417
South Dakota,5/8/21,123233,1980,0,0,418
South Dakota,5/9/21,123233,1980,0,0,419
South Dakota,5/10/21,123310,1981,77,1,420
South Dakota,5/11/21,123435,1981,125,0,421
South Dakota,5/12/21,123518,1988,83,7,422
South Dakota,5/13/21,123599,1989,81,1,423
South Dakota,5/14/21,123644,1991,45,2,424
South Dakota,5/15/21,123644,1991,0,0,425
South Dakota,5/16/21,123644,1991,0,0,426
South Dakota,5/17/21,123686,1993,42,2,427
South Dakota,5/18/21,123784,1994,98,1,428
South Dakota,5/19/21,123822,1994,38,0,429
South Dakota,5/20/21,123877,2001,55,7,430
South Dakota,5/21/21,123911,2001,34,0,431
South Dakota,5/22/21,123911,2001,0,0,432
South Dakota,5/23/21,123911,2001,0,0,433
South Dakota,5/24/21,123942,2004,31,3,434
South Dakota,5/25/21,124023,2004,81,0,435
South Dakota,5/26/21,124071,2004,48,0,436
South Dakota,5/27/21,124105,2004,34,0,437
South Dakota,5/28/21,124162,2010,57,6,438
South Dakota,5/29/21,124162,2010,0,0,439
South Dakota,5/30/21,124162,2010,0,0,440
South Dakota,5/31/21,124191,2014,29,4,441
South Dakota,6/1/21,124191,2014,0,0,442
South Dakota,6/2/21,124227,2019,36,5,443
South Dakota,6/3/21,124242,2020,15,1,444
South Dakota,6/4/21,124261,2022,19,2,445
South Dakota,6/5/21,124261,2022,0,0,446
South Dakota,6/6/21,124261,2022,0,0,447
South Dakota,6/7/21,124273,2022,12,0,448
South Dakota,6/8/21,124302,2023,29,1,449
South Dakota,6/9/21,124314,2023,12,0,450
South Dakota,6/10/21,124335,2026,21,3,451
South Dakota,6/11/21,124343,2026,8,0,452
South Dakota,6/12/21,124343,2026,0,0,453
South Dakota,6/13/21,124360,2026,17,0,454
