state,date,confirmed,deaths,new_confirmed,new_deaths,tagged_day
Tennessee,3/12/20,18,0,9,0,1
Tennessee,3/13/20,26,0,8,0,2
Tennessee,3/14/20,32,0,6,0,3
Tennessee,3/15/20,32,0,0,0,4
Tennessee,3/16/20,52,0,20,0,5
Tennessee,3/17/20,74,0,22,0,6
Tennessee,3/18/20,100,0,26,0,7
Tennessee,3/19/20,154,0,54,0,8
Tennessee,3/20/20,223,1,69,1,9
Tennessee,3/21/20,304,1,81,0,10
Tennessee,3/22/20,393,2,89,1,11
Tennessee,3/23/20,614,2,221,0,12
Tennessee,3/24/20,772,2,158,0,13
Tennessee,3/25/20,916,3,144,1,14
Tennessee,3/26/20,1097,3,181,0,15
Tennessee,3/27/20,1318,6,221,3,16
Tennessee,3/28/20,1511,7,193,1,17
Tennessee,3/29/20,1720,8,209,1,18
Tennessee,3/30/20,1917,14,197,6,19
Tennessee,3/31/20,2391,23,474,9,20
Tennessee,4/1/20,2933,24,542,1,21
Tennessee,4/2/20,3013,36,80,12,22
Tennessee,4/3/20,3067,41,54,5,23
Tennessee,4/4/20,3322,50,255,9,24
Tennessee,4/5/20,3633,53,311,3,25
Tennessee,4/6/20,3802,65,169,12,26
Tennessee,4/7/20,4139,72,337,7,27
Tennessee,4/8/20,4363,80,224,8,28
Tennessee,4/9/20,4634,94,271,14,29
Tennessee,4/10/20,4891,98,257,4,30
Tennessee,4/11/20,5132,106,241,8,31
Tennessee,4/12/20,5508,106,376,0,32
Tennessee,4/13/20,5610,109,102,3,33
Tennessee,4/14/20,5827,124,217,15,34
Tennessee,4/15/20,5827,124,0,0,35
Tennessee,4/16/20,6166,136,339,12,36
Tennessee,4/17/20,6263,141,97,5,37
Tennessee,4/18/20,6589,142,326,1,38
Tennessee,4/19/20,7070,148,481,6,39
Tennessee,4/20/20,7238,152,168,4,40
Tennessee,4/21/20,7394,157,156,5,41
Tennessee,4/22/20,7394,157,0,0,42
Tennessee,4/23/20,8266,171,872,14,43
Tennessee,4/24/20,8728,169,462,-2,44
Tennessee,4/25/20,9189,177,461,8,45
Tennessee,4/26/20,9667,181,478,4,46
Tennessee,4/27/20,9918,184,251,3,47
Tennessee,4/28/20,10052,188,134,4,48
Tennessee,4/29/20,10366,195,314,7,49
Tennessee,4/30/20,10735,199,369,4,50
Tennessee,5/1/20,11891,204,1156,5,51
Tennessee,5/2/20,12661,209,770,5,52
Tennessee,5/3/20,13177,210,516,1,53
Tennessee,5/4/20,13571,219,394,9,54
Tennessee,5/5/20,13690,226,119,7,55
Tennessee,5/6/20,13938,239,248,13,56
Tennessee,5/7/20,14096,238,158,-1,57
Tennessee,5/8/20,14441,242,345,4,58
Tennessee,5/9/20,14768,242,327,0,59
Tennessee,5/10/20,14985,243,217,1,60
Tennessee,5/11/20,15544,251,559,8,61
Tennessee,5/12/20,16111,266,567,15,62
Tennessee,5/13/20,16370,273,259,7,63
Tennessee,5/14/20,16699,287,329,14,64
Tennessee,5/15/20,16960,290,261,3,65
Tennessee,5/16/20,17263,295,303,5,66
Tennessee,5/17/20,17359,298,96,3,67
Tennessee,5/18/20,18011,301,652,3,68
Tennessee,5/19/20,18412,305,401,4,69
Tennessee,5/20/20,18412,305,0,0,70
Tennessee,5/21/20,18961,313,549,8,71
Tennessee,5/22/20,19394,315,433,2,72
Tennessee,5/23/20,19785,329,391,14,73
Tennessee,5/24/20,20111,336,326,7,74
Tennessee,5/25/20,20535,338,424,2,75
Tennessee,5/26/20,20895,343,360,5,76
Tennessee,5/27/20,21285,353,390,10,77
Tennessee,5/28/20,21679,356,394,3,78
Tennessee,5/29/20,22063,361,384,5,79
Tennessee,5/30/20,22566,364,503,3,80
Tennessee,5/31/20,22566,364,0,0,81
Tennessee,6/1/20,22566,364,0,0,82
Tennessee,6/2/20,24342,381,1776,17,83
Tennessee,6/3/20,24833,388,491,7,84
Tennessee,6/4/20,25190,401,357,13,85
Tennessee,6/5/20,25664,408,474,7,86
Tennessee,6/6/20,26177,417,513,9,87
Tennessee,6/7/20,26493,418,316,1,88
Tennessee,6/8/20,27005,421,512,3,89
Tennessee,6/9/20,27575,435,570,14,90
Tennessee,6/10/20,27930,437,355,2,91
Tennessee,6/11/20,28340,441,410,4,92
Tennessee,6/12/20,29118,466,778,25,93
Tennessee,6/13/20,29549,472,431,6,94
Tennessee,6/14/20,30343,474,794,2,95
Tennessee,6/15/20,31004,482,661,8,96
Tennessee,6/16/20,31751,493,747,11,97
Tennessee,6/17/20,32114,498,363,5,98
Tennessee,6/18/20,32770,508,656,10,99
Tennessee,6/19/20,34017,515,1247,7,100
Tennessee,6/20/20,34446,524,429,9,101
Tennessee,6/21/20,35102,526,656,2,102
Tennessee,6/22/20,35553,531,451,5,103
Tennessee,6/23/20,36303,542,750,11,104
Tennessee,6/24/20,37235,556,932,14,105
Tennessee,6/25/20,38034,567,799,11,106
Tennessee,6/26/20,39444,577,1410,10,107
Tennessee,6/27/20,40172,584,728,7,108
Tennessee,6/28/20,40172,584,0,0,109
Tennessee,6/29/20,42297,592,2125,8,110
Tennessee,6/30/20,43509,604,1212,12,111
Tennessee,7/1/20,45315,609,1806,5,112
Tennessee,7/2/20,46890,620,1575,11,113
Tennessee,7/3/20,48712,633,1822,13,114
Tennessee,7/4/20,50140,637,1428,4,115
Tennessee,7/5/20,51316,645,1176,8,116
Tennessee,7/6/20,52039,652,723,7,117
Tennessee,7/7/20,53514,665,1475,13,118
Tennessee,7/8/20,55986,685,2472,20,119
Tennessee,7/9/20,57591,710,1605,25,120
Tennessee,7/10/20,59546,723,1955,13,121
Tennessee,7/11/20,61006,738,1460,15,122
Tennessee,7/12/20,61960,741,954,3,123
Tennessee,7/13/20,65274,749,3314,8,124
Tennessee,7/14/20,66788,767,1514,18,125
Tennessee,7/15/20,69061,783,2273,16,126
Tennessee,7/16/20,71540,796,2479,13,127
Tennessee,7/17/20,73819,815,2279,19,128
Tennessee,7/18/20,76336,838,2517,23,129
Tennessee,7/19/20,78115,843,1779,5,130
Tennessee,7/20/20,79754,847,1639,4,131
Tennessee,7/21/20,81944,871,2190,24,132
Tennessee,7/22/20,84417,888,2473,17,133
Tennessee,7/23/20,86987,925,2570,37,134
Tennessee,7/24/20,89078,938,2091,13,135
Tennessee,7/25/20,90796,964,1718,26,136
Tennessee,7/26/20,93936,967,3140,3,137
Tennessee,7/27/20,96489,978,2553,11,138
Tennessee,7/28/20,99044,999,2555,21,139
Tennessee,7/29/20,100822,1020,1778,21,140
Tennessee,7/30/20,102871,1033,2049,13,141
Tennessee,7/31/20,105959,1060,3088,27,142
Tennessee,8/1/20,108184,1067,2225,7,143
Tennessee,8/2/20,109627,1073,1443,6,144
Tennessee,8/3/20,110636,1092,1009,19,145
Tennessee,8/4/20,112441,1117,1805,25,146
Tennessee,8/5/20,114098,1144,1657,27,147
Tennessee,8/6/20,116350,1186,2252,42,148
Tennessee,8/7/20,118782,1206,2432,20,149
Tennessee,8/8/20,120585,1215,1803,9,150
Tennessee,8/9/20,122712,1223,2127,8,151
Tennessee,8/10/20,123914,1233,1202,10,152
Tennessee,8/11/20,124915,1271,1001,38,153
Tennessee,8/12/20,126393,1289,1478,18,154
Tennessee,8/13/20,128511,1313,2118,24,155
Tennessee,8/14/20,130458,1326,1947,13,156
Tennessee,8/15/20,131747,1345,1289,19,157
Tennessee,8/16/20,133708,1366,1961,21,158
Tennessee,8/17/20,134744,1387,1036,21,159
Tennessee,8/18/20,135770,1424,1026,37,160
Tennessee,8/19/20,137800,1452,2030,28,161
Tennessee,8/20/20,139175,1488,1375,36,162
Tennessee,8/21/20,140844,1549,1669,61,163
Tennessee,8/22/20,142083,1563,1239,14,164
Tennessee,8/23/20,143937,1567,1854,4,165
Tennessee,8/24/20,144604,1588,667,21,166
Tennessee,8/25/20,145417,1628,813,40,167
Tennessee,8/26/20,147353,1648,1936,20,168
Tennessee,8/27/20,149179,1673,1826,25,169
Tennessee,8/28/20,150815,1701,1636,28,170
Tennessee,8/29/20,152280,1725,1465,24,171
Tennessee,8/30/20,153115,1747,835,22,172
Tennessee,8/31/20,154933,1754,1818,7,173
Tennessee,9/1/20,156329,1781,1396,27,174
Tennessee,9/2/20,157831,1797,1502,16,175
Tennessee,9/3/20,159546,1815,1715,18,176
Tennessee,9/4/20,160597,1837,1051,22,177
Tennessee,9/5/20,162362,1862,1765,25,178
Tennessee,9/6/20,164126,1865,1764,3,179
Tennessee,9/7/20,165109,1869,983,4,180
Tennessee,9/8/20,165754,1896,645,27,181
Tennessee,9/9/20,166606,1931,852,35,182
Tennessee,9/10/20,168237,1988,1631,57,183
Tennessee,9/11/20,169859,2025,1622,37,184
Tennessee,9/12/20,170891,2064,1032,39,185
Tennessee,9/13/20,171824,2078,933,14,186
Tennessee,9/14/20,174274,2097,2450,19,187
Tennessee,9/15/20,175231,2127,957,30,188
Tennessee,9/16/20,177087,2151,1856,24,189
Tennessee,9/17/20,178140,2164,1053,13,190
Tennessee,9/18/20,180497,2196,2357,32,191
Tennessee,9/19/20,181439,2216,942,20,192
Tennessee,9/20/20,183514,2218,2075,2,193
Tennessee,9/21/20,184409,2233,895,15,194
Tennessee,9/22/20,185148,2261,739,28,195
Tennessee,9/23/20,186798,2277,1650,16,196
Tennessee,9/24/20,187690,2312,892,35,197
Tennessee,9/25/20,189454,2352,1764,40,198
Tennessee,9/26/20,190891,2374,1437,22,199
Tennessee,9/27/20,192995,2377,2104,3,200
Tennessee,9/28/20,193732,2389,737,12,201
Tennessee,9/29/20,194611,2420,879,31,202
Tennessee,9/30/20,196139,2454,1528,34,203
Tennessee,10/1/20,197432,2501,1293,47,204
Tennessee,10/2/20,198403,2515,971,14,205
Tennessee,10/3/20,199595,2560,1192,45,206
Tennessee,10/4/20,201210,2577,1615,17,207
Tennessee,10/5/20,203699,2597,2489,20,208
Tennessee,10/6/20,205375,2621,1676,24,209
Tennessee,10/7/20,207455,2642,2080,21,210
Tennessee,10/8/20,209447,2705,1992,63,211
Tennessee,10/9/20,211003,2732,1556,27,212
Tennessee,10/10/20,212649,2758,1646,26,213
Tennessee,10/11/20,214717,2767,2068,9,214
Tennessee,10/12/20,217682,2774,2965,7,215
Tennessee,10/13/20,218829,2797,1147,23,216
Tennessee,10/14/20,220538,2828,1709,31,217
Tennessee,10/15/20,222827,2864,2289,36,218
Tennessee,10/16/20,223493,2871,666,7,219
Tennessee,10/17/20,226139,2903,2646,32,220
Tennessee,10/18/20,228744,2909,2605,6,221
Tennessee,10/19/20,232061,2922,3317,13,222
Tennessee,10/20/20,233569,2952,1508,30,223
Tennessee,10/21/20,235861,2970,2292,18,224
Tennessee,10/22/20,237907,3011,2046,41,225
Tennessee,10/23/20,241513,3076,3606,65,226
Tennessee,10/24/20,244087,3100,2574,24,227
Tennessee,10/25/20,247587,3131,3500,31,228
Tennessee,10/26/20,249866,3163,2279,32,229
Tennessee,10/27/20,251774,3207,1908,44,230
Tennessee,10/28/20,254220,3241,2446,34,231
Tennessee,10/29/20,256880,3263,2660,22,232
Tennessee,10/30/20,259488,3341,2608,78,233
Tennessee,10/31/20,260672,3353,1184,12,234
Tennessee,11/1/20,261426,3353,754,0,235
Tennessee,11/2/20,264587,3379,3161,26,236
Tennessee,11/3/20,266357,3454,1770,75,237
Tennessee,11/4/20,269802,3478,3445,24,238
Tennessee,11/5/20,271771,3509,1969,31,239
Tennessee,11/6/20,273144,3541,1373,32,240
Tennessee,11/7/20,278215,3590,5071,49,241
Tennessee,11/8/20,281851,3595,3636,5,242
Tennessee,11/9/20,287770,3610,5919,15,243
Tennessee,11/10/20,289749,3672,1979,62,244
Tennessee,11/11/20,293381,3761,3632,89,245
Tennessee,11/12/20,296725,3788,3344,27,246
Tennessee,11/13/20,300458,3852,3733,64,247
Tennessee,11/14/20,305120,3877,4662,25,248
Tennessee,11/15/20,310937,3893,5817,16,249
Tennessee,11/16/20,318888,3923,7951,30,250
Tennessee,11/17/20,320729,3995,1841,72,251
Tennessee,11/18/20,325201,4048,4472,53,252
Tennessee,11/19/20,328088,4128,2887,80,253
Tennessee,11/20/20,331532,4202,3444,74,254
Tennessee,11/21/20,335887,4211,4355,9,255
Tennessee,11/22/20,340476,4266,4589,55,256
Tennessee,11/23/20,344550,4301,4074,35,257
Tennessee,11/24/20,345916,4372,1366,71,258
Tennessee,11/25/20,347972,4466,2056,94,259
Tennessee,11/26/20,352376,4519,4404,53,260
Tennessee,11/27/20,356716,4526,4340,7,261
Tennessee,11/28/20,363466,4541,6750,15,262
Tennessee,11/29/20,366518,4554,3052,13,263
Tennessee,11/30/20,374493,4602,7975,48,264
Tennessee,12/1/20,380186,4638,5693,36,265
Tennessee,12/2/20,384285,4688,4099,50,266
Tennessee,12/3/20,388252,4781,3967,93,267
Tennessee,12/4/20,392608,4876,4356,95,268
Tennessee,12/5/20,397522,4905,4914,29,269
Tennessee,12/6/20,400594,4943,3072,38,270
Tennessee,12/7/20,408730,5009,8136,66,271
Tennessee,12/8/20,414749,5109,6019,100,272
Tennessee,12/9/20,422962,5171,8213,62,273
Tennessee,12/10/20,428973,5240,6011,69,274
Tennessee,12/11/20,436262,5327,7289,87,275
Tennessee,12/12/20,442953,5400,6691,73,276
Tennessee,12/13/20,454305,5462,11352,62,277
Tennessee,12/14/20,464624,5541,10319,79,278
Tennessee,12/15/20,472875,5615,8251,74,279
Tennessee,12/16/20,484285,5668,11410,53,280
Tennessee,12/17/20,493230,5845,8945,177,281
Tennessee,12/18/20,503651,5960,10421,115,282
Tennessee,12/19/20,503651,5960,0,0,283
Tennessee,12/20/20,519687,6071,16036,111,284
Tennessee,12/21/20,529578,6136,9891,65,285
Tennessee,12/22/20,534019,6269,4441,133,286
Tennessee,12/23/20,541240,6380,7221,111,287
Tennessee,12/24/20,546497,6431,5257,51,288
Tennessee,12/25/20,546497,6431,0,0,289
Tennessee,12/26/20,560892,6443,14395,12,290
Tennessee,12/27/20,564080,6512,3188,69,291
Tennessee,12/28/20,567792,6588,3712,76,292
Tennessee,12/29/20,572589,6710,4797,122,293
Tennessee,12/30/20,580809,6810,8220,100,294
Tennessee,12/31/20,586802,6907,5993,97,295
Tennessee,1/1/21,586802,6907,0,0,296
Tennessee,1/2/21,604132,6970,17330,63,297
Tennessee,1/3/21,608297,7025,4165,55,298
Tennessee,1/4/21,612250,7168,3953,143,299
Tennessee,1/5/21,617649,7267,5399,99,300
Tennessee,1/6/21,625380,7379,7731,112,301
Tennessee,1/7/21,634237,7492,8857,113,302
Tennessee,1/8/21,640606,7618,6369,126,303
Tennessee,1/9/21,646450,7704,5844,86,304
Tennessee,1/10/21,653869,7785,7419,81,305
Tennessee,1/11/21,657396,7865,3527,80,306
Tennessee,1/12/21,660874,8011,3478,146,307
Tennessee,1/13/21,665499,8148,4625,137,308
Tennessee,1/14/21,670482,8232,4983,84,309
Tennessee,1/15/21,676039,8311,5557,79,310
Tennessee,1/16/21,680847,8355,4808,44,311
Tennessee,1/17/21,685321,8391,4474,36,312
Tennessee,1/18/21,687751,8430,2430,39,313
Tennessee,1/19/21,690065,8471,2314,41,314
Tennessee,1/20/21,694291,8556,4226,85,315
Tennessee,1/21/21,697783,8684,3492,128,316
Tennessee,1/22/21,701847,8777,4064,93,317
Tennessee,1/23/21,705876,8819,4029,42,318
Tennessee,1/24/21,708717,8859,2841,40,319
Tennessee,1/25/21,710427,8970,1710,111,320
Tennessee,1/26/21,712406,9162,1979,192,321
Tennessee,1/27/21,715806,9316,3400,154,322
Tennessee,1/28/21,717583,9417,1777,101,323
Tennessee,1/29/21,722491,9461,4908,44,324
Tennessee,1/30/21,724742,9574,2251,113,325
Tennessee,1/31/21,727861,9650,3119,76,326
Tennessee,2/1/21,729187,9753,1326,103,327
Tennessee,2/2/21,731360,9900,2173,147,328
Tennessee,2/3/21,733216,10033,1856,133,329
Tennessee,2/4/21,736370,10202,3154,169,330
Tennessee,2/5/21,739031,10405,2661,203,331
Tennessee,2/6/21,742213,10463,3182,58,332
Tennessee,2/7/21,744600,10469,2387,6,333
Tennessee,2/8/21,745826,10566,1226,97,334
Tennessee,2/9/21,747462,10631,1636,65,335
Tennessee,2/10/21,750409,10731,2947,100,336
Tennessee,2/11/21,752033,10812,1624,81,337
Tennessee,2/12/21,754279,10893,2246,81,338
Tennessee,2/13/21,756071,10902,1792,9,339
Tennessee,2/14/21,757418,10933,1347,31,340
Tennessee,2/15/21,758561,10937,1143,4,341
Tennessee,2/16/21,759523,10954,962,17,342
Tennessee,2/17/21,760303,10985,780,31,343
Tennessee,2/18/21,761360,11057,1057,72,344
Tennessee,2/19/21,762673,11064,1313,7,345
Tennessee,2/20/21,764008,11115,1335,51,346
Tennessee,2/21/21,765137,11133,1129,18,347
Tennessee,2/22/21,766089,11153,952,20,348
Tennessee,2/23/21,767315,11198,1226,45,349
Tennessee,2/24/21,768946,11266,1631,68,350
Tennessee,2/25/21,770940,11321,1994,55,351
Tennessee,2/26/21,772513,11377,1573,56,352
Tennessee,2/27/21,773887,11393,1374,16,353
Tennessee,2/28/21,775004,11411,1117,18,354
Tennessee,3/1/21,775693,11421,689,10,355
Tennessee,3/2/21,776337,11436,644,15,356
Tennessee,3/3/21,777935,11459,1598,23,357
Tennessee,3/4/21,779449,11501,1514,42,358
Tennessee,3/5/21,780894,11534,1445,33,359
Tennessee,3/6/21,782206,11543,1312,9,360
Tennessee,3/7/21,783484,11547,1278,4,361
Tennessee,3/8/21,783904,11556,420,9,362
Tennessee,3/9/21,785242,11588,1338,32,363
Tennessee,3/10/21,786597,11606,1355,18,364
Tennessee,3/11/21,788109,11623,1512,17,365
Tennessee,3/12/21,789652,11639,1543,16,366
Tennessee,3/13/21,789652,11639,0,0,367
Tennessee,3/14/21,789652,11639,0,0,368
Tennessee,3/15/21,792795,11638,3143,-1,369
Tennessee,3/16/21,794137,11650,1342,12,370
Tennessee,3/17/21,795963,11658,1826,8,371
Tennessee,3/18/21,796624,11681,661,23,372
Tennessee,3/19/21,798621,11709,1997,28,373
Tennessee,3/20/21,798621,11709,0,0,374
Tennessee,3/21/21,798621,11709,0,0,375
Tennessee,3/22/21,801645,11713,3024,4,376
Tennessee,3/23/21,803104,11747,1459,34,377
Tennessee,3/24/21,804492,11792,1388,45,378
Tennessee,3/25/21,806011,11796,1519,4,379
Tennessee,3/26/21,806792,11816,781,20,380
Tennessee,3/27/21,806792,11816,0,0,381
Tennessee,3/28/21,806792,11816,0,0,382
Tennessee,3/29/21,809692,11866,2900,50,383
Tennessee,3/30/21,810529,11894,837,28,384
Tennessee,3/31/21,811842,11904,1313,10,385
Tennessee,4/1/21,813614,11915,1772,11,386
Tennessee,4/2/21,813614,11915,0,0,387
Tennessee,4/3/21,813614,11915,0,0,388
Tennessee,4/4/21,813614,11915,0,0,389
Tennessee,4/5/21,817022,11929,3408,14,390
Tennessee,4/6/21,818008,11967,986,38,391
Tennessee,4/7/21,819505,11976,1497,9,392
Tennessee,4/8/21,820965,11997,1460,21,393
Tennessee,4/9/21,822085,12001,1120,4,394
Tennessee,4/10/21,822085,12001,0,0,395
Tennessee,4/11/21,822085,12001,0,0,396
Tennessee,4/12/21,824914,12015,2829,14,397
Tennessee,4/13/21,826371,12022,1457,7,398
Tennessee,4/14/21,827579,12032,1208,10,399
Tennessee,4/15/21,829114,12041,1535,9,400
Tennessee,4/16/21,830484,12049,1370,8,401
Tennessee,4/17/21,830484,12049,0,0,402
Tennessee,4/18/21,830484,12049,0,0,403
Tennessee,4/19/21,835842,12081,5358,32,404
Tennessee,4/20/21,836563,12096,721,15,405
Tennessee,4/21/21,837833,12111,1270,15,406
Tennessee,4/22/21,839841,12130,2008,19,407
Tennessee,4/23/21,841049,12142,1208,12,408
Tennessee,4/24/21,841049,12142,0,0,409
Tennessee,4/25/21,841049,12142,0,0,410
Tennessee,4/26/21,843059,12152,2010,10,411
Tennessee,4/27/21,844246,12163,1187,11,412
Tennessee,4/28/21,845380,12171,1134,8,413
Tennessee,4/29/21,846472,12188,1092,17,414
Tennessee,4/30/21,847430,12197,958,9,415
Tennessee,5/1/21,847430,12197,0,0,416
Tennessee,5/2/21,847430,12197,0,0,417
Tennessee,5/3/21,849436,12205,2006,8,418
Tennessee,5/4/21,849978,12217,542,12,419
Tennessee,5/5/21,850885,12228,907,11,420
Tennessee,5/6/21,852072,12245,1187,17,421
Tennessee,5/7/21,852841,12255,769,10,422
Tennessee,5/8/21,852841,12255,0,0,423
Tennessee,5/9/21,852841,12255,0,0,424
Tennessee,5/10/21,854360,12276,1519,21,425
Tennessee,5/11/21,854918,12292,558,16,426
Tennessee,5/12/21,855587,12296,669,4,427
Tennessee,5/13/21,856428,12305,841,9,428
Tennessee,5/14/21,857055,12312,627,7,429
Tennessee,5/15/21,857055,12312,0,0,430
Tennessee,5/16/21,857055,12312,0,0,431
Tennessee,5/17/21,858355,12327,1300,15,432
Tennessee,5/18/21,858804,12339,449,12,433
Tennessee,5/19/21,859281,12353,477,14,434
Tennessee,5/20/21,859701,12364,420,11,435
Tennessee,5/21/21,860084,12380,383,16,436
Tennessee,5/22/21,860084,12380,0,0,437
Tennessee,5/23/21,860084,12380,0,0,438
Tennessee,5/24/21,860966,12393,882,13,439
Tennessee,5/25/21,861313,12400,347,7,440
Tennessee,5/26/21,861706,12406,393,6,441
Tennessee,5/27/21,862098,12428,392,22,442
Tennessee,5/28/21,862401,12441,303,13,443
Tennessee,5/29/21,862401,12441,0,0,444
Tennessee,5/30/21,862401,12441,0,0,445
Tennessee,5/31/21,862401,12441,0,0,446
Tennessee,6/1/21,863004,12456,603,15,447
Tennessee,6/2/21,863328,12465,324,9,448
Tennessee,6/3/21,863620,12472,292,7,449
Tennessee,6/4/21,863840,12476,220,4,450
Tennessee,6/5/21,863840,12476,0,0,451
Tennessee,6/6/21,863840,12476,0,0,452
Tennessee,6/7/21,864195,12479,355,3,453
Tennessee,6/8/21,864384,12492,189,13,454
Tennessee,6/9/21,864583,12494,199,2,455
Tennessee,6/10/21,864945,12496,362,2,456
Tennessee,6/11/21,865085,12498,140,2,457
Tennessee,6/12/21,865085,12498,0,0,458
Tennessee,6/13/21,865085,12498,0,0,459
