state,date,confirmed,deaths,new_confirmed,new_deaths,tagged_day
Utah,3/15/20,18,0,8,0,1
Utah,3/16/20,28,0,10,0,2
Utah,3/17/20,39,0,11,0,3
Utah,3/18/20,47,0,8,0,4
Utah,3/19/20,62,0,15,0,5
Utah,3/20/20,95,0,33,0,6
Utah,3/21/20,118,0,23,0,7
Utah,3/22/20,162,1,44,1,8
Utah,3/23/20,257,1,95,0,9
Utah,3/24/20,298,1,41,0,10
Utah,3/25/20,340,1,42,0,11
Utah,3/26/20,396,1,56,0,12
Utah,3/27/20,472,1,76,0,13
Utah,3/28/20,602,1,130,0,14
Utah,3/29/20,720,2,118,1,15
Utah,3/30/20,798,4,78,2,16
Utah,3/31/20,888,5,90,1,17
Utah,4/1/20,888,5,0,0,18
Utah,4/2/20,1086,7,198,2,19
Utah,4/3/20,1248,7,162,0,20
Utah,4/4/20,1428,8,180,1,21
Utah,4/5/20,1601,8,173,0,22
Utah,4/6/20,1678,13,77,5,23
Utah,4/7/20,1739,13,61,0,24
Utah,4/8/20,1848,13,109,0,25
Utah,4/9/20,1856,13,8,0,26
Utah,4/10/20,2103,17,247,4,27
Utah,4/11/20,2207,18,104,1,28
Utah,4/12/20,2303,18,96,0,29
Utah,4/13/20,2363,13,60,-5,30
Utah,4/14/20,2417,18,54,5,31
Utah,4/15/20,2548,20,131,2,32
Utah,4/16/20,2683,20,135,0,33
Utah,4/17/20,2793,23,110,3,34
Utah,4/18/20,2917,25,124,2,35
Utah,4/19/20,3069,27,152,2,36
Utah,4/20/20,3213,28,144,1,37
Utah,4/21/20,3297,32,84,4,38
Utah,4/22/20,3445,32,148,0,39
Utah,4/23/20,3612,35,167,3,40
Utah,4/24/20,3782,39,170,4,41
Utah,4/25/20,3948,41,166,2,42
Utah,4/26/20,4123,41,175,0,43
Utah,4/27/20,4236,41,113,0,44
Utah,4/28/20,4345,41,109,0,45
Utah,4/29/20,4497,45,152,4,46
Utah,4/30/20,4672,46,175,1,47
Utah,5/1/20,4828,46,156,0,48
Utah,5/2/20,4985,49,157,3,49
Utah,5/3/20,5175,50,190,1,50
Utah,5/4/20,5317,50,142,0,51
Utah,5/5/20,5449,56,132,6,52
Utah,5/6/20,5595,58,146,2,53
Utah,5/7/20,5724,61,129,3,54
Utah,5/8/20,5919,61,195,0,55
Utah,5/9/20,6103,66,184,5,56
Utah,5/10/20,6251,67,148,1,57
Utah,5/11/20,6362,68,111,1,58
Utah,5/12/20,6432,73,70,5,59
Utah,5/13/20,6620,75,188,2,60
Utah,5/14/20,6749,75,129,0,61
Utah,5/15/20,6913,77,164,2,62
Utah,5/16/20,7068,78,155,1,63
Utah,5/17/20,7238,80,170,2,64
Utah,5/18/20,7384,80,146,0,65
Utah,5/19/20,7518,88,134,8,66
Utah,5/20/20,7710,90,192,2,67
Utah,5/21/20,7874,92,164,2,68
Utah,5/22/20,8057,93,183,1,69
Utah,5/23/20,8260,97,203,4,70
Utah,5/24/20,8392,97,132,0,71
Utah,5/25/20,8521,98,129,1,72
Utah,5/26/20,8620,101,99,3,73
Utah,5/27/20,8706,105,86,4,74
Utah,5/28/20,8921,106,215,1,75
Utah,5/29/20,9264,107,343,1,76
Utah,5/30/20,9533,112,269,5,77
Utah,5/31/20,9797,113,264,1,78
Utah,6/1/20,9999,113,202,0,79
Utah,6/2/20,10202,113,203,0,80
Utah,6/3/20,10497,117,295,4,81
Utah,6/4/20,10813,117,316,0,82
Utah,6/5/20,11252,120,439,3,83
Utah,6/6/20,11798,121,546,1,84
Utah,6/7/20,12066,121,268,0,85
Utah,6/8/20,12322,124,256,3,86
Utah,6/9/20,12559,127,237,3,87
Utah,6/10/20,12864,128,305,1,88
Utah,6/11/20,13252,131,388,3,89
Utah,6/12/20,13577,139,325,8,90
Utah,6/13/20,13981,139,404,0,91
Utah,6/14/20,14313,139,332,0,92
Utah,6/15/20,14608,143,295,4,93
Utah,6/16/20,14937,145,329,2,94
Utah,6/17/20,15344,149,407,4,95
Utah,6/18/20,15839,152,495,3,96
Utah,6/19/20,16425,155,586,3,97
Utah,6/20/20,17068,155,643,0,98
Utah,6/21/20,17462,158,394,3,99
Utah,6/22/20,17906,158,444,0,100
Utah,6/23/20,18300,163,394,5,101
Utah,6/24/20,18784,163,484,0,102
Utah,6/25/20,19374,164,590,1,103
Utah,6/26/20,20050,166,676,2,104
Utah,6/27/20,20628,167,578,1,105
Utah,6/28/20,21100,167,472,0,106
Utah,6/29/20,21664,168,564,1,107
Utah,6/30/20,22217,172,553,4,108
Utah,7/1/20,22716,173,499,1,109
Utah,7/2/20,23270,176,554,3,110
Utah,7/3/20,23866,181,596,5,111
Utah,7/4/20,24542,181,676,0,112
Utah,7/5/20,24952,184,410,3,113
Utah,7/6/20,25469,190,517,6,114
Utah,7/7/20,26033,194,564,4,115
Utah,7/8/20,26755,201,722,7,116
Utah,7/9/20,27356,205,601,4,117
Utah,7/10/20,28223,207,867,2,118
Utah,7/11/20,28855,212,632,5,119
Utah,7/12/20,29484,215,629,3,120
Utah,7/13/20,30030,216,546,1,121
Utah,7/14/20,30478,226,448,10,122
Utah,7/15/20,30891,233,413,7,123
Utah,7/16/20,31845,234,954,1,124
Utah,7/17/20,32572,235,727,1,125
Utah,7/18/20,33332,243,760,8,126
Utah,7/19/20,34117,243,785,0,127
Utah,7/20/20,34526,247,409,4,128
Utah,7/21/20,35012,251,486,4,129
Utah,7/22/20,35578,260,566,9,130
Utah,7/23/20,36099,267,521,7,131
Utah,7/24/20,36962,273,863,6,132
Utah,7/25/20,37623,274,661,1,133
Utah,7/26/20,37973,274,350,0,134
Utah,7/27/20,38409,281,436,7,135
Utah,7/28/20,38855,286,446,5,136
Utah,7/29/20,39194,292,339,6,137
Utah,7/30/20,39696,300,502,8,138
Utah,7/31/20,40196,304,500,4,139
Utah,8/1/20,40702,310,506,6,140
Utah,8/2/20,41175,311,473,1,141
Utah,8/3/20,41529,314,354,3,142
Utah,8/4/20,41907,321,378,7,143
Utah,8/5/20,42328,327,421,6,144
Utah,8/6/20,42915,330,587,3,145
Utah,8/7/20,43375,335,460,5,146
Utah,8/8/20,43751,335,376,0,147
Utah,8/9/20,44127,336,376,1,148
Utah,8/10/20,44390,345,263,9,149
Utah,8/11/20,44752,349,362,4,150
Utah,8/12/20,45090,351,338,2,151
Utah,8/13/20,45424,353,334,2,152
Utah,8/14/20,45976,360,552,7,153
Utah,8/15/20,46321,363,345,3,154
Utah,8/16/20,46652,363,331,0,155
Utah,8/17/20,46894,364,242,1,156
Utah,8/18/20,47157,369,263,5,157
Utah,8/19/20,47521,377,364,8,158
Utah,8/20/20,47982,381,461,4,159
Utah,8/21/20,48445,383,463,2,160
Utah,8/22/20,48814,385,369,2,161
Utah,8/23/20,49115,385,301,0,162
Utah,8/24/20,49364,390,249,5,163
Utah,8/25/20,49767,397,403,7,164
Utah,8/26/20,50174,401,407,4,165
Utah,8/27/20,50557,403,383,2,166
Utah,8/28/20,50948,407,391,4,167
Utah,8/29/20,51406,407,458,0,168
Utah,8/30/20,51854,407,448,0,169
Utah,8/31/20,52107,407,253,0,170
Utah,9/1/20,52403,409,296,2,171
Utah,9/2/20,52822,410,419,1,172
Utah,9/3/20,53326,414,504,4,173
Utah,9/4/20,53839,419,513,5,174
Utah,9/5/20,54272,420,433,1,175
Utah,9/6/20,54660,422,388,2,176
Utah,9/7/20,55033,423,373,1,177
Utah,9/8/20,55359,424,326,1,178
Utah,9/9/20,55673,427,314,3,179
Utah,9/10/20,56019,430,346,3,180
Utah,9/11/20,56675,431,656,1,181
Utah,9/12/20,57247,433,572,2,182
Utah,9/13/20,57875,433,628,0,183
Utah,9/14/20,58438,436,563,3,184
Utah,9/15/20,59000,436,562,0,185
Utah,9/16/20,59747,437,747,1,186
Utah,9/17/20,60658,437,911,0,187
Utah,9/18/20,61775,437,1117,0,188
Utah,9/19/20,62852,440,1077,3,189
Utah,9/20/20,63772,440,920,0,190
Utah,9/21/20,64394,441,622,1,191
Utah,9/22/20,65044,443,650,2,192
Utah,9/23/20,65921,444,877,1,193
Utah,9/24/20,67119,444,1198,0,194
Utah,9/25/20,68530,448,1411,4,195
Utah,9/26/20,69547,448,1017,0,196
Utah,9/27/20,70615,453,1068,5,197
Utah,9/28/20,71442,453,827,0,198
Utah,9/29/20,72136,457,694,4,199
Utah,9/30/20,73042,459,906,2,200
Utah,10/1/20,74050,459,1008,0,201
Utah,10/2/20,75157,474,1107,15,202
Utah,10/3/20,76225,476,1068,2,203
Utah,10/4/20,77618,478,1393,2,204
Utah,10/5/20,78723,482,1105,4,205
Utah,10/6/20,79439,488,716,6,206
Utah,10/7/20,80446,496,1007,8,207
Utah,10/8/20,81947,501,1501,5,208
Utah,10/9/20,83290,505,1343,4,209
Utah,10/10/20,84644,510,1354,5,210
Utah,10/11/20,85844,517,1200,7,211
Utah,10/12/20,86832,522,988,5,212
Utah,10/13/20,87819,522,987,0,213
Utah,10/14/20,88963,527,1144,5,214
Utah,10/15/20,90461,529,1498,2,215
Utah,10/16/20,91957,537,1496,8,216
Utah,10/17/20,93297,540,1340,3,217
Utah,10/18/20,94394,543,1097,3,218
Utah,10/19/20,95562,546,1168,3,219
Utah,10/20/20,96643,551,1081,5,220
Utah,10/21/20,98006,557,1363,6,221
Utah,10/22/20,99549,563,1543,6,222
Utah,10/23/20,101509,567,1960,4,223
Utah,10/24/20,103117,568,1608,1,224
Utah,10/25/20,104882,572,1765,4,225
Utah,10/26/20,106083,574,1201,2,226
Utah,10/27/20,107228,578,1145,4,227
Utah,10/28/20,108803,588,1575,10,228
Utah,10/29/20,110640,598,1837,10,229
Utah,10/30/20,112932,601,2292,3,230
Utah,10/31/20,114656,604,1724,3,231
Utah,11/1/20,116510,614,1854,10,232
Utah,11/2/20,117706,614,1196,0,233
Utah,11/3/20,119375,620,1669,6,234
Utah,11/4/20,121485,625,2110,5,235
Utah,11/5/20,124292,632,2807,7,236
Utah,11/6/20,127279,649,2987,17,237
Utah,11/7/20,130235,658,2956,9,238
Utah,11/8/20,132621,659,2386,1,239
Utah,11/9/20,134868,661,2247,2,240
Utah,11/10/20,137385,672,2517,11,241
Utah,11/11/20,139720,678,2335,6,242
Utah,11/12/20,143639,687,3919,9,243
Utah,11/13/20,145789,701,2150,14,244
Utah,11/14/20,151141,710,5352,9,245
Utah,11/15/20,153808,718,2667,8,246
Utah,11/16/20,155779,723,1971,5,247
Utah,11/17/20,158957,732,3178,9,248
Utah,11/18/20,162028,740,3071,8,249
Utah,11/19/20,165996,756,3968,16,250
Utah,11/20/20,170584,773,4588,17,251
Utah,11/21/20,173979,787,3395,14,252
Utah,11/22/20,177176,793,3197,6,253
Utah,11/23/20,179420,797,2244,4,254
Utah,11/24/20,182121,808,2701,11,255
Utah,11/25/20,183902,834,1781,26,256
Utah,11/26/20,183902,834,0,0,257
Utah,11/27/20,190044,849,6142,15,258
Utah,11/28/20,192087,863,2043,14,259
Utah,11/29/20,193809,868,1722,5,260
Utah,11/30/20,195706,871,1897,3,261
Utah,12/1/20,198216,890,2510,19,262
Utah,12/2/20,202220,906,4004,16,263
Utah,12/3/20,206165,917,3945,11,264
Utah,12/4/20,209170,925,3005,8,265
Utah,12/5/20,212844,939,3674,14,266
Utah,12/6/20,215407,939,2563,0,267
Utah,12/7/20,217638,949,2231,10,268
Utah,12/8/20,219971,972,2333,23,269
Utah,12/9/20,222545,995,2574,23,270
Utah,12/10/20,225946,1016,3401,21,271
Utah,12/11/20,228129,1025,2183,9,272
Utah,12/12/20,231821,1038,3692,13,273
Utah,12/13/20,233904,1055,2083,17,274
Utah,12/14/20,235872,1062,1968,7,275
Utah,12/15/20,237787,1077,1915,15,276
Utah,12/16/20,240715,1096,2928,19,277
Utah,12/17/20,243918,1126,3203,30,278
Utah,12/18/20,246562,1140,2644,14,279
Utah,12/19/20,248970,1148,2408,8,280
Utah,12/20/20,250964,1155,1994,7,281
Utah,12/21/20,252783,1161,1819,6,282
Utah,12/22/20,255085,1173,2302,12,283
Utah,12/23/20,257697,1196,2612,23,284
Utah,12/24/20,260589,1204,2892,8,285
Utah,12/25/20,260589,1204,0,0,286
Utah,12/26/20,264078,1212,3489,8,287
Utah,12/27/20,264874,1214,796,2,288
Utah,12/28/20,266590,1219,1716,5,289
Utah,12/29/20,269326,1235,2736,16,290
Utah,12/30/20,271940,1256,2614,21,291
Utah,12/31/20,276612,1269,4672,13,292
Utah,1/1/21,276612,1269,0,0,293
Utah,1/2/21,281654,1294,5042,25,294
Utah,1/3/21,283473,1301,1819,7,295
Utah,1/4/21,285633,1305,2160,4,296
Utah,1/5/21,288951,1312,3318,7,297
Utah,1/6/21,292720,1330,3769,18,298
Utah,1/7/21,297317,1359,4597,29,299
Utah,1/8/21,301110,1381,3793,22,300
Utah,1/9/21,303723,1390,2613,9,301
Utah,1/10/21,305999,1392,2276,2,302
Utah,1/11/21,307483,1396,1484,4,303
Utah,1/12/21,309629,1422,2146,26,304
Utah,1/13/21,314817,1449,5188,27,305
Utah,1/14/21,317559,1460,2742,11,306
Utah,1/15/21,320102,1472,2543,12,307
Utah,1/16/21,322252,1485,2150,13,308
Utah,1/17/21,323837,1493,1585,8,309
Utah,1/18/21,324919,1500,1082,7,310
Utah,1/19/21,326221,1507,1302,7,311
Utah,1/20/21,328380,1517,2159,10,312
Utah,1/21/21,330469,1547,2089,30,313
Utah,1/22/21,333118,1571,2649,24,314
Utah,1/23/21,334889,1582,1771,11,315
Utah,1/24/21,336405,1595,1516,13,316
Utah,1/25/21,337264,1597,859,2,317
Utah,1/26/21,338675,1613,1411,16,318
Utah,1/27/21,340684,1620,2009,7,319
Utah,1/28/21,342445,1620,1761,0,320
Utah,1/29/21,343962,1655,1517,35,321
Utah,1/30/21,345430,1663,1468,8,322
Utah,1/31/21,346624,1665,1194,2,323
Utah,2/1/21,347208,1668,584,3,324
Utah,2/2/21,348409,1685,1201,17,325
Utah,2/3/21,350000,1697,1591,12,326
Utah,2/4/21,351273,1711,1273,14,327
Utah,2/5/21,352489,1728,1216,17,328
Utah,2/6/21,353700,1733,1211,5,329
Utah,2/7/21,354608,1736,908,3,330
Utah,2/8/21,355122,1738,514,2,331
Utah,2/9/21,356040,1748,918,10,332
Utah,2/10/21,357339,1765,1299,17,333
Utah,2/11/21,358581,1774,1242,9,334
Utah,2/12/21,359641,1785,1060,11,335
Utah,2/13/21,360584,1790,943,5,336
Utah,2/14/21,361294,1794,710,4,337
Utah,2/15/21,361756,1796,462,2,338
Utah,2/16/21,362347,1797,591,1,339
Utah,2/17/21,363248,1806,901,9,340
Utah,2/18/21,364399,1813,1151,7,341
Utah,2/19/21,365256,1834,857,21,342
Utah,2/20/21,366034,1842,778,8,343
Utah,2/21/21,366735,1852,701,10,344
Utah,2/22/21,367073,1853,338,1,345
Utah,2/23/21,367789,1865,716,12,346
Utah,2/24/21,368601,1879,812,14,347
Utah,2/25/21,369433,1890,832,11,348
Utah,2/26/21,370084,1907,651,17,349
Utah,2/27/21,370770,1929,686,22,350
Utah,2/28/21,371235,1935,465,6,351
Utah,3/1/21,371492,1940,257,5,352
Utah,3/2/21,371979,1949,487,9,353
Utah,3/3/21,372708,1955,729,6,354
Utah,3/4/21,373319,1966,611,11,355
Utah,3/5/21,373868,1970,549,4,356
Utah,3/6/21,374438,1975,570,5,357
Utah,3/7/21,374850,1976,412,1,358
Utah,3/8/21,375110,1977,260,1,359
Utah,3/9/21,375669,1990,559,13,360
Utah,3/10/21,376327,1992,658,2,361
Utah,3/11/21,376973,2015,646,23,362
Utah,3/12/21,377492,2017,519,2,363
Utah,3/13/21,377983,2021,491,4,364
Utah,3/14/21,378379,2027,396,6,365
Utah,3/15/21,378600,2027,221,0,366
Utah,3/16/21,379081,2032,481,5,367
Utah,3/17/21,379780,2037,699,5,368
Utah,3/18/21,380340,2041,560,4,369
Utah,3/19/21,380787,2058,447,17,370
Utah,3/20/21,381254,2060,467,2,371
Utah,3/21/21,381629,2062,375,2,372
Utah,3/22/21,381788,2062,159,0,373
Utah,3/23/21,382171,2077,383,15,374
Utah,3/24/21,382733,2082,562,5,375
Utah,3/25/21,383260,2088,527,6,376
Utah,3/26/21,383713,2091,453,3,377
Utah,3/27/21,384173,2101,460,10,378
Utah,3/28/21,384562,2114,389,13,379
Utah,3/29/21,384756,2114,194,0,380
Utah,3/30/21,385127,2118,371,4,381
Utah,3/31/21,385641,2122,514,4,382
Utah,4/1/21,386128,2125,487,3,383
Utah,4/2/21,386550,2131,422,6,384
Utah,4/3/21,386997,2132,447,1,385
Utah,4/4/21,387341,2132,344,0,386
Utah,4/5/21,387514,2133,173,1,387
Utah,4/6/21,387814,2137,300,4,388
Utah,4/7/21,388426,2139,612,2,389
Utah,4/8/21,388909,2149,483,10,390
Utah,4/9/21,389353,2157,444,8,391
Utah,4/10/21,389760,2159,407,2,392
Utah,4/11/21,390104,2159,344,0,393
Utah,4/12/21,390289,2159,185,0,394
Utah,4/13/21,390647,2161,358,2,395
Utah,4/14/21,391177,2161,530,0,396
Utah,4/15/21,391633,2162,456,1,397
Utah,4/16/21,392096,2164,463,2,398
Utah,4/17/21,392509,2164,413,0,399
Utah,4/18/21,392757,2164,248,0,400
Utah,4/19/21,392957,2166,200,2,401
Utah,4/20/21,393272,2174,315,8,402
Utah,4/21/21,393862,2177,590,3,403
Utah,4/22/21,394334,2178,472,1,404
Utah,4/23/21,394678,2179,344,1,405
Utah,4/24/21,395150,2180,472,1,406
Utah,4/25/21,395431,2182,281,2,407
Utah,4/26/21,395677,2183,246,1,408
Utah,4/27/21,396004,2186,327,3,409
Utah,4/28/21,396522,2190,518,4,410
Utah,4/29/21,396985,2197,463,7,411
Utah,4/30/21,397323,2202,338,5,412
Utah,5/1/21,397733,2203,410,1,413
Utah,5/2/21,398012,2204,279,1,414
Utah,5/3/21,398240,2204,228,0,415
Utah,5/4/21,398499,2217,259,13,416
Utah,5/5/21,398979,2219,480,2,417
Utah,5/6/21,399374,2219,395,0,418
Utah,5/7/21,399760,2223,386,4,419
Utah,5/8/21,400120,2223,360,0,420
Utah,5/9/21,400352,2224,232,1,421
Utah,5/10/21,400559,2225,207,1,422
Utah,5/11/21,400783,2236,224,11,423
Utah,5/12/21,401251,2249,468,13,424
Utah,5/13/21,401669,2255,418,6,425
Utah,5/14/21,402005,2256,336,1,426
Utah,5/15/21,402325,2258,320,2,427
Utah,5/16/21,402567,2258,242,0,428
Utah,5/17/21,402731,2259,164,1,429
Utah,5/18/21,402988,2271,257,12,430
Utah,5/19/21,403418,2275,430,4,431
Utah,5/20/21,403684,2279,266,4,432
Utah,5/21/21,403984,2289,300,10,433
Utah,5/22/21,404246,2290,262,1,434
Utah,5/23/21,404477,2290,231,0,435
Utah,5/24/21,404625,2292,148,2,436
Utah,5/25/21,404810,2292,185,0,437
Utah,5/26/21,405078,2292,268,0,438
Utah,5/27/21,405387,2294,309,2,439
Utah,5/28/21,405659,2297,272,3,440
Utah,5/29/21,405851,2301,192,4,441
Utah,5/30/21,406027,2301,176,0,442
Utah,5/31/21,406170,2302,143,1,443
Utah,6/1/21,406282,2302,112,0,444
Utah,6/2/21,406482,2305,200,3,445
Utah,6/3/21,406825,2308,343,3,446
Utah,6/4/21,407113,2311,288,3,447
Utah,6/5/21,407419,2311,306,0,448
Utah,6/6/21,407642,2311,223,0,449
Utah,6/7/21,407816,2313,174,2,450
Utah,6/8/21,408068,2316,252,3,451
Utah,6/9/21,408428,2318,360,2,452
Utah,6/10/21,408741,2319,313,1,453
Utah,6/11/21,409007,2319,266,0,454
Utah,6/12/21,409364,2323,357,4,455
Utah,6/13/21,409558,2323,194,0,456
