state,date,confirmed,deaths,new_confirmed,new_deaths,tagged_day
Virginia,3/12/20,12,0,3,0,1
Virginia,3/13/20,27,0,15,0,2
Virginia,3/14/20,37,1,10,1,3
Virginia,3/15/20,37,1,0,0,4
Virginia,3/16/20,49,2,12,1,5
Virginia,3/17/20,67,2,18,0,6
Virginia,3/18/20,79,2,12,0,7
Virginia,3/19/20,103,2,24,0,8
Virginia,3/20/20,123,2,20,0,9
Virginia,3/21/20,157,3,34,1,10
Virginia,3/22/20,220,6,63,3,11
Virginia,3/23/20,254,6,34,0,12
Virginia,3/24/20,293,9,39,3,13
Virginia,3/25/20,396,9,103,0,14
Virginia,3/26/20,466,10,70,1,15
Virginia,3/27/20,607,10,141,0,16
Virginia,3/28/20,740,13,133,3,17
Virginia,3/29/20,890,20,150,7,18
Virginia,3/30/20,1020,15,130,-5,19
Virginia,3/31/20,1249,27,229,12,20
Virginia,4/1/20,1483,34,234,7,21
Virginia,4/2/20,1706,41,223,7,22
Virginia,4/3/20,2012,46,306,5,23
Virginia,4/4/20,2407,52,395,6,24
Virginia,4/5/20,2640,52,233,0,25
Virginia,4/6/20,2878,66,238,14,26
Virginia,4/7/20,3335,66,457,0,27
Virginia,4/8/20,3645,66,310,0,28
Virginia,4/9/20,4042,109,397,43,29
Virginia,4/10/20,4509,121,467,12,30
Virginia,4/11/20,5077,130,568,9,31
Virginia,4/12/20,5274,141,197,11,32
Virginia,4/13/20,5747,149,473,8,33
Virginia,4/14/20,6182,154,435,5,34
Virginia,4/15/20,6500,195,318,41,35
Virginia,4/16/20,6889,208,389,13,36
Virginia,4/17/20,7491,231,602,23,37
Virginia,4/18/20,8053,258,562,27,38
Virginia,4/19/20,8542,277,489,19,39
Virginia,4/20/20,8990,300,448,23,40
Virginia,4/21/20,9630,324,640,24,41
Virginia,4/22/20,10266,349,636,25,42
Virginia,4/23/20,10998,373,732,24,43
Virginia,4/24/20,11594,411,596,38,44
Virginia,4/25/20,12366,437,772,26,45
Virginia,4/26/20,12970,449,604,12,46
Virginia,4/27/20,13538,460,568,11,47
Virginia,4/28/20,14339,492,801,32,48
Virginia,4/29/20,14962,522,623,30,49
Virginia,4/30/20,15847,552,885,30,50
Virginia,5/1/20,16902,581,1055,29,51
Virginia,5/2/20,17738,617,836,36,52
Virginia,5/3/20,18672,660,934,43,53
Virginia,5/4/20,19493,684,821,24,54
Virginia,5/5/20,20257,713,764,29,55
Virginia,5/6/20,20985,737,728,24,56
Virginia,5/7/20,21570,769,585,32,57
Virginia,5/8/20,22342,812,772,43,58
Virginia,5/9/20,23196,827,854,15,59
Virginia,5/10/20,24081,839,885,12,60
Virginia,5/11/20,25070,850,989,11,61
Virginia,5/12/20,25800,892,730,42,62
Virginia,5/13/20,26746,928,946,36,63
Virginia,5/14/20,27813,956,1067,28,64
Virginia,5/15/20,28672,978,859,22,65
Virginia,5/16/20,29683,1003,1011,25,66
Virginia,5/17/20,30388,1010,705,7,67
Virginia,5/18/20,31140,1015,752,5,68
Virginia,5/19/20,32145,1042,1005,27,69
Virginia,5/20/20,32908,1075,763,33,70
Virginia,5/21/20,34137,1100,1229,25,71
Virginia,5/22/20,34950,1136,813,36,72
Virginia,5/23/20,35749,1159,799,23,73
Virginia,5/24/20,36244,1171,495,12,74
Virginia,5/25/20,37727,1208,1483,37,75
Virginia,5/26/20,39342,1236,1615,28,76
Virginia,5/27/20,40249,1281,907,45,77
Virginia,5/28/20,41401,1338,1152,57,78
Virginia,5/29/20,42533,1358,1132,20,79
Virginia,5/30/20,43611,1370,1078,12,80
Virginia,5/31/20,44607,1375,996,5,81
Virginia,6/1/20,45398,1392,791,17,82
Virginia,6/2/20,46239,1407,841,15,83
Virginia,6/3/20,46905,1428,666,21,84
Virginia,6/4/20,47856,1445,951,17,85
Virginia,6/5/20,48532,1454,676,9,86
Virginia,6/6/20,49397,1461,865,7,87
Virginia,6/7/20,50681,1472,1284,11,88
Virginia,6/8/20,51251,1477,570,5,89
Virginia,6/9/20,51738,1496,487,19,90
Virginia,6/10/20,52177,1514,439,18,91
Virginia,6/11/20,52647,1520,470,6,92
Virginia,6/12/20,53211,1534,564,14,93
Virginia,6/13/20,53869,1541,658,7,94
Virginia,6/14/20,54506,1546,637,5,95
Virginia,6/15/20,54886,1552,380,6,96
Virginia,6/16/20,55331,1570,445,18,97
Virginia,6/17/20,55775,1583,444,13,98
Virginia,6/18/20,56238,1586,463,3,99
Virginia,6/19/20,56793,1602,555,16,100
Virginia,6/20/20,57443,1607,650,5,101
Virginia,6/21/20,57994,1611,551,4,102
Virginia,6/22/20,58465,1620,471,9,103
Virginia,6/23/20,58994,1645,529,25,104
Virginia,6/24/20,59514,1661,520,16,105
Virginia,6/25/20,59946,1675,432,14,106
Virginia,6/26/20,60570,1700,624,25,107
Virginia,6/27/20,61247,1724,677,24,108
Virginia,6/28/20,61736,1732,489,8,109
Virginia,6/29/20,62189,1740,453,8,110
Virginia,6/30/20,62787,1763,598,23,111
Virginia,7/1/20,63203,1786,416,23,112
Virginia,7/2/20,63735,1816,532,30,113
Virginia,7/3/20,64393,1845,658,29,114
Virginia,7/4/20,65109,1849,716,4,115
Virginia,7/5/20,65748,1853,639,4,116
Virginia,7/6/20,66102,1853,354,0,117
Virginia,7/7/20,66740,1881,638,28,118
Virginia,7/8/20,67375,1905,635,24,119
Virginia,7/9/20,67988,1937,613,32,120
Virginia,7/10/20,68931,1958,943,21,121
Virginia,7/11/20,69782,1962,851,4,122
Virginia,7/12/20,70670,1966,888,4,123
Virginia,7/13/20,71642,1968,972,2,124
Virginia,7/14/20,72443,1977,801,9,125
Virginia,7/15/20,73527,1992,1084,15,126
Virginia,7/16/20,74431,2007,904,15,127
Virginia,7/17/20,75433,2013,1002,6,128
Virginia,7/18/20,76373,2025,940,12,129
Virginia,7/19/20,77430,2027,1057,2,130
Virginia,7/20/20,78375,2031,945,4,131
Virginia,7/21/20,79371,2048,996,17,132
Virginia,7/22/20,80393,2051,1022,3,133
Virginia,7/23/20,81237,2054,844,3,134
Virginia,7/24/20,82364,2067,1127,13,135
Virginia,7/25/20,83609,2075,1245,8,136
Virginia,7/26/20,84567,2078,958,3,137
Virginia,7/27/20,86072,2082,1505,4,138
Virginia,7/28/20,86994,2095,922,13,139
Virginia,7/29/20,87993,2125,999,30,140
Virginia,7/30/20,88904,2141,911,16,141
Virginia,7/31/20,89888,2174,984,33,142
Virginia,8/1/20,90801,2215,913,41,143
Virginia,8/2/20,91782,2218,981,3,144
Virginia,8/3/20,93106,2218,1324,0,145
Virginia,8/4/20,94251,2244,1145,26,146
Virginia,8/5/20,95049,2274,798,30,147
Virginia,8/6/20,95867,2299,818,25,148
Virginia,8/7/20,97882,2317,2015,18,149
Virginia,8/8/20,99189,2322,1307,5,150
Virginia,8/9/20,100086,2326,897,4,151
Virginia,8/10/20,100749,2327,663,1,152
Virginia,8/11/20,101745,2344,996,17,153
Virginia,8/12/20,102521,2352,776,8,154
Virginia,8/13/20,103622,2363,1101,11,155
Virginia,8/14/20,104838,2370,1216,7,156
Virginia,8/15/20,105750,2381,912,11,157
Virginia,8/16/20,106687,2381,937,0,158
Virginia,8/17/20,107421,2385,734,4,159
Virginia,8/18/20,108282,2396,861,11,160
Virginia,8/19/20,109019,2410,737,14,161
Virginia,8/20/20,109879,2427,860,17,162
Virginia,8/21/20,110857,2436,978,9,163
Virginia,8/22/20,112072,2443,1215,7,164
Virginia,8/23/20,112960,2467,888,24,165
Virginia,8/24/20,113623,2471,663,4,166
Virginia,8/25/20,114626,2494,1003,23,167
Virginia,8/26/20,115448,2515,822,21,168
Virginia,8/27/20,116569,2527,1121,12,169
Virginia,8/28/20,117592,2550,1023,23,170
Virginia,8/29/20,118809,2568,1217,18,171
Virginia,8/30/20,119747,2569,938,1,172
Virginia,8/31/20,120594,2580,847,11,173
Virginia,9/1/20,121615,2612,1021,32,174
Virginia,9/2/20,122518,2641,903,29,175
Virginia,9/3/20,123637,2652,1119,11,176
Virginia,9/4/20,124738,2662,1101,10,177
Virginia,9/5/20,125727,2677,989,15,178
Virginia,9/6/20,126926,2678,1199,1,179
Virginia,9/7/20,127571,2684,645,6,180
Virginia,9/8/20,128407,2686,836,2,181
Virginia,9/9/20,129289,2697,882,11,182
Virginia,9/10/20,130525,2708,1236,11,183
Virginia,9/11/20,131640,2711,1115,3,184
Virginia,9/12/20,132868,2722,1228,11,185
Virginia,9/13/20,133814,2724,946,2,186
Virginia,9/14/20,134571,2743,757,19,187
Virginia,9/15/20,135514,2839,943,96,188
Virginia,9/16/20,136359,2884,845,45,189
Virginia,9/17/20,137460,2920,1101,36,190
Virginia,9/18/20,138702,2949,1242,29,191
Virginia,9/19/20,139655,2990,953,41,192
Virginia,9/20/20,140511,3015,856,25,193
Virginia,9/21/20,141138,3021,627,6,194
Virginia,9/22/20,142010,3060,872,39,195
Virginia,9/23/20,142590,3089,580,29,196
Virginia,9/24/20,143492,3113,902,24,197
Virginia,9/25/20,144433,3136,941,23,198
Virginia,9/26/20,145408,3144,975,8,199
Virginia,9/27/20,146144,3159,736,15,200
Virginia,9/28/20,146593,3172,449,13,201
Virginia,9/29/20,147516,3187,923,15,202
Virginia,9/30/20,148271,3208,755,21,203
Virginia,10/1/20,148721,3228,450,20,204
Virginia,10/2/20,149687,3250,966,22,205
Virginia,10/3/20,150803,3270,1116,20,206
Virginia,10/4/20,151870,3273,1067,3,207
Virginia,10/5/20,152557,3276,687,3,208
Virginia,10/6/20,153182,3291,625,15,209
Virginia,10/7/20,153691,3303,509,12,210
Virginia,10/8/20,155535,3328,1844,25,211
Virginia,10/9/20,156649,3344,1114,16,212
Virginia,10/10/20,157905,3354,1256,10,213
Virginia,10/11/20,158716,3358,811,4,214
Virginia,10/12/20,159570,3361,854,3,215
Virginia,10/13/20,160805,3372,1235,11,216
Virginia,10/14/20,161610,3381,805,9,217
Virginia,10/15/20,162941,3388,1331,7,218
Virginia,10/16/20,164124,3408,1183,20,219
Virginia,10/17/20,165238,3422,1114,14,220
Virginia,10/18/20,166138,3433,900,11,221
Virginia,10/19/20,166828,3457,690,24,222
Virginia,10/20/20,167754,3485,926,28,223
Virginia,10/21/20,168772,3515,1018,30,224
Virginia,10/22/20,170104,3524,1332,9,225
Virginia,10/23/20,171284,3539,1180,15,226
Virginia,10/24/20,172372,3578,1088,39,227
Virginia,10/25/20,173371,3579,999,1,228
Virginia,10/26/20,174275,3581,904,2,229
Virginia,10/27/20,175409,3600,1134,19,230
Virginia,10/28/20,176754,3616,1345,16,231
Virginia,10/29/20,178183,3636,1429,20,232
Virginia,10/30/20,179639,3643,1456,7,233
Virginia,10/31/20,181190,3654,1551,11,234
Virginia,11/1/20,182392,3655,1202,1,235
Virginia,11/2/20,183418,3658,1026,3,236
Virginia,11/3/20,184679,3666,1261,8,237
Virginia,11/4/20,185836,3677,1157,11,238
Virginia,11/5/20,187202,3688,1366,11,239
Virginia,11/6/20,188770,3682,1568,-6,240
Virginia,11/7/20,190873,3704,2103,22,241
Virginia,11/8/20,192175,3707,1302,3,242
Virginia,11/9/20,193477,3713,1302,6,243
Virginia,11/10/20,194912,3726,1435,13,244
Virginia,11/11/20,196506,3741,1594,15,245
Virginia,11/12/20,198027,3758,1521,17,246
Virginia,11/13/20,199262,3785,1235,27,247
Virginia,11/14/20,200799,3799,1537,14,248
Virginia,11/15/20,201960,3800,1161,1,249
Virginia,11/16/20,204637,3806,2677,6,250
Virginia,11/17/20,206762,3835,2125,29,251
Virginia,11/18/20,208833,3860,2071,25,252
Virginia,11/19/20,210787,3896,1954,36,253
Virginia,11/20/20,213331,3912,2544,16,254
Virginia,11/21/20,215679,3938,2348,26,255
Virginia,11/22/20,217796,3938,2117,0,256
Virginia,11/23/20,221038,3942,3242,4,257
Virginia,11/24/20,223582,3979,2544,37,258
Virginia,11/25/20,226300,4008,2718,29,259
Virginia,11/26/20,228900,4029,2600,21,260
Virginia,11/27/20,230444,4044,1544,15,261
Virginia,11/28/20,233617,4054,3173,10,262
Virginia,11/29/20,235942,4058,2325,4,263
Virginia,11/30/20,237835,4062,1893,4,264
Virginia,12/1/20,240063,4093,2228,31,265
Virginia,12/2/20,242480,4113,2417,20,266
Virginia,12/3/20,244503,4147,2023,34,267
Virginia,12/4/20,247380,4160,2877,13,268
Virginia,12/5/20,251173,4197,3793,37,269
Virginia,12/6/20,255053,4200,3880,3,270
Virginia,12/7/20,258870,4208,3817,8,271
Virginia,12/8/20,262730,4260,3860,52,272
Virginia,12/9/20,267128,4281,4398,21,273
Virginia,12/10/20,271043,4335,3915,54,274
Virginia,12/11/20,274438,4370,3395,35,275
Virginia,12/12/20,278615,4409,4177,39,276
Virginia,12/13/20,281909,4411,3294,2,277
Virginia,12/14/20,285149,4414,3240,3,278
Virginia,12/15/20,288309,4470,3160,56,279
Virginia,12/16/20,292240,4508,3931,38,280
Virginia,12/17/20,296093,4553,3853,45,281
Virginia,12/18/20,299388,4598,3295,45,282
Virginia,12/19/20,302972,4643,3584,45,283
Virginia,12/20/20,306848,4650,3876,7,284
Virginia,12/21/20,310890,4654,4042,4,285
Virginia,12/22/20,314481,4705,3591,51,286
Virginia,12/23/20,319133,4760,4652,55,287
Virginia,12/24/20,323915,4791,4782,31,288
Virginia,12/25/20,327993,4820,4078,29,289
Virginia,12/26/20,329577,4840,1584,20,290
Virginia,12/27/20,333576,4854,3999,14,291
Virginia,12/28/20,336175,4861,2599,7,292
Virginia,12/29/20,340297,4920,4122,59,293
Virginia,12/30/20,344345,4984,4048,64,294
Virginia,12/31/20,349584,5032,5239,48,295
Virginia,1/1/21,354766,5081,5182,49,296
Virginia,1/2/21,358755,5117,3989,36,297
Virginia,1/3/21,363765,5124,5010,7,298
Virginia,1/4/21,367536,5132,3771,8,299
Virginia,1/5/21,371913,5191,4377,59,300
Virginia,1/6/21,377300,5226,5387,35,301
Virginia,1/7/21,382679,5275,5379,49,302
Virginia,1/8/21,387917,5312,5238,37,303
Virginia,1/9/21,393715,5381,5798,69,304
Virginia,1/10/21,398856,5383,5141,2,305
Virginia,1/11/21,403386,5393,4530,10,306
Virginia,1/12/21,407947,5477,4561,84,307
Virginia,1/13/21,412545,5552,4598,75,308
Virginia,1/14/21,417839,5626,5294,74,309
Virginia,1/15/21,422634,5656,4795,30,310
Virginia,1/16/21,429391,5706,6757,50,311
Virginia,1/17/21,439305,5729,9914,23,312
Virginia,1/18/21,446550,5739,7245,10,313
Virginia,1/19/21,451076,5798,4526,59,314
Virginia,1/20/21,455591,5861,4515,63,315
Virginia,1/21/21,459604,5940,4013,79,316
Virginia,1/22/21,463751,6002,4147,62,317
Virginia,1/23/21,468655,6079,4904,77,318
Virginia,1/24/21,472447,6078,3792,-1,319
Virginia,1/25/21,478619,6081,6172,3,320
Virginia,1/26/21,483326,6174,4707,93,321
Virginia,1/27/21,488553,6228,5227,54,322
Virginia,1/28/21,493674,6308,5121,80,323
Virginia,1/29/21,497912,6379,4238,71,324
Virginia,1/30/21,502221,6449,4309,70,325
Virginia,1/31/21,504779,6464,2558,15,326
Virginia,2/1/21,507640,6474,2861,10,327
Virginia,2/2/21,510380,6517,2740,43,328
Virginia,2/3/21,513339,6575,2959,58,329
Virginia,2/4/21,516398,6650,3059,75,330
Virginia,2/5/21,521467,6732,5069,82,331
Virginia,2/6/21,526176,6773,4709,41,332
Virginia,2/7/21,529125,6778,2949,5,333
Virginia,2/8/21,530825,6820,1700,42,334
Virginia,2/9/21,534116,6898,3291,78,335
Virginia,2/10/21,537319,6932,3203,34,336
Virginia,2/11/21,541018,6958,3699,26,337
Virginia,2/12/21,544209,6966,3191,8,338
Virginia,2/13/21,547424,6996,3215,30,339
Virginia,2/14/21,549999,7012,2575,16,340
Virginia,2/15/21,551538,7016,1539,4,341
Virginia,2/16/21,553308,7037,1770,21,342
Virginia,2/17/21,555592,7075,2284,38,343
Virginia,2/18/21,557896,7090,2304,15,344
Virginia,2/19/21,559930,7098,2034,8,345
Virginia,2/20/21,561812,7197,1882,99,346
Virginia,2/21/21,564115,7331,2303,134,347
Virginia,2/22/21,565270,7486,1155,155,348
Virginia,2/23/21,567039,7658,1769,172,349
Virginia,2/24/21,568946,7807,1907,149,350
Virginia,2/25/21,570982,7963,2036,156,351
Virginia,2/26/21,572639,8197,1657,234,352
Virginia,2/27/21,574314,8382,1675,185,353
Virginia,2/28/21,576050,8552,1736,170,354
Virginia,3/1/21,577174,8783,1124,231,355
Virginia,3/2/21,578559,8943,1385,160,356
Virginia,3/3/21,580108,9326,1549,383,357
Virginia,3/4/21,581408,9357,1300,31,358
Virginia,3/5/21,583060,9428,1652,71,359
Virginia,3/6/21,584537,9519,1477,91,360
Virginia,3/7/21,585700,9596,1163,77,361
Virginia,3/8/21,586592,9683,892,87,362
Virginia,3/9/21,588129,9790,1537,107,363
Virginia,3/10/21,589375,9849,1246,59,364
Virginia,3/11/21,590625,9902,1250,53,365
Virginia,3/12/21,592214,9961,1589,59,366
Virginia,3/13/21,593562,9985,1348,24,367
Virginia,3/14/21,594735,10019,1173,34,368
Virginia,3/15/21,595865,10060,1130,41,369
Virginia,3/16/21,597141,10104,1276,44,370
Virginia,3/17/21,598468,10154,1327,50,371
Virginia,3/18/21,600550,10182,2082,28,372
Virginia,3/19/21,602182,10092,1632,-90,373
Virginia,3/20/21,603745,10104,1563,12,374
Virginia,3/21/21,604904,10117,1159,13,375
Virginia,3/22/21,605967,10127,1063,10,376
Virginia,3/23/21,607234,10137,1267,10,377
Virginia,3/24/21,608704,10143,1470,6,378
Virginia,3/25/21,610263,10147,1559,4,379
Virginia,3/26/21,612062,10154,1799,7,380
Virginia,3/27/21,613974,10178,1912,24,381
Virginia,3/28/21,615366,10198,1392,20,382
Virginia,3/29/21,616509,10219,1143,21,383
Virginia,3/30/21,617941,10242,1432,23,384
Virginia,3/31/21,618976,10252,1035,10,385
Virginia,4/1/21,620801,10268,1825,16,386
Virginia,4/2/21,622339,10279,1538,11,387
Virginia,4/3/21,623881,10287,1542,8,388
Virginia,4/4/21,625148,10329,1267,42,389
Virginia,4/5/21,626171,10360,1023,31,390
Virginia,4/6/21,627605,10401,1434,41,391
Virginia,4/7/21,629155,10415,1550,14,392
Virginia,4/8/21,631083,10436,1928,21,393
Virginia,4/9/21,632625,10451,1542,15,394
Virginia,4/10/21,634325,10458,1700,7,395
Virginia,4/11/21,635552,10472,1227,14,396
Virginia,4/12/21,636862,10486,1310,14,397
Virginia,4/13/21,638910,10506,2048,20,398
Virginia,4/14/21,640211,10510,1301,4,399
Virginia,4/15/21,641626,10529,1415,19,400
Virginia,4/16/21,643220,10549,1594,20,401
Virginia,4/17/21,644828,10564,1608,15,402
Virginia,4/18/21,646133,10581,1305,17,403
Virginia,4/19/21,647111,10595,978,14,404
Virginia,4/20/21,648347,10625,1236,30,405
Virginia,4/21/21,649608,10640,1261,15,406
Virginia,4/22/21,650981,10653,1373,13,407
Virginia,4/23/21,652321,10666,1340,13,408
Virginia,4/24/21,653326,10675,1005,9,409
Virginia,4/25/21,654210,10691,884,16,410
Virginia,4/26/21,654929,10706,719,15,411
Virginia,4/27/21,656020,10722,1091,16,412
Virginia,4/28/21,657154,10735,1134,13,413
Virginia,4/29/21,658341,10751,1187,16,414
Virginia,4/30/21,659590,10770,1249,19,415
Virginia,5/1/21,660553,10777,963,7,416
Virginia,5/2/21,661314,10791,761,14,417
Virginia,5/3/21,661925,10807,611,16,418
Virginia,5/4/21,662696,10823,771,16,419
Virginia,5/5/21,663538,10844,842,21,420
Virginia,5/6/21,664394,10861,856,17,421
Virginia,5/7/21,665332,10874,938,13,422
Virginia,5/8/21,666111,10885,779,11,423
Virginia,5/9/21,666650,10895,539,10,424
Virginia,5/10/21,666986,10902,336,7,425
Virginia,5/11/21,667586,10919,600,17,426
Virginia,5/12/21,668147,10934,561,15,427
Virginia,5/13/21,668726,10961,579,27,428
Virginia,5/14/21,669219,10991,493,30,429
Virginia,5/15/21,669904,11008,685,17,430
Virginia,5/16/21,670184,11018,280,10,431
Virginia,5/17/21,670456,11029,272,11,432
Virginia,5/18/21,670834,11042,378,13,433
Virginia,5/19/21,671325,11048,491,6,434
Virginia,5/20/21,671916,11068,591,20,435
Virginia,5/21/21,672312,11074,396,6,436
Virginia,5/22/21,672793,11097,481,23,437
Virginia,5/23/21,673029,11106,236,9,438
Virginia,5/24/21,673105,11116,76,10,439
Virginia,5/25/21,673759,11137,654,21,440
Virginia,5/26/21,674082,11143,323,6,441
Virginia,5/27/21,674439,11152,357,9,442
Virginia,5/28/21,674843,11156,404,4,443
Virginia,5/29/21,675165,11160,322,4,444
Virginia,5/30/21,675392,11173,227,13,445
Virginia,5/31/21,675538,11186,146,13,446
Virginia,6/1/21,675597,11194,59,8,447
Virginia,6/2/21,675783,11206,186,12,448
Virginia,6/3/21,676041,11216,258,10,449
Virginia,6/4/21,676300,11222,259,6,450
Virginia,6/5/21,676586,11229,286,7,451
Virginia,6/6/21,676741,11236,155,7,452
Virginia,6/7/21,676831,11245,90,9,453
Virginia,6/8/21,677013,11253,182,8,454
Virginia,6/9/21,677210,11260,197,7,455
Virginia,6/10/21,677425,11270,215,10,456
Virginia,6/11/21,677530,11283,105,13,457
Virginia,6/12/21,677671,11293,141,10,458
Virginia,6/13/21,677744,11307,73,14,459
