state,date,confirmed,deaths,new_confirmed,new_deaths,tagged_day
Wyoming,3/17/20,11,0,9,0,1
Wyoming,3/18/20,16,0,5,0,2
Wyoming,3/19/20,18,0,2,0,3
Wyoming,3/20/20,21,0,3,0,4
Wyoming,3/21/20,23,0,2,0,5
Wyoming,3/22/20,26,0,3,0,6
Wyoming,3/23/20,26,0,0,0,7
Wyoming,3/24/20,29,0,3,0,8
Wyoming,3/25/20,44,0,15,0,9
Wyoming,3/26/20,53,0,9,0,10
Wyoming,3/27/20,70,0,17,0,11
Wyoming,3/28/20,82,0,12,0,12
Wyoming,3/29/20,86,0,4,0,13
Wyoming,3/30/20,94,0,8,0,14
Wyoming,3/31/20,109,0,15,0,15
Wyoming,4/1/20,130,0,21,0,16
Wyoming,4/2/20,150,0,20,0,17
Wyoming,4/3/20,162,0,12,0,18
Wyoming,4/4/20,187,0,25,0,19
Wyoming,4/5/20,197,0,10,0,20
Wyoming,4/6/20,210,0,13,0,21
Wyoming,4/7/20,216,0,6,0,22
Wyoming,4/8/20,221,0,5,0,23
Wyoming,4/9/20,230,0,9,0,24
Wyoming,4/10/20,239,0,9,0,25
Wyoming,4/11/20,261,0,22,0,26
Wyoming,4/12/20,270,0,9,0,27
Wyoming,4/13/20,275,1,5,1,28
Wyoming,4/14/20,282,1,7,0,29
Wyoming,4/15/20,287,1,5,0,30
Wyoming,4/16/20,296,2,9,1,31
Wyoming,4/17/20,305,2,9,0,32
Wyoming,4/18/20,309,2,4,0,33
Wyoming,4/19/20,313,2,4,0,34
Wyoming,4/20/20,317,2,4,0,35
Wyoming,4/21/20,443,2,126,0,36
Wyoming,4/22/20,447,6,4,4,37
Wyoming,4/23/20,453,7,6,1,38
Wyoming,4/24/20,473,7,20,0,39
Wyoming,4/25/20,491,7,18,0,40
Wyoming,4/26/20,502,7,11,0,41
Wyoming,4/27/20,520,7,18,0,42
Wyoming,4/28/20,536,7,16,0,43
Wyoming,4/29/20,545,7,9,0,44
Wyoming,4/30/20,559,7,14,0,45
Wyoming,5/1/20,566,7,7,0,46
Wyoming,5/2/20,579,7,13,0,47
Wyoming,5/3/20,586,7,7,0,48
Wyoming,5/4/20,596,7,10,0,49
Wyoming,5/5/20,604,7,8,0,50
Wyoming,5/6/20,631,7,27,0,51
Wyoming,5/7/20,635,7,4,0,52
Wyoming,5/8/20,644,7,9,0,53
Wyoming,5/9/20,653,7,9,0,54
Wyoming,5/10/20,662,7,9,0,55
Wyoming,5/11/20,669,7,7,0,56
Wyoming,5/12/20,675,7,6,0,57
Wyoming,5/13/20,688,7,13,0,58
Wyoming,5/14/20,701,7,13,0,59
Wyoming,5/15/20,716,7,15,0,60
Wyoming,5/16/20,741,7,25,0,61
Wyoming,5/17/20,754,8,13,1,62
Wyoming,5/18/20,766,10,12,2,63
Wyoming,5/19/20,776,10,10,0,64
Wyoming,5/20/20,787,11,11,1,65
Wyoming,5/21/20,801,12,14,1,66
Wyoming,5/22/20,803,12,2,0,67
Wyoming,5/23/20,813,12,10,0,68
Wyoming,5/24/20,838,12,25,0,69
Wyoming,5/25/20,843,12,5,0,70
Wyoming,5/26/20,850,13,7,1,71
Wyoming,5/27/20,860,14,10,1,72
Wyoming,5/28/20,876,15,16,1,73
Wyoming,5/29/20,891,15,15,0,74
Wyoming,5/30/20,898,16,7,1,75
Wyoming,5/31/20,903,16,5,0,76
Wyoming,6/1/20,910,17,7,1,77
Wyoming,6/2/20,912,17,2,0,78
Wyoming,6/3/20,915,17,3,0,79
Wyoming,6/4/20,921,17,6,0,80
Wyoming,6/5/20,933,17,12,0,81
Wyoming,6/6/20,939,17,6,0,82
Wyoming,6/7/20,947,17,8,0,83
Wyoming,6/8/20,960,17,13,0,84
Wyoming,6/9/20,970,17,10,0,85
Wyoming,6/10/20,980,18,10,1,86
Wyoming,6/11/20,1009,18,29,0,87
Wyoming,6/12/20,1027,18,18,0,88
Wyoming,6/13/20,1050,18,23,0,89
Wyoming,6/14/20,1060,18,10,0,90
Wyoming,6/15/20,1079,18,19,0,91
Wyoming,6/16/20,1089,18,10,0,92
Wyoming,6/17/20,1114,18,25,0,93
Wyoming,6/18/20,1144,18,30,0,94
Wyoming,6/19/20,1173,20,29,2,95
Wyoming,6/20/20,1179,20,6,0,96
Wyoming,6/21/20,1197,20,18,0,97
Wyoming,6/22/20,1230,20,33,0,98
Wyoming,6/23/20,1254,20,24,0,99
Wyoming,6/24/20,1282,20,28,0,100
Wyoming,6/25/20,1326,20,44,0,101
Wyoming,6/26/20,1368,20,42,0,102
Wyoming,6/27/20,1392,20,24,0,103
Wyoming,6/28/20,1417,20,25,0,104
Wyoming,6/29/20,1450,20,33,0,105
Wyoming,6/30/20,1487,20,37,0,106
Wyoming,7/1/20,1514,20,27,0,107
Wyoming,7/2/20,1550,20,36,0,108
Wyoming,7/3/20,1582,20,32,0,109
Wyoming,7/4/20,1606,20,24,0,110
Wyoming,7/5/20,1634,20,28,0,111
Wyoming,7/6/20,1675,20,41,0,112
Wyoming,7/7/20,1709,21,34,1,113
Wyoming,7/8/20,1740,21,31,0,114
Wyoming,7/9/20,1769,21,29,0,115
Wyoming,7/10/20,1790,21,21,0,116
Wyoming,7/11/20,1839,21,49,0,117
Wyoming,7/12/20,1862,21,23,0,118
Wyoming,7/13/20,1903,21,41,0,119
Wyoming,7/14/20,1950,22,47,1,120
Wyoming,7/15/20,1985,22,35,0,121
Wyoming,7/16/20,2026,24,41,2,122
Wyoming,7/17/20,2069,24,43,0,123
Wyoming,7/18/20,2108,24,39,0,124
Wyoming,7/19/20,2126,25,18,1,125
Wyoming,7/20/20,2187,24,61,-1,126
Wyoming,7/21/20,2238,25,51,1,127
Wyoming,7/22/20,2288,25,50,0,128
Wyoming,7/23/20,2347,25,59,0,129
Wyoming,7/24/20,2405,25,58,0,130
Wyoming,7/25/20,2446,25,41,0,131
Wyoming,7/26/20,2475,25,29,0,132
Wyoming,7/27/20,2520,25,45,0,133
Wyoming,7/28/20,2589,26,69,1,134
Wyoming,7/29/20,2628,26,39,0,135
Wyoming,7/30/20,2686,26,58,0,136
Wyoming,7/31/20,2726,26,40,0,137
Wyoming,8/1/20,2769,26,43,0,138
Wyoming,8/2/20,2808,26,39,0,139
Wyoming,8/3/20,2848,27,40,1,140
Wyoming,8/4/20,2884,27,36,0,141
Wyoming,8/5/20,2923,27,39,0,142
Wyoming,8/6/20,2953,27,30,0,143
Wyoming,8/7/20,3000,28,47,1,144
Wyoming,8/8/20,3015,28,15,0,145
Wyoming,8/9/20,3050,28,35,0,146
Wyoming,8/10/20,3042,28,-8,0,147
Wyoming,8/11/20,3073,29,31,1,148
Wyoming,8/12/20,3086,29,13,0,149
Wyoming,8/13/20,3119,30,33,1,150
Wyoming,8/14/20,3183,30,64,0,151
Wyoming,8/15/20,3227,30,44,0,152
Wyoming,8/16/20,3286,30,59,0,153
Wyoming,8/17/20,3331,30,45,0,154
Wyoming,8/18/20,3360,30,29,0,155
Wyoming,8/19/20,3431,34,71,4,156
Wyoming,8/20/20,3457,34,26,0,157
Wyoming,8/21/20,3524,37,67,3,158
Wyoming,8/22/20,3543,37,19,0,159
Wyoming,8/23/20,3578,37,35,0,160
Wyoming,8/24/20,3603,37,25,0,161
Wyoming,8/25/20,3632,37,29,0,162
Wyoming,8/26/20,3680,37,48,0,163
Wyoming,8/27/20,3733,37,53,0,164
Wyoming,8/28/20,3803,37,70,0,165
Wyoming,8/29/20,3795,37,-8,0,166
Wyoming,8/30/20,3829,37,34,0,167
Wyoming,8/31/20,3850,37,21,0,168
Wyoming,9/1/20,3874,37,24,0,169
Wyoming,9/2/20,3911,41,37,4,170
Wyoming,9/3/20,3941,41,30,0,171
Wyoming,9/4/20,3990,42,49,1,172
Wyoming,9/5/20,3990,42,0,0,173
Wyoming,9/6/20,4032,42,42,0,174
Wyoming,9/7/20,4032,42,0,0,175
Wyoming,9/8/20,4105,42,73,0,176
Wyoming,9/9/20,4152,42,47,0,177
Wyoming,9/10/20,4199,42,47,0,178
Wyoming,9/11/20,4264,42,65,0,179
Wyoming,9/12/20,4297,42,33,0,180
Wyoming,9/13/20,4346,42,49,0,181
Wyoming,9/14/20,4394,42,48,0,182
Wyoming,9/15/20,4440,42,46,0,183
Wyoming,9/16/20,4566,50,126,8,184
Wyoming,9/17/20,4652,49,86,-1,185
Wyoming,9/18/20,4747,49,95,0,186
Wyoming,9/19/20,4781,49,34,0,187
Wyoming,9/20/20,4872,49,91,0,188
Wyoming,9/21/20,4944,49,72,0,189
Wyoming,9/22/20,5016,49,72,0,190
Wyoming,9/23/20,5169,50,153,1,191
Wyoming,9/24/20,5305,50,136,0,192
Wyoming,9/25/20,5420,50,115,0,193
Wyoming,9/26/20,5465,50,45,0,194
Wyoming,9/27/20,5633,50,168,0,195
Wyoming,9/28/20,5754,50,121,0,196
Wyoming,9/29/20,5821,50,67,0,197
Wyoming,9/30/20,5948,50,127,0,198
Wyoming,10/1/20,6083,53,135,3,199
Wyoming,10/2/20,6214,53,131,0,200
Wyoming,10/3/20,6365,53,151,0,201
Wyoming,10/4/20,6504,53,139,0,202
Wyoming,10/5/20,6629,53,125,0,203
Wyoming,10/6/20,6770,53,141,0,204
Wyoming,10/7/20,6899,53,129,0,205
Wyoming,10/8/20,7092,54,193,1,206
Wyoming,10/9/20,7335,54,243,0,207
Wyoming,10/10/20,7455,54,120,0,208
Wyoming,10/11/20,7611,54,156,0,209
Wyoming,10/12/20,7802,54,191,0,210
Wyoming,10/13/20,7964,57,162,3,211
Wyoming,10/14/20,8177,57,213,0,212
Wyoming,10/15/20,8375,57,198,0,213
Wyoming,10/16/20,8665,57,290,0,214
Wyoming,10/17/20,8816,57,151,0,215
Wyoming,10/18/20,9025,57,209,0,216
Wyoming,10/19/20,9311,57,286,0,217
Wyoming,10/20/20,9526,61,215,4,218
Wyoming,10/21/20,9848,61,322,0,219
Wyoming,10/22/20,10119,68,271,7,220
Wyoming,10/23/20,10545,68,426,0,221
Wyoming,10/24/20,10805,68,260,0,222
Wyoming,10/25/20,11041,68,236,0,223
Wyoming,10/26/20,11477,77,436,9,224
Wyoming,10/27/20,11806,77,329,0,225
Wyoming,10/28/20,12146,77,340,0,226
Wyoming,10/29/20,12507,87,361,10,227
Wyoming,10/30/20,13028,87,521,0,228
Wyoming,10/31/20,13298,87,270,0,229
Wyoming,11/1/20,13723,87,425,0,230
Wyoming,11/2/20,14167,97,444,10,231
Wyoming,11/3/20,14621,93,454,-4,232
Wyoming,11/4/20,15044,105,423,12,233
Wyoming,11/5/20,15409,105,365,0,234
Wyoming,11/6/20,16405,105,996,0,235
Wyoming,11/7/20,16597,114,192,9,236
Wyoming,11/8/20,17310,114,713,0,237
Wyoming,11/9/20,18010,114,700,0,238
Wyoming,11/10/20,19242,127,1232,13,239
Wyoming,11/11/20,19374,127,132,0,240
Wyoming,11/12/20,20479,127,1105,0,241
Wyoming,11/13/20,21341,127,862,0,242
Wyoming,11/14/20,21881,144,540,17,243
Wyoming,11/15/20,22494,144,613,0,244
Wyoming,11/16/20,23193,144,699,0,245
Wyoming,11/17/20,24453,155,1260,11,246
Wyoming,11/18/20,25275,155,822,0,247
Wyoming,11/19/20,26169,176,894,21,248
Wyoming,11/20/20,27129,176,960,0,249
Wyoming,11/21/20,27410,176,281,0,250
Wyoming,11/22/20,28169,176,759,0,251
Wyoming,11/23/20,29431,202,1262,26,252
Wyoming,11/24/20,29959,202,528,0,253
Wyoming,11/25/20,30761,215,802,13,254
Wyoming,11/26/20,30761,215,0,0,255
Wyoming,11/27/20,31773,215,1012,0,256
Wyoming,11/28/20,31928,215,155,0,257
Wyoming,11/29/20,32489,215,561,0,258
Wyoming,11/30/20,33305,215,816,0,259
Wyoming,12/1/20,33805,239,500,24,260
Wyoming,12/2/20,34507,239,702,0,261
Wyoming,12/3/20,35078,266,571,27,262
Wyoming,12/4/20,35737,266,659,0,263
Wyoming,12/5/20,35941,266,204,0,264
Wyoming,12/6/20,36317,266,376,0,265
Wyoming,12/7/20,36985,289,668,23,266
Wyoming,12/8/20,37475,289,490,0,267
Wyoming,12/9/20,37885,299,410,10,268
Wyoming,12/10/20,38223,299,338,0,269
Wyoming,12/11/20,38785,321,562,22,270
Wyoming,12/12/20,38907,321,122,0,271
Wyoming,12/13/20,39360,321,453,0,272
Wyoming,12/14/20,39775,321,415,0,273
Wyoming,12/15/20,40064,328,289,7,274
Wyoming,12/16/20,40310,328,246,0,275
Wyoming,12/17/20,40593,351,283,23,276
Wyoming,12/18/20,41359,351,766,0,277
Wyoming,12/19/20,41488,351,129,0,278
Wyoming,12/20/20,41662,351,174,0,279
Wyoming,12/21/20,42118,351,456,0,280
Wyoming,12/22/20,42379,373,261,22,281
Wyoming,12/23/20,42664,373,285,0,282
Wyoming,12/24/20,42664,373,0,0,283
Wyoming,12/25/20,42664,373,0,0,284
Wyoming,12/26/20,43146,373,482,0,285
Wyoming,12/27/20,43200,373,54,0,286
Wyoming,12/28/20,43704,405,504,32,287
Wyoming,12/29/20,43923,405,219,0,288
Wyoming,12/30/20,44133,405,210,0,289
Wyoming,12/31/20,44409,438,276,33,290
Wyoming,1/1/21,44409,438,0,0,291
Wyoming,1/2/21,44573,438,164,0,292
Wyoming,1/3/21,44875,438,302,0,293
Wyoming,1/4/21,45257,438,382,0,294
Wyoming,1/5/21,45569,464,312,26,295
Wyoming,1/6/21,45890,464,321,0,296
Wyoming,1/7/21,46168,489,278,25,297
Wyoming,1/8/21,46647,489,479,0,298
Wyoming,1/9/21,46719,489,72,0,299
Wyoming,1/10/21,46832,489,113,0,300
Wyoming,1/11/21,47395,489,563,0,301
Wyoming,1/12/21,48072,522,677,33,302
Wyoming,1/13/21,48289,522,217,0,303
Wyoming,1/14/21,48701,522,412,0,304
Wyoming,1/15/21,48909,522,208,0,305
Wyoming,1/16/21,49068,522,159,0,306
Wyoming,1/17/21,49363,522,295,0,307
Wyoming,1/18/21,49708,522,345,0,308
Wyoming,1/19/21,49922,550,214,28,309
Wyoming,1/20/21,50124,550,202,0,310
Wyoming,1/21/21,50424,550,300,0,311
Wyoming,1/22/21,50583,571,159,21,312
Wyoming,1/23/21,50583,571,0,0,313
Wyoming,1/24/21,50898,571,315,0,314
Wyoming,1/25/21,51062,571,164,0,315
Wyoming,1/26/21,51152,596,90,25,316
Wyoming,1/27/21,51368,596,216,0,317
Wyoming,1/28/21,51430,596,62,0,318
Wyoming,1/29/21,51690,596,260,0,319
Wyoming,1/30/21,51704,596,14,0,320
Wyoming,1/31/21,51912,596,208,0,321
Wyoming,2/1/21,52057,596,145,0,322
Wyoming,2/2/21,52128,624,71,28,323
Wyoming,2/3/21,52288,624,160,0,324
Wyoming,2/4/21,52468,624,180,0,325
Wyoming,2/5/21,52576,624,108,0,326
Wyoming,2/6/21,52618,624,42,0,327
Wyoming,2/7/21,52627,624,9,0,328
Wyoming,2/8/21,52784,624,157,0,329
Wyoming,2/9/21,52830,647,46,23,330
Wyoming,2/10/21,52874,647,44,0,331
Wyoming,2/11/21,52979,647,105,0,332
Wyoming,2/12/21,53086,647,107,0,333
Wyoming,2/13/21,53086,647,0,0,334
Wyoming,2/14/21,53136,647,50,0,335
Wyoming,2/15/21,53136,647,0,0,336
Wyoming,2/16/21,53351,662,215,15,337
Wyoming,2/17/21,53450,662,99,0,338
Wyoming,2/18/21,53531,662,81,0,339
Wyoming,2/19/21,53683,662,152,0,340
Wyoming,2/20/21,53683,662,0,0,341
Wyoming,2/21/21,53795,662,112,0,342
Wyoming,2/22/21,53900,662,105,0,343
Wyoming,2/23/21,53944,671,44,9,344
Wyoming,2/24/21,53988,671,44,0,345
Wyoming,2/25/21,54202,671,214,0,346
Wyoming,2/26/21,54350,671,148,0,347
Wyoming,2/27/21,54350,671,0,0,348
Wyoming,2/28/21,54394,671,44,0,349
Wyoming,3/1/21,54471,671,77,0,350
Wyoming,3/2/21,54527,682,56,11,351
Wyoming,3/3/21,54616,682,89,0,352
Wyoming,3/4/21,54685,682,69,0,353
Wyoming,3/5/21,54764,682,79,0,354
Wyoming,3/6/21,54764,682,0,0,355
Wyoming,3/7/21,54764,682,0,0,356
Wyoming,3/8/21,54903,682,139,0,357
Wyoming,3/9/21,54972,691,69,9,358
Wyoming,3/10/21,55014,691,42,0,359
Wyoming,3/11/21,55112,691,98,0,360
Wyoming,3/12/21,55163,691,51,0,361
Wyoming,3/13/21,55163,691,0,0,362
Wyoming,3/14/21,55163,691,0,0,363
Wyoming,3/15/21,55327,691,164,0,364
Wyoming,3/16/21,55352,693,25,2,365
Wyoming,3/17/21,55449,693,97,0,366
Wyoming,3/18/21,55479,693,30,0,367
Wyoming,3/19/21,55581,693,102,0,368
Wyoming,3/20/21,55581,693,0,0,369
Wyoming,3/21/21,55581,693,0,0,370
Wyoming,3/22/21,55730,693,149,0,371
Wyoming,3/23/21,55799,695,69,2,372
Wyoming,3/24/21,55887,695,88,0,373
Wyoming,3/25/21,55920,695,33,0,374
Wyoming,3/26/21,56046,695,126,0,375
Wyoming,3/27/21,56046,695,0,0,376
Wyoming,3/28/21,56046,695,0,0,377
Wyoming,3/29/21,56190,695,144,0,378
Wyoming,3/30/21,56236,695,46,0,379
Wyoming,3/31/21,56310,700,74,5,380
Wyoming,4/1/21,56389,700,79,0,381
Wyoming,4/2/21,56447,700,58,0,382
Wyoming,4/3/21,56447,700,0,0,383
Wyoming,4/4/21,56447,700,0,0,384
Wyoming,4/5/21,56529,700,82,0,385
Wyoming,4/6/21,56619,701,90,1,386
Wyoming,4/7/21,56700,701,81,0,387
Wyoming,4/8/21,56802,701,102,0,388
Wyoming,4/9/21,56873,701,71,0,389
Wyoming,4/10/21,56873,701,0,0,390
Wyoming,4/11/21,56873,701,0,0,391
Wyoming,4/12/21,56988,701,115,0,392
Wyoming,4/13/21,57070,703,82,2,393
Wyoming,4/14/21,57127,703,57,0,394
Wyoming,4/15/21,57203,703,76,0,395
Wyoming,4/16/21,57267,703,64,0,396
Wyoming,4/17/21,57267,703,0,0,397
Wyoming,4/18/21,57267,703,0,0,398
Wyoming,4/19/21,57378,703,111,0,399
Wyoming,4/20/21,57456,705,78,2,400
Wyoming,4/21/21,57518,705,62,0,401
Wyoming,4/22/21,57613,705,95,0,402
Wyoming,4/23/21,57696,705,83,0,403
Wyoming,4/24/21,57696,705,0,0,404
Wyoming,4/25/21,57696,705,0,0,405
Wyoming,4/26/21,57818,705,122,0,406
Wyoming,4/27/21,57883,707,65,2,407
Wyoming,4/28/21,57999,707,116,0,408
Wyoming,4/29/21,58069,707,70,0,409
Wyoming,4/30/21,58142,707,73,0,410
Wyoming,5/1/21,58142,707,0,0,411
Wyoming,5/2/21,58142,707,0,0,412
Wyoming,5/3/21,58290,707,148,0,413
Wyoming,5/4/21,58367,710,77,3,414
Wyoming,5/5/21,58438,710,71,0,415
Wyoming,5/6/21,58527,710,89,0,416
Wyoming,5/7/21,58623,710,96,0,417
Wyoming,5/8/21,58623,710,0,0,418
Wyoming,5/9/21,58623,710,0,0,419
Wyoming,5/10/21,58764,710,141,0,420
Wyoming,5/11/21,58835,712,71,2,421
Wyoming,5/12/21,58893,712,58,0,422
Wyoming,5/13/21,58996,712,103,0,423
Wyoming,5/14/21,59079,712,83,0,424
Wyoming,5/15/21,59079,712,0,0,425
Wyoming,5/16/21,59079,712,0,0,426
Wyoming,5/17/21,59222,712,143,0,427
Wyoming,5/18/21,59321,713,99,1,428
Wyoming,5/19/21,59376,713,55,0,429
Wyoming,5/20/21,59590,713,214,0,430
Wyoming,5/21/21,59661,713,71,0,431
Wyoming,5/22/21,59661,713,0,0,432
Wyoming,5/23/21,59661,713,0,0,433
Wyoming,5/24/21,59797,713,136,0,434
Wyoming,5/25/21,59870,719,73,6,435
Wyoming,5/26/21,59961,719,91,0,436
Wyoming,5/27/21,60048,719,87,0,437
Wyoming,5/28/21,60144,719,96,0,438
Wyoming,5/29/21,60144,719,0,0,439
Wyoming,5/30/21,60144,719,0,0,440
Wyoming,5/31/21,60144,719,0,0,441
Wyoming,6/1/21,60374,720,230,1,442
Wyoming,6/2/21,60447,720,73,0,443
Wyoming,6/3/21,60549,720,102,0,444
Wyoming,6/4/21,60628,720,79,0,445
Wyoming,6/5/21,60628,720,0,0,446
Wyoming,6/6/21,60628,720,0,0,447
Wyoming,6/7/21,60779,720,151,0,448
Wyoming,6/8/21,60849,725,70,5,449
Wyoming,6/9/21,60941,725,92,0,450
Wyoming,6/10/21,61012,725,71,0,451
Wyoming,6/11/21,61114,725,102,0,452
Wyoming,6/12/21,61114,725,0,0,453
Wyoming,6/13/21,61114,725,0,0,454
