country,date,confirmed,deaths,new_confirmed,new_deaths,tagged_day
Angola,4/18/20,24,2,5,0,1
Angola,4/19/20,24,2,0,0,2
Angola,4/20/20,24,2,0,0,3
Angola,4/21/20,24,2,0,0,4
Angola,4/22/20,25,2,1,0,5
Angola,4/23/20,25,2,0,0,6
Angola,4/24/20,25,2,0,0,7
Angola,4/25/20,25,2,0,0,8
Angola,4/26/20,26,2,1,0,9
Angola,4/27/20,27,2,1,0,10
Angola,4/28/20,27,2,0,0,11
Angola,4/29/20,27,2,0,0,12
Angola,4/30/20,27,2,0,0,13
Angola,5/1/20,30,2,3,0,14
Angola,5/2/20,35,2,5,0,15
Angola,5/3/20,35,2,0,0,16
Angola,5/4/20,35,2,0,0,17
Angola,5/5/20,36,2,1,0,18
Angola,5/6/20,36,2,0,0,19
Angola,5/7/20,36,2,0,0,20
Angola,5/8/20,43,2,7,0,21
Angola,5/9/20,43,2,0,0,22
Angola,5/10/20,45,2,2,0,23
Angola,5/11/20,45,2,0,0,24
Angola,5/12/20,45,2,0,0,25
Angola,5/13/20,45,2,0,0,26
Angola,5/14/20,48,2,3,0,27
Angola,5/15/20,48,2,0,0,28
Angola,5/16/20,48,2,0,0,29
Angola,5/17/20,48,2,0,0,30
Angola,5/18/20,50,3,2,1,31
Angola,5/19/20,52,3,2,0,32
Angola,5/20/20,52,3,0,0,33
Angola,5/21/20,58,3,6,0,34
Angola,5/22/20,60,3,2,0,35
Angola,5/23/20,61,4,1,1,36
Angola,5/24/20,69,4,8,0,37
Angola,5/25/20,70,4,1,0,38
Angola,5/26/20,70,4,0,0,39
Angola,5/27/20,71,4,1,0,40
Angola,5/28/20,74,4,3,0,41
Angola,5/29/20,81,4,7,0,42
Angola,5/30/20,84,4,3,0,43
Angola,5/31/20,86,4,2,0,44
Angola,6/1/20,86,4,0,0,45
Angola,6/2/20,86,4,0,0,46
Angola,6/3/20,86,4,0,0,47
Angola,6/4/20,86,4,0,0,48
Angola,6/5/20,86,4,0,0,49
Angola,6/6/20,88,4,2,0,50
Angola,6/7/20,91,4,3,0,51
Angola,6/8/20,92,4,1,0,52
Angola,6/9/20,96,4,4,0,53
Angola,6/10/20,113,4,17,0,54
Angola,6/11/20,118,5,5,1,55
Angola,6/12/20,130,5,12,0,56
Angola,6/13/20,138,6,8,1,57
Angola,6/14/20,140,6,2,0,58
Angola,6/15/20,142,6,2,0,59
Angola,6/16/20,148,6,6,0,60
Angola,6/17/20,155,7,7,1,61
Angola,6/18/20,166,8,11,1,62
Angola,6/19/20,172,8,6,0,63
Angola,6/20/20,176,9,4,1,64
Angola,6/21/20,183,9,7,0,65
Angola,6/22/20,186,10,3,1,66
Angola,6/23/20,189,10,3,0,67
Angola,6/24/20,197,10,8,0,68
Angola,6/25/20,212,10,15,0,69
Angola,6/26/20,212,10,0,0,70
Angola,6/27/20,259,10,47,0,71
Angola,6/28/20,267,11,8,1,72
Angola,6/29/20,276,11,9,0,73
Angola,6/30/20,284,13,8,2,74
Angola,7/1/20,291,15,7,2,75
Angola,7/2/20,315,17,24,2,76
Angola,7/3/20,328,18,13,1,77
Angola,7/4/20,346,19,18,1,78
Angola,7/5/20,346,19,0,0,79
Angola,7/6/20,346,19,0,0,80
Angola,7/7/20,386,21,40,2,81
Angola,7/8/20,386,21,0,0,82
Angola,7/9/20,396,22,10,1,83
Angola,7/10/20,458,23,62,1,84
Angola,7/11/20,462,23,4,0,85
Angola,7/12/20,506,26,44,3,86
Angola,7/13/20,525,26,19,0,87
Angola,7/14/20,541,26,16,0,88
Angola,7/15/20,576,27,35,1,89
Angola,7/16/20,607,28,31,1,90
Angola,7/17/20,638,29,31,1,91
Angola,7/18/20,687,29,49,0,92
Angola,7/19/20,705,29,18,0,93
Angola,7/20/20,749,29,44,0,94
Angola,7/21/20,779,30,30,1,95
Angola,7/22/20,812,33,33,3,96
Angola,7/23/20,851,33,39,0,97
Angola,7/24/20,880,35,29,2,98
Angola,7/25/20,916,39,36,4,99
Angola,7/26/20,932,40,16,1,100
Angola,7/27/20,950,41,18,1,101
Angola,7/28/20,1000,47,50,6,102
Angola,7/29/20,1078,48,78,1,103
Angola,7/30/20,1109,51,31,3,104
Angola,7/31/20,1148,52,39,1,105
Angola,8/1/20,1164,54,16,2,106
Angola,8/2/20,1199,55,35,1,107
Angola,8/3/20,1280,58,81,3,108
Angola,8/4/20,1344,59,64,1,109
Angola,8/5/20,1395,62,51,3,110
Angola,8/6/20,1483,64,88,2,111
Angola,8/7/20,1538,67,55,3,112
Angola,8/8/20,1572,70,34,3,113
Angola,8/9/20,1672,75,100,5,114
Angola,8/10/20,1679,78,7,3,115
Angola,8/11/20,1735,80,56,2,116
Angola,8/12/20,1762,80,27,0,117
Angola,8/13/20,1815,80,53,0,118
Angola,8/14/20,1852,86,37,6,119
Angola,8/15/20,1879,86,27,0,120
Angola,8/16/20,1906,88,27,2,121
Angola,8/17/20,1935,88,29,0,122
Angola,8/18/20,1966,90,31,2,123
Angola,8/19/20,2015,92,49,2,124
Angola,8/20/20,2044,93,29,1,125
Angola,8/21/20,2068,94,24,1,126
Angola,8/22/20,2134,94,66,0,127
Angola,8/23/20,2171,96,37,2,128
Angola,8/24/20,2222,100,51,4,129
Angola,8/25/20,2283,102,61,2,130
Angola,8/26/20,2332,103,49,1,131
Angola,8/27/20,2415,105,83,2,132
Angola,8/28/20,2471,106,56,1,133
Angola,8/29/20,2551,107,80,1,134
Angola,8/30/20,2624,107,73,0,135
Angola,8/31/20,2654,108,30,1,136
Angola,9/1/20,2729,109,75,1,137
Angola,9/2/20,2777,112,48,3,138
Angola,9/3/20,2805,113,28,1,139
Angola,9/4/20,2876,115,71,2,140
Angola,9/5/20,2935,117,59,2,141
Angola,9/6/20,2965,117,30,0,142
Angola,9/7/20,2981,120,16,3,143
Angola,9/8/20,3033,124,52,4,144
Angola,9/9/20,3092,126,59,2,145
Angola,9/10/20,3217,130,125,4,146
Angola,9/11/20,3279,131,62,1,147
Angola,9/12/20,3335,132,56,1,148
Angola,9/13/20,3388,134,53,2,149
Angola,9/14/20,3439,136,51,2,150
Angola,9/15/20,3569,139,130,3,151
Angola,9/16/20,3675,143,106,4,152
Angola,9/17/20,3789,144,114,1,153
Angola,9/18/20,3848,147,59,3,154
Angola,9/19/20,3901,147,53,0,155
Angola,9/20/20,3991,152,90,5,156
Angola,9/21/20,4117,154,126,2,157
Angola,9/22/20,4236,155,119,1,158
Angola,9/23/20,4363,159,127,4,159
Angola,9/24/20,4475,162,112,3,160
Angola,9/25/20,4590,167,115,5,161
Angola,9/26/20,4672,171,82,4,162
Angola,9/27/20,4718,174,46,3,163
Angola,9/28/20,4797,176,79,2,164
Angola,9/29/20,4905,179,108,3,165
Angola,9/30/20,4972,183,67,4,166
Angola,10/1/20,5114,185,142,2,167
Angola,10/2/20,5211,189,97,4,168
Angola,10/3/20,5370,193,159,4,169
Angola,10/4/20,5402,195,32,2,170
Angola,10/5/20,5530,199,128,4,171
Angola,10/6/20,5725,211,195,12,172
Angola,10/7/20,5725,211,0,0,173
Angola,10/8/20,5958,208,233,-3,174
Angola,10/9/20,6031,212,73,4,175
Angola,10/10/20,6246,218,215,6,176
Angola,10/11/20,6366,218,120,0,177
Angola,10/12/20,6488,219,122,1,178
Angola,10/13/20,6680,222,192,3,179
Angola,10/14/20,6846,227,166,5,180
Angola,10/15/20,7096,228,250,1,181
Angola,10/16/20,7222,234,126,6,182
Angola,10/17/20,7462,241,240,7,183
Angola,10/18/20,7622,247,160,6,184
Angola,10/19/20,7829,248,207,1,185
Angola,10/20/20,8049,251,220,3,186
Angola,10/21/20,8338,255,289,4,187
Angola,10/22/20,8582,260,244,5,188
Angola,10/23/20,8829,265,247,5,189
Angola,10/24/20,9026,267,197,2,190
Angola,10/25/20,9381,268,355,1,191
Angola,10/26/20,9644,270,263,2,192
Angola,10/27/20,9871,271,227,1,193
Angola,10/28/20,10074,275,203,4,194
Angola,10/29/20,10269,275,195,0,195
Angola,10/30/20,10558,279,289,4,196
Angola,10/31/20,10805,284,247,5,197
Angola,11/1/20,11035,286,230,2,198
Angola,11/2/20,11228,289,193,3,199
Angola,11/3/20,11577,291,349,2,200
Angola,11/4/20,11813,296,236,5,201
Angola,11/5/20,12102,299,289,3,202
Angola,11/6/20,12223,300,121,1,203
Angola,11/7/20,12335,303,112,3,204
Angola,11/8/20,12433,307,98,4,205
Angola,11/9/20,12680,308,247,1,206
Angola,11/10/20,12816,308,136,0,207
Angola,11/11/20,12953,312,137,4,208
Angola,11/12/20,13053,315,100,3,209
Angola,11/13/20,13228,317,175,2,210
Angola,11/14/20,13374,322,146,5,211
Angola,11/15/20,13451,322,77,0,212
Angola,11/16/20,13615,324,164,2,213
Angola,11/17/20,13818,328,203,4,214
Angola,11/18/20,13922,332,104,4,215
Angola,11/19/20,14134,333,212,1,216
Angola,11/20/20,14267,334,133,1,217
Angola,11/21/20,14413,336,146,2,218
Angola,11/22/20,14493,337,80,1,219
Angola,11/23/20,14634,337,141,0,220
Angola,11/24/20,14742,338,108,1,221
Angola,11/25/20,14821,340,79,2,222
Angola,11/26/20,14920,341,99,1,223
Angola,11/27/20,15008,342,88,1,224
Angola,11/28/20,15087,345,79,3,225
Angola,11/29/20,15103,346,16,1,226
Angola,11/30/20,15139,348,36,2,227
Angola,12/1/20,15251,350,112,2,228
Angola,12/2/20,15319,351,68,1,229
Angola,12/3/20,15361,352,42,1,230
Angola,12/4/20,15493,353,132,1,231
Angola,12/5/20,15536,354,43,1,232
Angola,12/6/20,15591,354,55,0,233
Angola,12/7/20,15648,354,57,0,234
Angola,12/8/20,15729,355,81,1,235
Angola,12/9/20,15804,358,75,3,236
Angola,12/10/20,15925,362,121,4,237
Angola,12/11/20,16061,365,136,3,238
Angola,12/12/20,16161,366,100,1,239
Angola,12/13/20,16188,371,27,5,240
Angola,12/14/20,16277,372,89,1,241
Angola,12/15/20,16362,372,85,0,242
Angola,12/16/20,16407,379,45,7,243
Angola,12/17/20,16484,382,77,3,244
Angola,12/18/20,16562,384,78,2,245
Angola,12/19/20,16626,386,64,2,246
Angola,12/20/20,16644,387,18,1,247
Angola,12/21/20,16686,390,42,3,248
Angola,12/22/20,16802,393,116,3,249
Angola,12/23/20,16931,393,129,0,250
Angola,12/24/20,17029,393,98,0,251
Angola,12/25/20,17099,396,70,3,252
Angola,12/26/20,17149,399,50,3,253
Angola,12/27/20,17240,399,91,0,254
Angola,12/28/20,17296,403,56,4,255
Angola,12/29/20,17371,403,75,0,256
Angola,12/30/20,17433,405,62,2,257
Angola,12/31/20,17553,405,120,0,258
Angola,1/1/21,17568,405,15,0,259
Angola,1/2/21,17608,407,40,2,260
Angola,1/3/21,17642,408,34,1,261
Angola,1/4/21,17684,408,42,0,262
Angola,1/5/21,17756,410,72,2,263
Angola,1/6/21,17864,413,108,3,264
Angola,1/7/21,17974,413,110,0,265
Angola,1/8/21,18066,415,92,2,266
Angola,1/9/21,18156,416,90,1,267
Angola,1/10/21,18193,416,37,0,268
Angola,1/11/21,18254,420,61,4,269
Angola,1/12/21,18343,422,89,2,270
Angola,1/13/21,18425,424,82,2,271
Angola,1/14/21,18613,425,188,1,272
Angola,1/15/21,18679,428,66,3,273
Angola,1/16/21,18765,431,86,3,274
Angola,1/17/21,18875,436,110,5,275
Angola,1/18/21,18926,439,51,3,276
Angola,1/19/21,19011,442,85,3,277
Angola,1/20/21,19093,444,82,2,278
Angola,1/21/21,19177,448,84,4,279
Angola,1/22/21,19269,452,92,4,280
Angola,1/23/21,19367,457,98,5,281
Angola,1/24/21,19399,459,32,2,282
Angola,1/25/21,19476,461,77,2,283
Angola,1/26/21,19553,462,77,1,284
Angola,1/27/21,19580,462,27,0,285
Angola,1/28/21,19672,464,92,2,286
Angola,1/29/21,19723,464,51,0,287
Angola,1/30/21,19782,464,59,0,288
Angola,1/31/21,19796,466,14,2,289
Angola,2/1/21,19829,466,33,0,290
Angola,2/2/21,19900,468,71,2,291
Angola,2/3/21,19937,470,37,2,292
Angola,2/4/21,19996,473,59,3,293
Angola,2/5/21,20030,474,34,1,294
Angola,2/6/21,20062,475,32,1,295
Angola,2/7/21,20086,475,24,0,296
Angola,2/8/21,20112,475,26,0,297
Angola,2/9/21,20163,478,51,3,298
Angola,2/10/21,20210,487,47,9,299
Angola,2/11/21,20261,487,51,0,300
Angola,2/12/21,20294,490,33,3,301
Angola,2/13/21,20329,491,35,1,302
Angola,2/14/21,20366,492,37,1,303
Angola,2/15/21,20381,493,15,1,304
Angola,2/16/21,20389,494,8,1,305
Angola,2/17/21,20400,496,11,2,306
Angola,2/18/21,20452,498,52,2,307
Angola,2/19/21,20478,498,26,0,308
Angola,2/20/21,20499,498,21,0,309
Angola,2/21/21,20519,499,20,1,310
Angola,2/22/21,20548,499,29,0,311
Angola,2/23/21,20584,500,36,1,312
Angola,2/24/21,20640,501,56,1,313
Angola,2/25/21,20695,502,55,1,314
Angola,2/26/21,20759,504,64,2,315
Angola,2/27/21,20782,506,23,2,316
Angola,2/28/21,20807,508,25,2,317
Angola,3/1/21,20854,508,47,0,318
Angola,3/2/21,20882,510,28,2,319
Angola,3/3/21,20923,510,41,0,320
Angola,3/4/21,20981,511,58,1,321
Angola,3/5/21,21026,511,45,0,322
Angola,3/6/21,21055,512,29,1,323
Angola,3/7/21,21086,514,31,2,324
Angola,3/8/21,21108,515,22,1,325
Angola,3/9/21,21114,516,6,1,326
Angola,3/10/21,21161,516,47,0,327
Angola,3/11/21,21205,517,44,1,328
Angola,3/12/21,21265,519,60,2,329
