country,date,confirmed,deaths,new_confirmed,new_deaths,tagged_day
Barbados,3/27/20,24,0,6,0,1
Barbados,3/28/20,26,0,2,0,2
Barbados,3/29/20,33,0,7,0,3
Barbados,3/30/20,33,0,0,0,4
Barbados,3/31/20,34,0,1,0,5
Barbados,4/1/20,34,0,0,0,6
Barbados,4/2/20,46,0,12,0,7
Barbados,4/3/20,51,0,5,0,8
Barbados,4/4/20,52,0,1,0,9
Barbados,4/5/20,56,1,4,1,10
Barbados,4/6/20,60,2,4,1,11
Barbados,4/7/20,63,3,3,1,12
Barbados,4/8/20,63,3,0,0,13
Barbados,4/9/20,66,3,3,0,14
Barbados,4/10/20,67,4,1,1,15
Barbados,4/11/20,68,4,1,0,16
Barbados,4/12/20,71,4,3,0,17
Barbados,4/13/20,72,4,1,0,18
Barbados,4/14/20,72,4,0,0,19
Barbados,4/15/20,73,5,1,1,20
Barbados,4/16/20,75,5,2,0,21
Barbados,4/17/20,75,5,0,0,22
Barbados,4/18/20,75,5,0,0,23
Barbados,4/19/20,75,5,0,0,24
Barbados,4/20/20,75,5,0,0,25
Barbados,4/21/20,75,5,0,0,26
Barbados,4/22/20,75,5,0,0,27
Barbados,4/23/20,76,6,1,1,28
Barbados,4/24/20,77,6,1,0,29
Barbados,4/25/20,79,6,2,0,30
Barbados,4/26/20,79,6,0,0,31
Barbados,4/27/20,80,6,1,0,32
Barbados,4/28/20,80,6,0,0,33
Barbados,4/29/20,80,7,0,1,34
Barbados,4/30/20,81,7,1,0,35
Barbados,5/1/20,81,7,0,0,36
Barbados,5/2/20,81,7,0,0,37
Barbados,5/3/20,82,7,1,0,38
Barbados,5/4/20,82,7,0,0,39
Barbados,5/5/20,82,7,0,0,40
Barbados,5/6/20,82,7,0,0,41
Barbados,5/7/20,82,7,0,0,42
Barbados,5/8/20,83,7,1,0,43
Barbados,5/9/20,84,7,1,0,44
Barbados,5/10/20,84,7,0,0,45
Barbados,5/11/20,84,7,0,0,46
Barbados,5/12/20,85,7,1,0,47
Barbados,5/13/20,85,7,0,0,48
Barbados,5/14/20,85,7,0,0,49
Barbados,5/15/20,85,7,0,0,50
Barbados,5/16/20,86,7,1,0,51
Barbados,5/17/20,88,7,2,0,52
Barbados,5/18/20,88,7,0,0,53
Barbados,5/19/20,90,7,2,0,54
Barbados,5/20/20,90,7,0,0,55
Barbados,5/21/20,90,7,0,0,56
Barbados,5/22/20,90,7,0,0,57
Barbados,5/23/20,92,7,2,0,58
Barbados,5/24/20,92,7,0,0,59
Barbados,5/25/20,92,7,0,0,60
Barbados,5/26/20,92,7,0,0,61
Barbados,5/27/20,92,7,0,0,62
Barbados,5/28/20,92,7,0,0,63
Barbados,5/29/20,92,7,0,0,64
Barbados,5/30/20,92,7,0,0,65
Barbados,5/31/20,92,7,0,0,66
Barbados,6/1/20,92,7,0,0,67
Barbados,6/2/20,92,7,0,0,68
Barbados,6/3/20,92,7,0,0,69
Barbados,6/4/20,92,7,0,0,70
Barbados,6/5/20,92,7,0,0,71
Barbados,6/6/20,92,7,0,0,72
Barbados,6/7/20,92,7,0,0,73
Barbados,6/8/20,92,7,0,0,74
Barbados,6/9/20,92,7,0,0,75
Barbados,6/10/20,96,7,4,0,76
Barbados,6/11/20,96,7,0,0,77
Barbados,6/12/20,96,7,0,0,78
Barbados,6/13/20,96,7,0,0,79
Barbados,6/14/20,96,7,0,0,80
Barbados,6/15/20,97,7,1,0,81
Barbados,6/16/20,97,7,0,0,82
Barbados,6/17/20,97,7,0,0,83
Barbados,6/18/20,97,7,0,0,84
Barbados,6/19/20,97,7,0,0,85
Barbados,6/20/20,97,7,0,0,86
Barbados,6/21/20,97,7,0,0,87
Barbados,6/22/20,97,7,0,0,88
Barbados,6/23/20,97,7,0,0,89
Barbados,6/24/20,97,7,0,0,90
Barbados,6/25/20,97,7,0,0,91
Barbados,6/26/20,97,7,0,0,92
Barbados,6/27/20,97,7,0,0,93
Barbados,6/28/20,97,7,0,0,94
Barbados,6/29/20,97,7,0,0,95
Barbados,6/30/20,97,7,0,0,96
Barbados,7/1/20,97,7,0,0,97
Barbados,7/2/20,97,7,0,0,98
Barbados,7/3/20,97,7,0,0,99
Barbados,7/4/20,97,7,0,0,100
Barbados,7/5/20,98,7,1,0,101
Barbados,7/6/20,98,7,0,0,102
Barbados,7/7/20,98,7,0,0,103
Barbados,7/8/20,98,7,0,0,104
Barbados,7/9/20,98,7,0,0,105
Barbados,7/10/20,98,7,0,0,106
Barbados,7/11/20,103,7,5,0,107
Barbados,7/12/20,103,7,0,0,108
Barbados,7/13/20,103,7,0,0,109
Barbados,7/14/20,103,7,0,0,110
Barbados,7/15/20,104,7,1,0,111
Barbados,7/16/20,104,7,0,0,112
Barbados,7/17/20,104,7,0,0,113
Barbados,7/18/20,104,7,0,0,114
Barbados,7/19/20,105,7,1,0,115
Barbados,7/20/20,106,7,1,0,116
Barbados,7/21/20,106,7,0,0,117
Barbados,7/22/20,106,7,0,0,118
Barbados,7/23/20,106,7,0,0,119
Barbados,7/24/20,108,7,2,0,120
Barbados,7/25/20,108,7,0,0,121
Barbados,7/26/20,110,7,2,0,122
Barbados,7/27/20,110,7,0,0,123
Barbados,7/28/20,110,7,0,0,124
Barbados,7/29/20,110,7,0,0,125
Barbados,7/30/20,110,7,0,0,126
Barbados,7/31/20,110,7,0,0,127
Barbados,8/1/20,122,7,12,0,128
Barbados,8/2/20,132,7,10,0,129
Barbados,8/3/20,132,7,0,0,130
Barbados,8/4/20,132,7,0,0,131
Barbados,8/5/20,133,7,1,0,132
Barbados,8/6/20,133,7,0,0,133
Barbados,8/7/20,138,7,5,0,134
Barbados,8/8/20,138,7,0,0,135
Barbados,8/9/20,142,7,4,0,136
Barbados,8/10/20,142,7,0,0,137
Barbados,8/11/20,143,7,1,0,138
Barbados,8/12/20,144,7,1,0,139
Barbados,8/13/20,144,7,0,0,140
Barbados,8/14/20,148,7,4,0,141
Barbados,8/15/20,150,7,2,0,142
Barbados,8/16/20,151,7,1,0,143
Barbados,8/17/20,152,7,1,0,144
Barbados,8/18/20,153,7,1,0,145
Barbados,8/19/20,155,7,2,0,146
Barbados,8/20/20,156,7,1,0,147
Barbados,8/21/20,157,7,1,0,148
Barbados,8/22/20,158,7,1,0,149
Barbados,8/23/20,161,7,3,0,150
Barbados,8/24/20,161,7,0,0,151
Barbados,8/25/20,164,7,3,0,152
Barbados,8/26/20,165,7,1,0,153
Barbados,8/27/20,165,7,0,0,154
Barbados,8/28/20,166,7,1,0,155
Barbados,8/29/20,170,7,4,0,156
Barbados,8/30/20,173,7,3,0,157
Barbados,8/31/20,174,7,1,0,158
Barbados,9/1/20,176,7,2,0,159
Barbados,9/2/20,176,7,0,0,160
Barbados,9/3/20,177,7,1,0,161
Barbados,9/4/20,178,7,1,0,162
Barbados,9/5/20,178,7,0,0,163
Barbados,9/6/20,178,7,0,0,164
Barbados,9/7/20,179,7,1,0,165
Barbados,9/8/20,180,7,1,0,166
Barbados,9/9/20,180,7,0,0,167
Barbados,9/10/20,180,7,0,0,168
Barbados,9/11/20,180,7,0,0,169
Barbados,9/12/20,180,7,0,0,170
Barbados,9/13/20,181,7,1,0,171
Barbados,9/14/20,183,7,2,0,172
Barbados,9/15/20,184,7,1,0,173
Barbados,9/16/20,185,7,1,0,174
Barbados,9/17/20,185,7,0,0,175
Barbados,9/18/20,185,7,0,0,176
Barbados,9/19/20,185,7,0,0,177
Barbados,9/20/20,189,7,4,0,178
Barbados,9/21/20,189,7,0,0,179
Barbados,9/22/20,189,7,0,0,180
Barbados,9/23/20,189,7,0,0,181
Barbados,9/24/20,189,7,0,0,182
Barbados,9/25/20,190,7,1,0,183
Barbados,9/26/20,190,7,0,0,184
Barbados,9/27/20,190,7,0,0,185
Barbados,9/28/20,190,7,0,0,186
Barbados,9/29/20,190,7,0,0,187
Barbados,9/30/20,190,7,0,0,188
Barbados,10/1/20,193,7,3,0,189
Barbados,10/2/20,193,7,0,0,190
Barbados,10/3/20,196,7,3,0,191
Barbados,10/4/20,199,7,3,0,192
Barbados,10/5/20,200,7,1,0,193
Barbados,10/6/20,200,7,0,0,194
Barbados,10/7/20,203,7,3,0,195
Barbados,10/8/20,203,7,0,0,196
Barbados,10/9/20,204,7,1,0,197
Barbados,10/10/20,206,7,2,0,198
Barbados,10/11/20,208,7,2,0,199
Barbados,10/12/20,208,7,0,0,200
Barbados,10/13/20,210,7,2,0,201
Barbados,10/14/20,215,7,5,0,202
Barbados,10/15/20,218,7,3,0,203
Barbados,10/16/20,219,7,1,0,204
Barbados,10/17/20,219,7,0,0,205
Barbados,10/18/20,221,7,2,0,206
Barbados,10/19/20,222,7,1,0,207
Barbados,10/20/20,222,7,0,0,208
Barbados,10/21/20,222,7,0,0,209
Barbados,10/22/20,224,7,2,0,210
Barbados,10/23/20,226,7,2,0,211
Barbados,10/24/20,227,7,1,0,212
Barbados,10/25/20,227,7,0,0,213
Barbados,10/26/20,233,7,6,0,214
Barbados,10/27/20,233,7,0,0,215
Barbados,10/28/20,234,7,1,0,216
Barbados,10/29/20,234,7,0,0,217
Barbados,10/30/20,236,7,2,0,218
Barbados,10/31/20,237,7,1,0,219
Barbados,11/1/20,237,7,0,0,220
Barbados,11/2/20,238,7,1,0,221
Barbados,11/3/20,238,7,0,0,222
Barbados,11/4/20,239,7,1,0,223
Barbados,11/5/20,239,7,0,0,224
Barbados,11/6/20,242,7,3,0,225
Barbados,11/7/20,242,7,0,0,226
Barbados,11/8/20,242,7,0,0,227
Barbados,11/9/20,243,7,1,0,228
Barbados,11/10/20,243,7,0,0,229
Barbados,11/11/20,249,7,6,0,230
Barbados,11/12/20,249,7,0,0,231
Barbados,11/13/20,249,7,0,0,232
Barbados,11/14/20,249,7,0,0,233
Barbados,11/15/20,250,7,1,0,234
Barbados,11/16/20,250,7,0,0,235
Barbados,11/17/20,250,7,0,0,236
Barbados,11/18/20,252,7,2,0,237
Barbados,11/19/20,253,7,1,0,238
Barbados,11/20/20,253,7,0,0,239
Barbados,11/21/20,255,7,2,0,240
Barbados,11/22/20,259,7,4,0,241
Barbados,11/23/20,260,7,1,0,242
Barbados,11/24/20,262,7,2,0,243
Barbados,11/25/20,263,7,1,0,244
Barbados,11/26/20,266,7,3,0,245
Barbados,11/27/20,270,7,4,0,246
Barbados,11/28/20,270,7,0,0,247
Barbados,11/29/20,275,7,5,0,248
Barbados,11/30/20,276,7,1,0,249
Barbados,12/1/20,278,7,2,0,250
Barbados,12/2/20,279,7,1,0,251
Barbados,12/3/20,281,7,2,0,252
Barbados,12/4/20,284,7,3,0,253
Barbados,12/5/20,285,7,1,0,254
Barbados,12/6/20,285,7,0,0,255
Barbados,12/7/20,287,7,2,0,256
Barbados,12/8/20,289,7,2,0,257
Barbados,12/9/20,290,7,1,0,258
Barbados,12/10/20,291,7,1,0,259
Barbados,12/11/20,292,7,1,0,260
Barbados,12/12/20,292,7,0,0,261
Barbados,12/13/20,292,7,0,0,262
Barbados,12/14/20,296,7,4,0,263
Barbados,12/15/20,297,7,1,0,264
Barbados,12/16/20,301,7,4,0,265
Barbados,12/17/20,305,7,4,0,266
Barbados,12/18/20,307,7,2,0,267
Barbados,12/19/20,307,7,0,0,268
Barbados,12/20/20,307,7,0,0,269
Barbados,12/21/20,321,7,14,0,270
Barbados,12/22/20,327,7,6,0,271
Barbados,12/23/20,329,7,2,0,272
Barbados,12/24/20,345,7,16,0,273
Barbados,12/25/20,347,7,2,0,274
Barbados,12/26/20,352,7,5,0,275
Barbados,12/27/20,356,7,4,0,276
Barbados,12/28/20,365,7,9,0,277
Barbados,12/29/20,371,7,6,0,278
Barbados,12/30/20,372,7,1,0,279
Barbados,12/31/20,383,7,11,0,280
Barbados,1/1/21,395,7,12,0,281
Barbados,1/2/21,395,7,0,0,282
Barbados,1/3/21,556,7,161,0,283
Barbados,1/4/21,606,7,50,0,284
Barbados,1/5/21,643,7,37,0,285
Barbados,1/6/21,743,7,100,0,286
Barbados,1/7/21,743,7,0,0,287
Barbados,1/8/21,780,7,37,0,288
Barbados,1/9/21,808,7,28,0,289
Barbados,1/10/21,878,7,70,0,290
Barbados,1/11/21,884,7,6,0,291
Barbados,1/12/21,968,7,84,0,292
Barbados,1/13/21,1007,7,39,0,293
Barbados,1/14/21,1036,7,29,0,294
Barbados,1/15/21,1036,7,0,0,295
Barbados,1/16/21,1095,7,59,0,296
Barbados,1/17/21,1095,7,0,0,297
Barbados,1/18/21,1095,7,0,0,298
Barbados,1/19/21,1095,7,0,0,299
Barbados,1/20/21,1156,9,61,2,300
Barbados,1/21/21,1156,9,0,0,301
Barbados,1/22/21,1156,9,0,0,302
Barbados,1/23/21,1341,9,185,0,303
Barbados,1/24/21,1387,9,46,0,304
Barbados,1/25/21,1401,10,14,1,305
Barbados,1/26/21,1401,10,0,0,306
Barbados,1/27/21,1443,11,42,1,307
Barbados,1/28/21,1477,11,34,0,308
Barbados,1/29/21,1498,12,21,1,309
Barbados,1/30/21,1523,12,25,0,310
Barbados,1/31/21,1545,14,22,2,311
Barbados,2/1/21,1558,14,13,0,312
Barbados,2/2/21,1586,14,28,0,313
Barbados,2/3/21,1611,14,25,0,314
Barbados,2/4/21,1641,15,30,1,315
Barbados,2/5/21,1656,17,15,2,316
Barbados,2/6/21,1676,18,20,1,317
Barbados,2/7/21,1709,18,33,0,318
Barbados,2/8/21,1732,18,23,0,319
Barbados,2/9/21,1814,20,82,2,320
Barbados,2/10/21,1857,20,43,0,321
Barbados,2/11/21,1904,20,47,0,322
Barbados,2/12/21,1947,21,43,1,323
Barbados,2/13/21,2061,23,114,2,324
Barbados,2/14/21,2061,23,0,0,325
Barbados,2/15/21,2268,24,207,1,326
Barbados,2/16/21,2331,25,63,1,327
Barbados,2/17/21,2457,28,126,3,328
Barbados,2/18/21,2647,29,190,1,329
Barbados,2/19/21,2677,30,30,1,330
Barbados,2/20/21,2715,31,38,1,331
Barbados,2/21/21,2772,31,57,0,332
Barbados,2/22/21,2791,31,19,0,333
Barbados,2/23/21,2852,31,61,0,334
Barbados,2/24/21,2907,32,55,1,335
Barbados,2/25/21,2949,32,42,0,336
Barbados,2/26/21,2994,33,45,1,337
Barbados,2/27/21,3038,33,44,0,338
Barbados,2/28/21,3068,33,30,0,339
Barbados,3/1/21,3115,36,47,3,340
Barbados,3/2/21,3140,36,25,0,341
Barbados,3/3/21,3163,37,23,1,342
Barbados,3/4/21,3186,37,23,0,343
Barbados,3/5/21,3217,37,31,0,344
Barbados,3/6/21,3264,37,47,0,345
Barbados,3/7/21,3285,37,21,0,346
Barbados,3/8/21,3303,37,18,0,347
Barbados,3/9/21,3333,37,30,0,348
Barbados,3/10/21,3353,37,20,0,349
Barbados,3/11/21,3372,37,19,0,350
Barbados,3/12/21,3391,37,19,0,351
