country,date,confirmed,deaths,new_confirmed,new_deaths,tagged_day
Belarus,3/13/20,27,0,15,0,1
Belarus,3/14/20,27,0,0,0,2
Belarus,3/15/20,27,0,0,0,3
Belarus,3/16/20,36,0,9,0,4
Belarus,3/17/20,36,0,0,0,5
Belarus,3/18/20,51,0,15,0,6
Belarus,3/19/20,51,0,0,0,7
Belarus,3/20/20,69,0,18,0,8
Belarus,3/21/20,76,0,7,0,9
Belarus,3/22/20,76,0,0,0,10
Belarus,3/23/20,81,0,5,0,11
Belarus,3/24/20,81,0,0,0,12
Belarus,3/25/20,86,0,5,0,13
Belarus,3/26/20,86,0,0,0,14
Belarus,3/27/20,94,0,8,0,15
Belarus,3/28/20,94,0,0,0,16
Belarus,3/29/20,94,0,0,0,17
Belarus,3/30/20,152,0,58,0,18
Belarus,3/31/20,152,1,0,1,19
Belarus,4/1/20,163,2,11,1,20
Belarus,4/2/20,304,4,141,2,21
Belarus,4/3/20,351,4,47,0,22
Belarus,4/4/20,440,5,89,1,23
Belarus,4/5/20,562,8,122,3,24
Belarus,4/6/20,700,13,138,5,25
Belarus,4/7/20,861,13,161,0,26
Belarus,4/8/20,1066,13,205,0,27
Belarus,4/9/20,1486,16,420,3,28
Belarus,4/10/20,1981,19,495,3,29
Belarus,4/11/20,2226,23,245,4,30
Belarus,4/12/20,2578,26,352,3,31
Belarus,4/13/20,2919,29,341,3,32
Belarus,4/14/20,3281,33,362,4,33
Belarus,4/15/20,3728,36,447,3,34
Belarus,4/16/20,4204,40,476,4,35
Belarus,4/17/20,4779,42,575,2,36
Belarus,4/18/20,5297,45,518,3,37
Belarus,4/19/20,5807,47,510,2,38
Belarus,4/20/20,6264,51,457,4,39
Belarus,4/21/20,6723,55,459,4,40
Belarus,4/22/20,7281,58,558,3,41
Belarus,4/23/20,8022,60,741,2,42
Belarus,4/24/20,8773,63,751,3,43
Belarus,4/25/20,9590,67,817,4,44
Belarus,4/26/20,10463,72,873,5,45
Belarus,4/27/20,11289,75,826,3,46
Belarus,4/28/20,12208,79,919,4,47
Belarus,4/29/20,13181,84,973,5,48
Belarus,4/30/20,14027,89,846,5,49
Belarus,5/1/20,14917,93,890,4,50
Belarus,5/2/20,15828,97,911,4,51
Belarus,5/3/20,16705,99,877,2,52
Belarus,5/4/20,17489,103,784,4,53
Belarus,5/5/20,18350,107,861,4,54
Belarus,5/6/20,19255,112,905,5,55
Belarus,5/7/20,20168,116,913,4,56
Belarus,5/8/20,21101,121,933,5,57
Belarus,5/9/20,22052,126,951,5,58
Belarus,5/10/20,22973,131,921,5,59
Belarus,5/11/20,23906,135,933,4,60
Belarus,5/12/20,24873,142,967,7,61
Belarus,5/13/20,25825,146,952,4,62
Belarus,5/14/20,26772,151,947,5,63
Belarus,5/15/20,27730,156,958,5,64
Belarus,5/16/20,28681,160,951,4,65
Belarus,5/17/20,29650,165,969,5,66
Belarus,5/18/20,30572,171,922,6,67
Belarus,5/19/20,31508,175,936,4,68
Belarus,5/20/20,32426,179,918,4,69
Belarus,5/21/20,33371,185,945,6,70
Belarus,5/22/20,34303,190,932,5,71
Belarus,5/23/20,35244,194,941,4,72
Belarus,5/24/20,36198,199,954,5,73
Belarus,5/25/20,37144,204,946,5,74
Belarus,5/26/20,38059,208,915,4,75
Belarus,5/27/20,38956,214,897,6,76
Belarus,5/28/20,39858,219,902,5,77
Belarus,5/29/20,40764,224,906,5,78
Belarus,5/30/20,41658,229,894,5,79
Belarus,5/31/20,42556,235,898,6,80
Belarus,6/1/20,43403,240,847,5,81
Belarus,6/2/20,44255,243,852,3,82
Belarus,6/3/20,45116,248,861,5,83
Belarus,6/4/20,45981,253,865,5,84
Belarus,6/5/20,46868,259,887,6,85
Belarus,6/6/20,47751,263,883,4,86
Belarus,6/7/20,48630,269,879,6,87
Belarus,6/8/20,49453,276,823,7,88
Belarus,6/9/20,50265,282,812,6,89
Belarus,6/10/20,51066,288,801,6,90
Belarus,6/11/20,51816,293,750,5,91
Belarus,6/12/20,52520,298,704,5,92
Belarus,6/13/20,53241,303,721,5,93
Belarus,6/14/20,53973,308,732,5,94
Belarus,6/15/20,54680,312,707,4,95
Belarus,6/16/20,55369,318,689,6,96
Belarus,6/17/20,56032,324,663,6,97
Belarus,6/18/20,56657,331,625,7,98
Belarus,6/19/20,57333,337,676,6,99
Belarus,6/20/20,57936,343,603,6,100
Belarus,6/21/20,58505,346,569,3,101
Belarus,6/22/20,59023,351,518,5,102
Belarus,6/23/20,59487,357,464,6,103
Belarus,6/24/20,59945,362,458,5,104
Belarus,6/25/20,60382,367,437,5,105
Belarus,6/26/20,60713,373,331,6,106
Belarus,6/27/20,61095,377,382,4,107
Belarus,6/28/20,61475,383,380,6,108
Belarus,6/29/20,61790,387,315,4,109
Belarus,6/30/20,62118,392,328,5,110
Belarus,7/1/20,62424,398,306,6,111
Belarus,7/2/20,62698,405,274,7,112
Belarus,7/3/20,62997,412,299,7,113
Belarus,7/4/20,63270,418,273,6,114
Belarus,7/5/20,63554,423,284,5,115
Belarus,7/6/20,63804,429,250,6,116
Belarus,7/7/20,64003,436,199,7,117
Belarus,7/8/20,64224,443,221,7,118
Belarus,7/9/20,64411,449,187,6,119
Belarus,7/10/20,64604,454,193,5,120
Belarus,7/11/20,64767,459,163,5,121
Belarus,7/12/20,64932,464,165,5,122
Belarus,7/13/20,65114,468,182,4,123
Belarus,7/14/20,65269,474,155,6,124
Belarus,7/15/20,65443,480,174,6,125
Belarus,7/16/20,65623,485,180,5,126
Belarus,7/17/20,65782,491,159,6,127
Belarus,7/18/20,65953,495,171,4,128
Belarus,7/19/20,66095,499,142,4,129
Belarus,7/20/20,66213,503,118,4,130
Belarus,7/21/20,66348,507,135,4,131
Belarus,7/22/20,66521,513,173,6,132
Belarus,7/23/20,66688,519,167,6,133
Belarus,7/24/20,66846,524,158,5,134
Belarus,7/25/20,67002,530,156,6,135
Belarus,7/26/20,67132,534,130,4,136
Belarus,7/27/20,67251,538,119,4,137
Belarus,7/28/20,67366,543,115,5,138
Belarus,7/29/20,67518,548,152,5,139
Belarus,7/30/20,67665,553,147,5,140
Belarus,7/31/20,67808,559,143,6,141
Belarus,8/1/20,67946,563,138,4,142
Belarus,8/2/20,68067,567,121,4,143
Belarus,8/3/20,68166,571,99,4,144
Belarus,8/4/20,68250,574,84,3,145
Belarus,8/5/20,68376,577,126,3,146
Belarus,8/6/20,68503,580,127,3,147
Belarus,8/7/20,68614,583,111,3,148
Belarus,8/8/20,68738,585,124,2,149
Belarus,8/9/20,68850,587,112,2,150
Belarus,8/10/20,68947,589,97,2,151
Belarus,8/11/20,69005,592,58,3,152
Belarus,8/12/20,69102,595,97,3,153
Belarus,8/13/20,69203,599,101,4,154
Belarus,8/14/20,69308,603,105,4,155
Belarus,8/15/20,69308,603,0,0,156
Belarus,8/16/20,69516,610,208,7,157
Belarus,8/17/20,69589,613,73,3,158
Belarus,8/18/20,69673,617,84,4,159
Belarus,8/19/20,69801,622,128,5,160
Belarus,8/20/20,69950,627,149,5,161
Belarus,8/21/20,70111,632,161,5,162
Belarus,8/22/20,70285,637,174,5,163
Belarus,8/23/20,70468,642,183,5,164
Belarus,8/24/20,70645,646,177,4,165
Belarus,8/25/20,70727,652,82,6,166
Belarus,8/26/20,70974,657,247,5,167
Belarus,8/27/20,71165,662,191,5,168
Belarus,8/28/20,71346,667,181,5,169
Belarus,8/29/20,71523,671,177,4,170
Belarus,8/30/20,71687,676,164,5,171
Belarus,8/31/20,71843,681,156,5,172
Belarus,9/1/20,71962,686,119,5,173
Belarus,9/2/20,72141,691,179,5,174
Belarus,9/3/20,72302,696,161,5,175
Belarus,9/4/20,72485,701,183,5,176
Belarus,9/5/20,72663,705,178,4,177
Belarus,9/6/20,72859,711,196,6,178
Belarus,9/7/20,73031,716,172,5,179
Belarus,9/8/20,73208,721,177,5,180
Belarus,9/9/20,73402,726,194,5,181
Belarus,9/10/20,73591,732,189,6,182
Belarus,9/11/20,73784,738,193,6,183
Belarus,9/12/20,73975,744,191,6,184
Belarus,9/13/20,74173,750,198,6,185
Belarus,9/14/20,74360,756,187,6,186
Belarus,9/15/20,74552,761,192,5,187
Belarus,9/16/20,74763,767,211,6,188
Belarus,9/17/20,74987,771,224,4,189
Belarus,9/18/20,75230,773,243,2,190
Belarus,9/19/20,75461,776,231,3,191
Belarus,9/20/20,75674,780,213,4,192
Belarus,9/21/20,75898,785,224,5,193
Belarus,9/22/20,76104,791,206,6,194
Belarus,9/23/20,76357,796,253,5,195
Belarus,9/24/20,76651,802,294,6,196
Belarus,9/25/20,76957,807,306,5,197
Belarus,9/26/20,77289,813,332,6,198
Belarus,9/27/20,77609,818,320,5,199
Belarus,9/28/20,77946,822,337,4,200
Belarus,9/29/20,78260,828,314,6,201
Belarus,9/30/20,78631,833,371,5,202
Belarus,10/1/20,79019,839,388,6,203
Belarus,10/2/20,79421,844,402,5,204
Belarus,10/3/20,79852,851,431,7,205
Belarus,10/4/20,79852,851,0,0,206
Belarus,10/5/20,80696,862,844,11,207
Belarus,10/6/20,81090,868,394,6,208
Belarus,10/7/20,81505,874,415,6,209
Belarus,10/8/20,81982,880,477,6,210
Belarus,10/9/20,82471,885,489,5,211
Belarus,10/10/20,82471,885,0,0,212
Belarus,10/11/20,83534,896,1063,11,213
Belarus,10/12/20,83998,901,464,5,214
Belarus,10/13/20,84524,906,526,5,215
Belarus,10/14/20,85121,911,597,5,216
Belarus,10/15/20,85734,916,613,5,217
Belarus,10/16/20,86392,921,658,5,218
Belarus,10/17/20,87063,925,671,4,219
Belarus,10/18/20,87698,929,635,4,220
Belarus,10/19/20,88290,933,592,4,221
Belarus,10/20/20,88909,937,619,4,222
Belarus,10/21/20,89642,941,733,4,223
Belarus,10/22/20,90380,945,738,4,224
Belarus,10/23/20,91167,945,787,0,225
Belarus,10/24/20,91978,953,811,8,226
Belarus,10/25/20,92823,957,845,4,227
Belarus,10/26/20,93707,961,884,4,228
Belarus,10/27/20,94609,965,902,4,229
Belarus,10/28/20,95545,969,936,4,230
Belarus,10/29/20,96529,973,984,4,231
Belarus,10/30/20,97499,977,970,4,232
Belarus,10/31/20,98482,980,983,3,233
Belarus,11/1/20,99459,985,977,5,234
Belarus,11/2/20,100400,989,941,4,235
Belarus,11/3/20,101329,992,929,3,236
Belarus,11/4/20,102313,995,984,3,237
Belarus,11/5/20,103295,998,982,3,238
Belarus,11/6/20,104286,1001,991,3,239
Belarus,11/7/20,105283,1004,997,3,240
Belarus,11/8/20,106279,1007,996,3,241
Belarus,11/9/20,107262,1011,983,4,242
Belarus,11/10/20,108300,1016,1038,5,243
Belarus,11/11/20,109357,1022,1057,6,244
Belarus,11/12/20,110455,1027,1098,5,245
Belarus,11/13/20,111622,1033,1167,6,246
Belarus,11/14/20,112870,1039,1248,6,247
Belarus,11/15/20,114185,1046,1315,7,248
Belarus,11/16/20,115448,1053,1263,7,249
Belarus,11/17/20,116699,1060,1251,7,250
Belarus,11/18/20,118008,1067,1309,7,251
Belarus,11/19/20,119390,1074,1382,7,252
Belarus,11/20/20,120847,1081,1457,7,253
Belarus,11/21/20,122435,1089,1588,8,254
Belarus,11/22/20,123999,1096,1564,7,255
Belarus,11/23/20,125482,1104,1483,8,256
Belarus,11/24/20,126953,1112,1471,8,257
Belarus,11/25/20,128449,1119,1496,7,258
Belarus,11/26/20,130012,1128,1563,9,259
Belarus,11/27/20,131633,1136,1621,8,260
Belarus,11/28/20,133324,1143,1691,7,261
Belarus,11/29/20,135008,1151,1684,8,262
Belarus,11/30/20,136647,1158,1639,7,263
Belarus,12/1/20,138219,1166,1572,8,264
Belarus,12/2/20,139908,1174,1689,8,265
Belarus,12/3/20,141609,1181,1701,7,266
Belarus,12/4/20,143383,1190,1774,9,267
Belarus,12/5/20,145279,1198,1896,8,268
Belarus,12/6/20,147157,1207,1878,9,269
Belarus,12/7/20,148953,1215,1796,8,270
Belarus,12/8/20,150602,1222,1649,7,271
Belarus,12/9/20,152453,1230,1851,8,272
Belarus,12/10/20,154392,1238,1939,8,273
Belarus,12/11/20,156359,1246,1967,8,274
Belarus,12/12/20,158334,1254,1975,8,275
Belarus,12/13/20,160295,1263,1961,9,276
Belarus,12/14/20,162148,1273,1853,10,277
Belarus,12/15/20,164059,1282,1911,9,278
Belarus,12/16/20,165897,1291,1838,9,279
Belarus,12/17/20,167731,1299,1834,8,280
Belarus,12/18/20,169648,1308,1917,9,281
Belarus,12/19/20,171579,1316,1931,8,282
Belarus,12/20/20,173523,1324,1944,8,283
Belarus,12/21/20,175416,1333,1893,9,284
Belarus,12/22/20,177274,1341,1858,8,285
Belarus,12/23/20,179196,1349,1922,8,286
Belarus,12/24/20,181113,1358,1917,9,287
Belarus,12/25/20,183006,1367,1893,9,288
Belarus,12/26/20,184922,1376,1916,9,289
Belarus,12/27/20,186747,1385,1825,9,290
Belarus,12/28/20,188588,1394,1841,9,291
Belarus,12/29/20,190404,1404,1816,10,292
Belarus,12/30/20,192361,1414,1957,10,293
Belarus,12/31/20,194284,1424,1923,10,294
Belarus,1/1/21,196223,1433,1939,9,295
Belarus,1/2/21,198125,1442,1902,9,296
Belarus,1/3/21,199962,1451,1837,9,297
Belarus,1/4/21,201831,1461,1869,10,298
Belarus,1/5/21,203104,1471,1273,10,299
Belarus,1/6/21,204958,1480,1854,9,300
Belarus,1/7/21,206796,1489,1838,9,301
Belarus,1/8/21,208601,1498,1805,9,302
Belarus,1/9/21,210368,1507,1767,9,303
Belarus,1/10/21,212201,1517,1833,10,304
Belarus,1/11/21,213993,1526,1792,9,305
Belarus,1/12/21,215724,1535,1731,9,306
Belarus,1/13/21,217696,1544,1972,9,307
Belarus,1/14/21,219663,1554,1967,10,308
Belarus,1/15/21,221604,1564,1941,10,309
Belarus,1/16/21,223537,1573,1933,9,310
Belarus,1/17/21,225461,1582,1924,9,311
Belarus,1/18/21,227360,1591,1899,9,312
Belarus,1/19/21,228716,1601,1356,10,313
Belarus,1/20/21,230494,1610,1778,9,314
Belarus,1/21/21,232298,1619,1804,9,315
Belarus,1/22/21,234111,1628,1813,9,316
Belarus,1/23/21,235859,1639,1748,11,317
Belarus,1/24/21,237611,1649,1752,10,318
Belarus,1/25/21,238635,1658,1024,9,319
Belarus,1/26/21,239482,1668,847,10,320
Belarus,1/27/21,241133,1678,1651,10,321
Belarus,1/28/21,242851,1688,1718,10,322
Belarus,1/29/21,244718,1698,1867,10,323
Belarus,1/30/21,246570,1708,1852,10,324
Belarus,1/31/21,248336,1718,1766,10,325
Belarus,2/1/21,249295,1728,959,10,326
Belarus,2/2/21,249994,1737,699,9,327
Belarus,2/3/21,251705,1746,1711,9,328
Belarus,2/4/21,253413,1755,1708,9,329
Belarus,2/5/21,255172,1764,1759,9,330
Belarus,2/6/21,256959,1773,1787,9,331
Belarus,2/7/21,258691,1783,1732,10,332
Belarus,2/8/21,259499,1792,808,9,333
Belarus,2/9/21,260060,1801,561,9,334
Belarus,2/10/21,261859,1811,1799,10,335
Belarus,2/11/21,263551,1820,1692,9,336
Belarus,2/12/21,265284,1830,1733,10,337
Belarus,2/13/21,267029,1840,1745,10,338
Belarus,2/14/21,268687,1849,1658,9,339
Belarus,2/15/21,269787,1858,1100,9,340
Belarus,2/16/21,270921,1867,1134,9,341
Belarus,2/17/21,272273,1876,1352,9,342
Belarus,2/18/21,273659,1885,1386,9,343
Belarus,2/19/21,275322,1894,1663,9,344
Belarus,2/20/21,276990,1903,1668,9,345
Belarus,2/21/21,278312,1912,1322,9,346
Belarus,2/22/21,279456,1921,1144,9,347
Belarus,2/23/21,280428,1930,972,9,348
Belarus,2/24/21,281707,1939,1279,9,349
Belarus,2/25/21,282898,1948,1191,9,350
Belarus,2/26/21,284500,1957,1602,9,351
Belarus,2/27/21,285959,1966,1459,9,352
Belarus,2/28/21,287306,1976,1347,10,353
Belarus,3/1/21,288267,1985,961,9,354
Belarus,3/2/21,289136,1993,869,8,355
Belarus,3/3/21,290447,2002,1311,9,356
Belarus,3/4/21,291621,2011,1174,9,357
Belarus,3/5/21,293103,2020,1482,9,358
Belarus,3/6/21,294432,2029,1329,9,359
Belarus,3/7/21,295511,2038,1079,9,360
Belarus,3/8/21,296441,2047,930,9,361
Belarus,3/9/21,297514,2055,1073,8,362
Belarus,3/10/21,298123,2063,609,8,363
Belarus,3/11/21,298960,2070,837,7,364
Belarus,3/12/21,300146,2078,1186,8,365
