country,date,confirmed,deaths,new_confirmed,new_deaths,tagged_day
Burkina Faso,3/19/20,33,1,13,0,1
Burkina Faso,3/20/20,40,1,7,0,2
Burkina Faso,3/21/20,64,2,24,1,3
Burkina Faso,3/22/20,75,4,11,2,4
Burkina Faso,3/23/20,99,4,24,0,5
Burkina Faso,3/24/20,114,4,15,0,6
Burkina Faso,3/25/20,146,4,32,0,7
Burkina Faso,3/26/20,152,7,6,3,8
Burkina Faso,3/27/20,180,9,28,2,9
Burkina Faso,3/28/20,207,11,27,2,10
Burkina Faso,3/29/20,222,12,15,1,11
Burkina Faso,3/30/20,246,12,24,0,12
Burkina Faso,3/31/20,261,14,15,2,13
Burkina Faso,4/1/20,282,16,21,2,14
Burkina Faso,4/2/20,288,16,6,0,15
Burkina Faso,4/3/20,302,16,14,0,16
Burkina Faso,4/4/20,318,16,16,0,17
Burkina Faso,4/5/20,345,17,27,1,18
Burkina Faso,4/6/20,364,18,19,1,19
Burkina Faso,4/7/20,384,19,20,1,20
Burkina Faso,4/8/20,414,23,30,4,21
Burkina Faso,4/9/20,443,24,29,1,22
Burkina Faso,4/10/20,443,24,0,0,23
Burkina Faso,4/11/20,484,27,41,3,24
Burkina Faso,4/12/20,497,27,13,0,25
Burkina Faso,4/13/20,497,27,0,0,26
Burkina Faso,4/14/20,528,30,31,3,27
Burkina Faso,4/15/20,542,32,14,2,28
Burkina Faso,4/16/20,546,32,4,0,29
Burkina Faso,4/17/20,557,35,11,3,30
Burkina Faso,4/18/20,565,36,8,1,31
Burkina Faso,4/19/20,576,36,11,0,32
Burkina Faso,4/20/20,581,38,5,2,33
Burkina Faso,4/21/20,600,38,19,0,34
Burkina Faso,4/22/20,609,39,9,1,35
Burkina Faso,4/23/20,616,41,7,2,36
Burkina Faso,4/24/20,629,41,13,0,37
Burkina Faso,4/25/20,629,41,0,0,38
Burkina Faso,4/26/20,632,42,3,1,39
Burkina Faso,4/27/20,635,42,3,0,40
Burkina Faso,4/28/20,638,42,3,0,41
Burkina Faso,4/29/20,641,43,3,1,42
Burkina Faso,4/30/20,645,43,4,0,43
Burkina Faso,5/1/20,649,44,4,1,44
Burkina Faso,5/2/20,652,44,3,0,45
Burkina Faso,5/3/20,662,45,10,1,46
Burkina Faso,5/4/20,672,46,10,1,47
Burkina Faso,5/5/20,688,48,16,2,48
Burkina Faso,5/6/20,729,48,41,0,49
Burkina Faso,5/7/20,736,48,7,0,50
Burkina Faso,5/8/20,744,48,8,0,51
Burkina Faso,5/9/20,748,48,4,0,52
Burkina Faso,5/10/20,751,49,3,1,53
Burkina Faso,5/11/20,760,50,9,1,54
Burkina Faso,5/12/20,766,51,6,1,55
Burkina Faso,5/13/20,773,51,7,0,56
Burkina Faso,5/14/20,773,51,0,0,57
Burkina Faso,5/15/20,780,51,7,0,58
Burkina Faso,5/16/20,782,51,2,0,59
Burkina Faso,5/17/20,796,51,14,0,60
Burkina Faso,5/18/20,796,51,0,0,61
Burkina Faso,5/19/20,796,51,0,0,62
Burkina Faso,5/20/20,809,52,13,1,63
Burkina Faso,5/21/20,812,52,3,0,64
Burkina Faso,5/22/20,814,52,2,0,65
Burkina Faso,5/23/20,814,52,0,0,66
Burkina Faso,5/24/20,814,52,0,0,67
Burkina Faso,5/25/20,832,52,18,0,68
Burkina Faso,5/26/20,832,52,0,0,69
Burkina Faso,5/27/20,845,53,13,1,70
Burkina Faso,5/28/20,847,53,2,0,71
Burkina Faso,5/29/20,847,53,0,0,72
Burkina Faso,5/30/20,847,53,0,0,73
Burkina Faso,5/31/20,847,53,0,0,74
Burkina Faso,6/1/20,847,53,0,0,75
Burkina Faso,6/2/20,881,53,34,0,76
Burkina Faso,6/3/20,884,53,3,0,77
Burkina Faso,6/4/20,885,53,1,0,78
Burkina Faso,6/5/20,888,53,3,0,79
Burkina Faso,6/6/20,888,53,0,0,80
Burkina Faso,6/7/20,889,53,1,0,81
Burkina Faso,6/8/20,890,53,1,0,82
Burkina Faso,6/9/20,891,53,1,0,83
Burkina Faso,6/10/20,891,53,0,0,84
Burkina Faso,6/11/20,892,53,1,0,85
Burkina Faso,6/12/20,892,53,0,0,86
Burkina Faso,6/13/20,892,53,0,0,87
Burkina Faso,6/14/20,894,53,2,0,88
Burkina Faso,6/15/20,894,53,0,0,89
Burkina Faso,6/16/20,895,53,1,0,90
Burkina Faso,6/17/20,899,53,4,0,91
Burkina Faso,6/18/20,899,53,0,0,92
Burkina Faso,6/19/20,900,53,1,0,93
Burkina Faso,6/20/20,901,53,1,0,94
Burkina Faso,6/21/20,903,53,2,0,95
Burkina Faso,6/22/20,903,53,0,0,96
Burkina Faso,6/23/20,907,53,4,0,97
Burkina Faso,6/24/20,919,53,12,0,98
Burkina Faso,6/25/20,934,53,15,0,99
Burkina Faso,6/26/20,941,53,7,0,100
Burkina Faso,6/27/20,941,53,0,0,101
Burkina Faso,6/28/20,959,53,18,0,102
Burkina Faso,6/29/20,959,53,0,0,103
Burkina Faso,6/30/20,962,53,3,0,104
Burkina Faso,7/1/20,962,53,0,0,105
Burkina Faso,7/2/20,967,53,5,0,106
Burkina Faso,7/3/20,980,53,13,0,107
Burkina Faso,7/4/20,987,53,7,0,108
Burkina Faso,7/5/20,987,53,0,0,109
Burkina Faso,7/6/20,1000,53,13,0,110
Burkina Faso,7/7/20,1003,53,3,0,111
Burkina Faso,7/8/20,1003,53,0,0,112
Burkina Faso,7/9/20,1005,53,2,0,113
Burkina Faso,7/10/20,1020,53,15,0,114
Burkina Faso,7/11/20,1033,53,13,0,115
Burkina Faso,7/12/20,1036,53,3,0,116
Burkina Faso,7/13/20,1036,53,0,0,117
Burkina Faso,7/14/20,1037,53,1,0,118
Burkina Faso,7/15/20,1038,53,1,0,119
Burkina Faso,7/16/20,1038,53,0,0,120
Burkina Faso,7/17/20,1045,53,7,0,121
Burkina Faso,7/18/20,1047,53,2,0,122
Burkina Faso,7/19/20,1052,53,5,0,123
Burkina Faso,7/20/20,1065,53,13,0,124
Burkina Faso,7/21/20,1065,53,0,0,125
Burkina Faso,7/22/20,1066,53,1,0,126
Burkina Faso,7/23/20,1070,53,4,0,127
Burkina Faso,7/24/20,1075,53,5,0,128
Burkina Faso,7/25/20,1086,53,11,0,129
Burkina Faso,7/26/20,1086,53,0,0,130
Burkina Faso,7/27/20,1100,53,14,0,131
Burkina Faso,7/28/20,1105,53,5,0,132
Burkina Faso,7/29/20,1105,53,0,0,133
Burkina Faso,7/30/20,1106,53,1,0,134
Burkina Faso,7/31/20,1106,53,0,0,135
Burkina Faso,8/1/20,1143,53,37,0,136
Burkina Faso,8/2/20,1143,53,0,0,137
Burkina Faso,8/3/20,1150,53,7,0,138
Burkina Faso,8/4/20,1153,54,3,1,139
Burkina Faso,8/5/20,1153,54,0,0,140
Burkina Faso,8/6/20,1158,54,5,0,141
Burkina Faso,8/7/20,1158,54,0,0,142
Burkina Faso,8/8/20,1175,54,17,0,143
Burkina Faso,8/9/20,1175,54,0,0,144
Burkina Faso,8/10/20,1204,54,29,0,145
Burkina Faso,8/11/20,1211,54,7,0,146
Burkina Faso,8/12/20,1213,54,2,0,147
Burkina Faso,8/13/20,1228,54,15,0,148
Burkina Faso,8/14/20,1238,54,10,0,149
Burkina Faso,8/15/20,1240,54,2,0,150
Burkina Faso,8/16/20,1267,55,27,1,151
Burkina Faso,8/17/20,1280,55,13,0,152
Burkina Faso,8/18/20,1280,55,0,0,153
Burkina Faso,8/19/20,1285,55,5,0,154
Burkina Faso,8/20/20,1297,55,12,0,155
Burkina Faso,8/21/20,1297,55,0,0,156
Burkina Faso,8/22/20,1297,55,0,0,157
Burkina Faso,8/23/20,1320,55,23,0,158
Burkina Faso,8/24/20,1338,55,18,0,159
Burkina Faso,8/25/20,1338,55,0,0,160
Burkina Faso,8/26/20,1352,55,14,0,161
Burkina Faso,8/27/20,1352,55,0,0,162
Burkina Faso,8/28/20,1352,55,0,0,163
Burkina Faso,8/29/20,1352,55,0,0,164
Burkina Faso,8/30/20,1357,55,5,0,165
Burkina Faso,8/31/20,1368,55,11,0,166
Burkina Faso,9/1/20,1370,55,2,0,167
Burkina Faso,9/2/20,1370,55,0,0,168
Burkina Faso,9/3/20,1375,55,5,0,169
Burkina Faso,9/4/20,1408,55,33,0,170
Burkina Faso,9/5/20,1408,55,0,0,171
Burkina Faso,9/6/20,1452,55,44,0,172
Burkina Faso,9/7/20,1463,56,11,1,173
Burkina Faso,9/8/20,1466,56,3,0,174
Burkina Faso,9/9/20,1476,56,10,0,175
Burkina Faso,9/10/20,1486,56,10,0,176
Burkina Faso,9/11/20,1499,56,13,0,177
Burkina Faso,9/12/20,1514,56,15,0,178
Burkina Faso,9/13/20,1707,56,193,0,179
Burkina Faso,9/14/20,1717,56,10,0,180
Burkina Faso,9/15/20,1733,56,16,0,181
Burkina Faso,9/16/20,1748,56,15,0,182
Burkina Faso,9/17/20,1767,56,19,0,183
Burkina Faso,9/18/20,1797,56,30,0,184
Burkina Faso,9/19/20,1816,56,19,0,185
Burkina Faso,9/20/20,1846,56,30,0,186
Burkina Faso,9/21/20,1896,56,50,0,187
Burkina Faso,9/22/20,1907,56,11,0,188
Burkina Faso,9/23/20,1929,56,22,0,189
Burkina Faso,9/24/20,1950,56,21,0,190
Burkina Faso,9/25/20,1962,56,12,0,191
Burkina Faso,9/26/20,1973,56,11,0,192
Burkina Faso,9/27/20,2008,56,35,0,193
Burkina Faso,9/28/20,2028,57,20,1,194
Burkina Faso,9/29/20,2032,58,4,1,195
Burkina Faso,9/30/20,2056,58,24,0,196
Burkina Faso,10/1/20,2088,58,32,0,197
Burkina Faso,10/2/20,2123,59,35,1,198
Burkina Faso,10/3/20,2154,59,31,0,199
Burkina Faso,10/4/20,2167,59,13,0,200
Burkina Faso,10/5/20,2184,59,17,0,201
Burkina Faso,10/6/20,2197,59,13,0,202
Burkina Faso,10/7/20,2222,59,25,0,203
Burkina Faso,10/8/20,2241,60,19,1,204
Burkina Faso,10/9/20,2254,60,13,0,205
Burkina Faso,10/10/20,2271,61,17,1,206
Burkina Faso,10/11/20,2271,61,0,0,207
Burkina Faso,10/12/20,2294,63,23,2,208
Burkina Faso,10/13/20,2305,63,11,0,209
Burkina Faso,10/14/20,2305,63,0,0,210
Burkina Faso,10/15/20,2335,65,30,2,211
Burkina Faso,10/16/20,2343,65,8,0,212
Burkina Faso,10/17/20,2343,65,0,0,213
Burkina Faso,10/18/20,2381,65,38,0,214
Burkina Faso,10/19/20,2387,65,6,0,215
Burkina Faso,10/20/20,2406,65,19,0,216
Burkina Faso,10/21/20,2406,65,0,0,217
Burkina Faso,10/22/20,2414,65,8,0,218
Burkina Faso,10/23/20,2433,65,19,0,219
Burkina Faso,10/24/20,2444,65,11,0,220
Burkina Faso,10/25/20,2451,65,7,0,221
Burkina Faso,10/26/20,2459,67,8,2,222
Burkina Faso,10/27/20,2466,67,7,0,223
Burkina Faso,10/28/20,2466,67,0,0,224
Burkina Faso,10/29/20,2471,67,5,0,225
Burkina Faso,10/30/20,2477,67,6,0,226
Burkina Faso,10/31/20,2500,67,23,0,227
Burkina Faso,11/1/20,2500,67,0,0,228
Burkina Faso,11/2/20,2517,67,17,0,229
Burkina Faso,11/3/20,2530,67,13,0,230
Burkina Faso,11/4/20,2539,67,9,0,231
Burkina Faso,11/5/20,2550,67,11,0,232
Burkina Faso,11/6/20,2562,67,12,0,233
Burkina Faso,11/7/20,2565,67,3,0,234
Burkina Faso,11/8/20,2569,67,4,0,235
Burkina Faso,11/9/20,2581,67,12,0,236
Burkina Faso,11/10/20,2582,67,1,0,237
Burkina Faso,11/11/20,2586,67,4,0,238
Burkina Faso,11/12/20,2586,67,0,0,239
Burkina Faso,11/13/20,2609,68,23,1,240
Burkina Faso,11/14/20,2635,68,26,0,241
Burkina Faso,11/15/20,2641,68,6,0,242
Burkina Faso,11/16/20,2652,68,11,0,243
Burkina Faso,11/17/20,2652,68,0,0,244
Burkina Faso,11/18/20,2670,68,18,0,245
Burkina Faso,11/19/20,2686,68,16,0,246
Burkina Faso,11/20/20,2686,68,0,0,247
Burkina Faso,11/21/20,2703,68,17,0,248
Burkina Faso,11/22/20,2735,68,32,0,249
Burkina Faso,11/23/20,2754,68,19,0,250
Burkina Faso,11/24/20,2757,68,3,0,251
Burkina Faso,11/25/20,2777,68,20,0,252
Burkina Faso,11/26/20,2777,68,0,0,253
Burkina Faso,11/27/20,2816,68,39,0,254
Burkina Faso,11/28/20,2816,68,0,0,255
Burkina Faso,11/29/20,2856,68,40,0,256
Burkina Faso,11/30/20,2886,68,30,0,257
Burkina Faso,12/1/20,2931,68,45,0,258
Burkina Faso,12/2/20,3010,68,79,0,259
Burkina Faso,12/3/20,3062,68,52,0,260
Burkina Faso,12/4/20,3091,68,29,0,261
Burkina Faso,12/5/20,3156,68,65,0,262
Burkina Faso,12/6/20,3212,68,56,0,263
Burkina Faso,12/7/20,3315,68,103,0,264
Burkina Faso,12/8/20,3469,69,154,1,265
Burkina Faso,12/9/20,3469,69,0,0,266
Burkina Faso,12/10/20,3579,69,110,0,267
Burkina Faso,12/11/20,3579,69,0,0,268
Burkina Faso,12/12/20,3894,71,315,2,269
Burkina Faso,12/13/20,4030,71,136,0,270
Burkina Faso,12/14/20,4209,71,179,0,271
Burkina Faso,12/15/20,4300,73,91,2,272
Burkina Faso,12/16/20,4449,73,149,0,273
Burkina Faso,12/17/20,4611,73,162,0,274
Burkina Faso,12/18/20,4832,74,221,1,275
Burkina Faso,12/19/20,4954,74,122,0,276
Burkina Faso,12/20/20,5160,76,206,2,277
Burkina Faso,12/21/20,5301,76,141,0,278
Burkina Faso,12/22/20,5461,77,160,1,279
Burkina Faso,12/23/20,5649,77,188,0,280
Burkina Faso,12/24/20,5941,77,292,0,281
Burkina Faso,12/25/20,6134,77,193,0,282
Burkina Faso,12/26/20,6255,77,121,0,283
Burkina Faso,12/27/20,6344,78,89,1,284
Burkina Faso,12/28/20,6344,78,0,0,285
Burkina Faso,12/29/20,6537,82,193,4,286
Burkina Faso,12/30/20,6631,84,94,2,287
Burkina Faso,12/31/20,6707,85,76,1,288
Burkina Faso,1/1/21,6828,85,121,0,289
Burkina Faso,1/2/21,6940,86,112,1,290
Burkina Faso,1/3/21,7051,86,111,0,291
Burkina Faso,1/4/21,7126,86,75,0,292
Burkina Faso,1/5/21,7342,86,216,0,293
Burkina Faso,1/6/21,7563,89,221,3,294
Burkina Faso,1/7/21,7713,89,150,0,295
Burkina Faso,1/8/21,7866,89,153,0,296
Burkina Faso,1/9/21,7866,89,0,0,297
Burkina Faso,1/10/21,8082,89,216,0,298
Burkina Faso,1/11/21,8279,89,197,0,299
Burkina Faso,1/12/21,8463,92,184,3,300
Burkina Faso,1/13/21,8546,93,83,1,301
Burkina Faso,1/14/21,8809,97,263,4,302
Burkina Faso,1/15/21,8882,97,73,0,303
Burkina Faso,1/16/21,9000,101,118,4,304
Burkina Faso,1/17/21,9188,102,188,1,305
Burkina Faso,1/18/21,9352,105,164,3,306
Burkina Faso,1/19/21,9352,105,0,0,307
Burkina Faso,1/20/21,9553,106,201,1,308
Burkina Faso,1/21/21,9719,106,166,0,309
Burkina Faso,1/22/21,9857,107,138,1,310
Burkina Faso,1/23/21,9967,109,110,2,311
Burkina Faso,1/24/21,10038,112,71,3,312
Burkina Faso,1/25/21,10103,117,65,5,313
Burkina Faso,1/26/21,10157,118,54,1,314
Burkina Faso,1/27/21,10217,120,60,2,315
Burkina Faso,1/28/21,10377,120,160,0,316
Burkina Faso,1/29/21,10423,120,46,0,317
Burkina Faso,1/30/21,10580,120,157,0,318
Burkina Faso,1/31/21,10682,120,102,0,319
Burkina Faso,2/1/21,10768,121,86,1,320
Burkina Faso,2/2/21,10904,126,136,5,321
Burkina Faso,2/3/21,10958,127,54,1,322
Burkina Faso,2/4/21,11053,132,95,5,323
Burkina Faso,2/5/21,11143,132,90,0,324
Burkina Faso,2/6/21,11227,134,84,2,325
Burkina Faso,2/7/21,11285,134,58,0,326
Burkina Faso,2/8/21,11309,134,24,0,327
Burkina Faso,2/9/21,11367,134,58,0,328
Burkina Faso,2/10/21,11426,134,59,0,329
Burkina Faso,2/11/21,11426,134,0,0,330
Burkina Faso,2/12/21,11538,137,112,3,331
Burkina Faso,2/13/21,11588,138,50,1,332
Burkina Faso,2/14/21,11588,138,0,0,333
Burkina Faso,2/15/21,11630,138,42,0,334
Burkina Faso,2/16/21,11630,138,0,0,335
Burkina Faso,2/17/21,11672,138,42,0,336
Burkina Faso,2/18/21,11703,139,31,1,337
Burkina Faso,2/19/21,11763,139,60,0,338
Burkina Faso,2/20/21,11783,139,20,0,339
Burkina Faso,2/21/21,11797,139,14,0,340
Burkina Faso,2/22/21,11847,139,50,0,341
Burkina Faso,2/23/21,11868,141,21,2,342
Burkina Faso,2/24/21,11887,142,19,1,343
Burkina Faso,2/25/21,11914,142,27,0,344
Burkina Faso,2/26/21,11939,142,25,0,345
Burkina Faso,2/27/21,11982,142,43,0,346
Burkina Faso,2/28/21,11982,142,0,0,347
Burkina Faso,3/1/21,12030,143,48,1,348
Burkina Faso,3/2/21,12047,143,17,0,349
Burkina Faso,3/3/21,12071,143,24,0,350
Burkina Faso,3/4/21,12103,143,32,0,351
Burkina Faso,3/5/21,12123,143,20,0,352
Burkina Faso,3/6/21,12153,143,30,0,353
Burkina Faso,3/7/21,12181,143,28,0,354
Burkina Faso,3/8/21,12181,143,0,0,355
Burkina Faso,3/9/21,12187,143,6,0,356
Burkina Faso,3/10/21,12230,143,43,0,357
Burkina Faso,3/11/21,12275,143,45,0,358
Burkina Faso,3/12/21,12305,144,30,1,359
