country,date,confirmed,deaths,new_confirmed,new_deaths,tagged_day
Canada,3/1/20,24,0,4,0,1
Canada,3/2/20,27,0,3,0,2
Canada,3/3/20,30,0,3,0,3
Canada,3/4/20,33,0,3,0,4
Canada,3/5/20,37,0,4,0,5
Canada,3/6/20,49,0,12,0,6
Canada,3/7/20,54,0,5,0,7
Canada,3/8/20,64,0,10,0,8
Canada,3/9/20,77,1,13,1,9
Canada,3/10/20,79,1,2,0,10
Canada,3/11/20,108,1,29,0,11
Canada,3/12/20,117,1,9,0,12
Canada,3/13/20,193,1,76,0,13
Canada,3/14/20,198,1,5,0,14
Canada,3/15/20,252,1,54,0,15
Canada,3/16/20,415,4,163,3,16
Canada,3/17/20,478,6,63,2,17
Canada,3/18/20,657,11,179,5,18
Canada,3/19/20,800,11,143,0,19
Canada,3/20/20,943,15,143,4,20
Canada,3/21/20,1277,19,334,4,21
Canada,3/22/20,1469,22,192,3,22
Canada,3/23/20,2088,29,619,7,23
Canada,3/24/20,2790,33,702,4,24
Canada,3/25/20,3251,42,461,9,25
Canada,3/26/20,4042,57,791,15,26
Canada,3/27/20,4682,66,640,9,27
Canada,3/28/20,5576,82,894,16,28
Canada,3/29/20,6280,96,704,14,29
Canada,3/30/20,7398,125,1118,29,30
Canada,3/31/20,8527,152,1129,27,31
Canada,4/1/20,9560,175,1033,23,32
Canada,4/2/20,11284,224,1724,49,33
Canada,4/3/20,12437,277,1153,53,34
Canada,4/4/20,12978,360,541,83,35
Canada,4/5/20,15756,435,2778,75,36
Canada,4/6/20,16563,520,807,85,37
Canada,4/7/20,17872,581,1309,61,38
Canada,4/8/20,19141,648,1269,67,39
Canada,4/9/20,20654,771,1513,123,40
Canada,4/10/20,22059,867,1405,96,41
Canada,4/11/20,23316,986,1257,119,42
Canada,4/12/20,24299,1095,983,109,43
Canada,4/13/20,25680,1225,1381,130,44
Canada,4/14/20,27035,1361,1355,136,45
Canada,4/15/20,28209,1515,1174,154,46
Canada,4/16/20,30809,1718,2600,203,47
Canada,4/17/20,32814,1844,2005,126,48
Canada,4/18/20,34356,1987,1542,143,49
Canada,4/19/20,35633,2145,1277,158,50
Canada,4/20/20,37658,2291,2025,146,51
Canada,4/21/20,39402,2484,1744,193,52
Canada,4/22/20,41663,2679,2261,195,53
Canada,4/23/20,43299,2850,1636,171,54
Canada,4/24/20,44919,3030,1620,180,55
Canada,4/25/20,46371,3217,1452,187,56
Canada,4/26/20,48033,3374,1662,157,57
Canada,4/27/20,49616,3559,1583,185,58
Canada,4/28/20,51150,3756,1534,197,59
Canada,4/29/20,52865,4000,1715,244,60
Canada,4/30/20,54457,4179,1592,179,61
Canada,5/1/20,56343,4381,1886,202,62
Canada,5/2/20,57926,4529,1583,148,63
Canada,5/3/20,60504,4669,2578,140,64
Canada,5/4/20,61957,4911,1453,242,65
Canada,5/5/20,63215,5081,1258,170,66
Canada,5/6/20,64694,5240,1479,159,67
Canada,5/7/20,66201,5387,1507,147,68
Canada,5/8/20,67674,5540,1473,153,69
Canada,5/9/20,68918,5704,1244,164,70
Canada,5/10/20,70091,5822,1173,118,71
Canada,5/11/20,71264,5956,1173,134,72
Canada,5/12/20,72419,6107,1155,151,73
Canada,5/13/20,73568,6210,1149,103,74
Canada,5/14/20,74781,6331,1213,121,75
Canada,5/15/20,75959,6452,1178,121,76
Canada,5/16/20,77206,6571,1247,119,77
Canada,5/17/20,78332,6661,1126,90,78
Canada,5/18/20,79411,6753,1079,92,79
Canada,5/19/20,80493,6828,1082,75,80
Canada,5/20/20,81575,6950,1082,122,81
Canada,5/21/20,82742,7046,1167,96,82
Canada,5/22/20,83947,7144,1205,98,83
Canada,5/23/20,85151,7238,1204,94,84
Canada,5/24/20,86106,7326,955,88,85
Canada,5/25/20,87119,7420,1013,94,86
Canada,5/26/20,88090,7512,971,92,87
Canada,5/27/20,88989,7606,899,94,88
Canada,5/28/20,89976,7717,987,111,89
Canada,5/29/20,90909,7797,933,80,90
Canada,5/30/20,91681,7857,772,60,91
Canada,5/31/20,92479,7906,798,49,92
Canada,6/1/20,93288,7952,809,46,93
Canada,6/2/20,93960,8008,672,56,94
Canada,6/3/20,94641,8062,681,54,95
Canada,6/4/20,95269,8126,628,64,96
Canada,6/5/20,95947,8166,678,40,97
Canada,6/6/20,96475,8228,528,62,98
Canada,6/7/20,97178,8269,703,41,99
Canada,6/8/20,97779,8313,601,44,100
Canada,6/9/20,98241,8347,462,34,101
Canada,6/10/20,98720,8382,479,35,102
Canada,6/11/20,99159,8413,439,31,103
Canada,6/12/20,99595,8442,436,29,104
Canada,6/13/20,100043,8470,448,28,105
Canada,6/14/20,100404,8489,361,19,106
Canada,6/15/20,100763,8497,359,8,107
Canada,6/16/20,101087,8521,324,24,108
Canada,6/17/20,101491,8542,404,21,109
Canada,6/18/20,101877,8555,386,13,110
Canada,6/19/20,102314,8580,437,25,111
Canada,6/20/20,102762,8609,448,29,112
Canada,6/21/20,103078,8626,316,17,113
Canada,6/22/20,103418,8646,340,20,114
Canada,6/23/20,103767,8670,349,24,115
Canada,6/24/20,104087,8700,320,30,116
Canada,6/25/20,104463,8723,376,23,117
Canada,6/26/20,104629,8730,166,7,118
Canada,6/27/20,104878,8739,249,9,119
Canada,6/28/20,105193,8749,315,10,120
Canada,6/29/20,105830,8768,637,19,121
Canada,6/30/20,106097,8780,267,12,122
Canada,7/1/20,106288,8790,191,10,123
Canada,7/2/20,106643,8806,355,16,124
Canada,7/3/20,106962,8813,319,7,125
Canada,7/4/20,107185,8821,223,8,126
Canada,7/5/20,107394,8823,209,2,127
Canada,7/6/20,107815,8836,421,13,128
Canada,7/7/20,108023,8843,208,7,129
Canada,7/8/20,108334,8855,311,12,130
Canada,7/9/20,108656,8865,322,10,131
Canada,7/10/20,108984,8879,328,14,132
Canada,7/11/20,109150,8882,166,3,133
Canada,7/12/20,109348,8887,198,5,134
Canada,7/13/20,109984,8895,636,8,135
Canada,7/14/20,110350,8900,366,5,136
Canada,7/15/20,110693,8914,343,14,137
Canada,7/16/20,111144,8926,451,12,138
Canada,7/17/20,111559,8936,415,10,139
Canada,7/18/20,111875,8939,316,3,140
Canada,7/19/20,112168,8943,293,4,141
Canada,7/20/20,112938,8947,770,4,142
Canada,7/21/20,113473,8954,535,7,143
Canada,7/22/20,113790,8958,317,4,144
Canada,7/23/20,114398,8966,608,8,145
Canada,7/24/20,115115,8970,717,4,146
Canada,7/25/20,115470,8974,355,4,147
Canada,7/26/20,115789,8978,319,4,148
Canada,7/27/20,116471,8991,682,13,149
Canada,7/28/20,116871,9001,400,10,150
Canada,7/29/20,117357,9006,486,5,151
Canada,7/30/20,117677,9019,320,13,152
Canada,7/31/20,118281,9025,604,6,153
Canada,8/1/20,118523,9029,242,4,154
Canada,8/2/20,118768,9032,245,3,155
Canada,8/3/20,118973,9035,205,3,156
Canada,8/4/20,119659,9043,686,8,157
Canada,8/5/20,120033,9049,374,6,158
Canada,8/6/20,120387,9055,354,6,159
Canada,8/7/20,120903,9060,516,5,160
Canada,8/8/20,121148,9064,245,4,161
Canada,8/9/20,121367,9067,219,3,162
Canada,8/10/20,122053,9074,686,7,163
Canada,8/11/20,122389,9080,336,6,164
Canada,8/12/20,122703,9085,314,5,165
Canada,8/13/20,123180,9091,477,6,166
Canada,8/14/20,123605,9095,425,4,167
Canada,8/15/20,123825,9101,220,6,168
Canada,8/16/20,124004,9106,179,5,169
Canada,8/17/20,124218,9108,214,2,170
Canada,8/18/20,125084,9118,866,10,171
Canada,8/19/20,125408,9124,324,6,172
Canada,8/20/20,125625,9127,217,3,173
Canada,8/21/20,126319,9141,694,14,174
Canada,8/22/20,126560,9142,241,1,175
Canada,8/23/20,126817,9146,257,4,176
Canada,8/24/20,127594,9154,777,8,177
Canada,8/25/20,127903,9159,309,5,178
Canada,8/26/20,128380,9164,477,5,179
Canada,8/27/20,128836,9168,456,4,180
Canada,8/28/20,129342,9181,506,13,181
Canada,8/29/20,129639,9184,297,3,182
Canada,8/30/20,129888,9185,249,1,183
Canada,8/31/20,130918,9193,1030,8,184
Canada,9/1/20,131422,9197,504,4,185
Canada,9/2/20,131941,9199,519,2,186
Canada,9/3/20,132527,9205,586,6,187
Canada,9/4/20,133141,9206,614,1,188
Canada,9/5/20,133511,9207,370,1,189
Canada,9/6/20,133890,9209,379,2,190
Canada,9/7/20,134295,9212,405,3,191
Canada,9/8/20,135757,9219,1462,7,192
Canada,9/9/20,136135,9223,378,4,193
Canada,9/10/20,136956,9231,821,8,194
Canada,9/11/20,137676,9231,720,0,195
Canada,9/12/20,138164,9233,488,2,196
Canada,9/13/20,138640,9236,476,3,197
Canada,9/14/20,140098,9249,1458,13,198
Canada,9/15/20,140900,9257,802,8,199
Canada,9/16/20,141852,9262,952,5,200
Canada,9/17/20,142879,9267,1027,5,201
Canada,9/18/20,144053,9279,1174,12,202
Canada,9/19/20,144607,9286,554,7,203
Canada,9/20/20,145750,9288,1143,2,204
Canada,9/21/20,147583,9300,1833,12,205
Canada,9/22/20,148855,9309,1272,9,206
Canada,9/23/20,149939,9317,1084,8,207
Canada,9/24/20,151087,9325,1148,8,208
Canada,9/25/20,152717,9332,1630,7,209
Canada,9/26/20,153770,9338,1053,6,210
Canada,9/27/20,155428,9343,1658,5,211
Canada,9/28/20,157219,9360,1791,17,212
Canada,9/29/20,158991,9373,1772,13,213
Canada,9/30/20,161107,9391,2116,18,214
Canada,10/1/20,162930,9407,1823,16,215
Canada,10/2/20,165054,9505,2124,98,216
Canada,10/3/20,166360,9526,1306,21,217
Canada,10/4/20,168501,9570,2141,44,218
Canada,10/5/20,171384,9599,2883,29,219
Canada,10/6/20,173756,9617,2372,18,220
Canada,10/7/20,175380,9636,1624,19,221
Canada,10/8/20,177730,9654,2350,18,222
Canada,10/9/20,180625,9668,2895,14,223
Canada,10/10/20,182767,9694,2142,26,224
Canada,10/11/20,184403,9708,1636,14,225
Canada,10/12/20,185378,9720,975,12,226
Canada,10/13/20,189489,9752,4111,32,227
Canada,10/14/20,192064,9777,2575,25,228
Canada,10/15/20,194362,9796,2298,19,229
Canada,10/16/20,196928,9828,2566,32,230
Canada,10/17/20,197067,9836,139,8,231
Canada,10/18/20,200804,9860,3737,24,232
Canada,10/19/20,204111,9891,3307,31,233
Canada,10/20/20,206349,9909,2238,18,234
Canada,10/21/20,209036,9946,2687,37,235
Canada,10/22/20,211617,9977,2581,31,236
Canada,10/23/20,214519,10004,2902,27,237
Canada,10/24/20,216051,10026,1532,22,238
Canada,10/25/20,218874,10057,2823,31,239
Canada,10/26/20,222973,10095,4099,38,240
Canada,10/27/20,225703,10120,2730,25,241
Canada,10/28/20,228366,10158,2663,38,242
Canada,10/29/20,231383,10192,3017,34,243
Canada,10/30/20,234939,10237,3556,45,244
Canada,10/31/20,237313,10276,2374,39,245
Canada,11/1/20,239649,10313,2336,37,246
Canada,11/2/20,243178,10345,3529,32,247
Canada,11/3/20,247916,10403,4738,58,248
Canada,11/4/20,250698,10444,2782,41,249
Canada,11/5/20,253482,10484,2784,40,250
Canada,11/6/20,258875,10546,5393,62,251
Canada,11/7/20,263221,10593,4346,47,252
Canada,11/8/20,267165,10641,3944,48,253
Canada,11/9/20,272036,10702,4871,61,254
Canada,11/10/20,276481,10769,4445,67,255
Canada,11/11/20,280465,10832,3984,63,256
Canada,11/12/20,285939,10905,5474,73,257
Canada,11/13/20,290709,10951,4770,46,258
Canada,11/14/20,295139,11013,4430,62,259
Canada,11/15/20,299440,11078,4301,65,260
Canada,11/16/20,305473,11152,6033,74,261
Canada,11/17/20,309935,11220,4462,68,262
Canada,11/18/20,314453,11324,4518,104,263
Canada,11/19/20,319247,11394,4794,70,264
Canada,11/20/20,324234,11461,4987,67,265
Canada,11/21/20,329191,11527,4957,66,266
Canada,11/22/20,333936,11583,4745,56,267
Canada,11/23/20,340731,11662,6795,79,268
Canada,11/24/20,346013,11762,5282,100,269
Canada,11/25/20,350971,11820,4958,58,270
Canada,11/26/20,356650,11902,5679,82,271
Canada,11/27/20,362604,11988,5954,86,272
Canada,11/28/20,368279,12056,5675,68,273
Canada,11/29/20,373662,12130,5383,74,274
Canada,11/30/20,381557,12239,7895,109,275
Canada,12/1/20,387052,12317,5495,78,276
Canada,12/2/20,393506,12423,6454,106,277
Canada,12/3/20,399770,12513,6264,90,278
Canada,12/4/20,406189,12616,6419,103,279
Canada,12/5/20,412543,12690,6354,74,280
Canada,12/6/20,418848,12775,6305,85,281
Canada,12/7/20,426572,12896,7724,121,282
Canada,12/8/20,432743,12993,6171,97,283
Canada,12/9/20,439142,13109,6399,116,284
Canada,12/10/20,445828,13227,6686,118,285
Canada,12/11/20,452543,13355,6715,128,286
Canada,12/12/20,458527,13453,5984,98,287
Canada,12/13/20,464443,13537,5916,84,288
Canada,12/14/20,472820,13677,8377,140,289
Canada,12/15/20,479064,13793,6244,116,290
Canada,12/16/20,485576,13911,6512,118,291
Canada,12/17/20,492582,14067,7006,156,292
Canada,12/18/20,499282,14180,6700,113,293
Canada,12/19/20,505741,14284,6459,104,294
Canada,12/20/20,511748,14374,6007,90,295
Canada,12/21/20,519325,14481,7577,107,296
Canada,12/22/20,525585,14607,6260,126,297
Canada,12/23/20,532506,14752,6921,145,298
Canada,12/24/20,539190,14902,6684,150,299
Canada,12/25/20,540939,14966,1749,64,300
Canada,12/26/20,544053,15051,3114,85,301
Canada,12/27/20,554153,15171,10100,120,302
Canada,12/28/20,560618,15328,6465,157,303
Canada,12/29/20,568807,15528,8189,200,304
Canada,12/30/20,577266,15650,8459,122,305
Canada,12/31/20,584409,15762,7143,112,306
Canada,1/1/21,585400,15806,991,44,307
Canada,1/2/21,589935,15914,4535,108,308
Canada,1/3/21,606076,16006,16141,92,309
Canada,1/4/21,616134,16247,10058,241,310
Canada,1/5/21,623384,16389,7250,142,311
Canada,1/6/21,631466,16539,8082,150,312
Canada,1/7/21,639693,16704,8227,165,313
Canada,1/8/21,648930,16846,9237,142,314
Canada,1/9/21,657323,16984,8393,138,315
Canada,1/10/21,664606,17074,7283,90,316
Canada,1/11/21,672931,17199,8325,125,317
Canada,1/12/21,679072,17359,6141,160,318
Canada,1/13/21,686211,17539,7139,180,319
Canada,1/14/21,693658,17686,7447,147,320
Canada,1/15/21,700538,17856,6880,170,321
Canada,1/16/21,706897,17978,6359,122,322
Canada,1/17/21,713181,18106,6284,128,323
Canada,1/18/21,719601,18231,6420,125,324
Canada,1/19/21,724629,18382,5028,151,325
Canada,1/20/21,730330,18567,5701,185,326
Canada,1/21/21,736441,18706,6111,139,327
Canada,1/22/21,742268,18887,5827,181,328
Canada,1/23/21,747362,18992,5094,105,329
Canada,1/24/21,752041,19119,4679,127,330
Canada,1/25/21,757658,19245,5617,126,331
Canada,1/26/21,761699,19392,4041,147,332
Canada,1/27/21,766019,19485,4320,93,333
Canada,1/28/21,770825,19676,4806,191,334
Canada,1/29/21,775652,19825,4827,149,335
Canada,1/30/21,779762,19958,4110,133,336
Canada,1/31/21,783695,20041,3933,83,337
Canada,2/1/21,788197,20145,4502,104,338
Canada,2/2/21,791145,20242,2948,97,339
Canada,2/3/21,794412,20361,3267,119,340
Canada,2/4/21,798394,20486,3982,125,341
Canada,2/5/21,802530,20607,4136,121,342
Canada,2/6/21,805794,20700,3264,93,343
Canada,2/7/21,809001,20760,3207,60,344
Canada,2/8/21,812804,20830,3803,70,345
Canada,2/9/21,815487,20914,2683,84,346
Canada,2/10/21,818755,21007,3268,93,347
Canada,2/11/21,821932,21089,3177,82,348
Canada,2/12/21,824611,21168,2679,79,349
Canada,2/13/21,828408,21238,3797,70,350
Canada,2/14/21,830612,21261,2204,23,351
Canada,2/15/21,832375,21298,1763,37,352
Canada,2/16/21,836594,21395,4219,97,353
Canada,2/17/21,839155,21439,2561,44,354
Canada,2/18/21,842590,21509,3435,70,355
Canada,2/19/21,845673,21581,3083,72,356
Canada,2/20/21,848330,21631,2657,50,357
Canada,2/21/21,850737,21675,2407,44,358
Canada,2/22/21,854190,21720,3453,45,359
Canada,2/23/21,857403,21761,3213,41,360
Canada,2/24/21,860348,21810,2945,49,361
Canada,2/25/21,863495,21868,3147,58,362
Canada,2/26/21,866667,21915,3172,47,363
Canada,2/27/21,869347,21961,2680,46,364
Canada,2/28/21,871694,21990,2347,29,365
Canada,3/1/21,875388,22014,3694,24,366
Canada,3/2/21,878051,22043,2663,29,367
Canada,3/3/21,880835,22105,2784,62,368
Canada,3/4/21,883815,22152,2980,47,369
Canada,3/5/21,886782,22183,2967,31,370
Canada,3/6/21,889551,22212,2769,29,371
Canada,3/7/21,892199,22234,2648,22,372
Canada,3/8/21,896247,22271,4048,37,373
Canada,3/9/21,899175,22302,2928,31,374
Canada,3/10/21,902234,22330,3059,28,375
Canada,3/11/21,905339,22367,3105,37,376
Canada,3/12/21,908854,22397,3515,30,377
