country,date,confirmed,deaths,new_confirmed,new_deaths,tagged_day
Chile,3/10/20,25,0,5,0,1
Chile,3/11/20,35,0,10,0,2
Chile,3/12/20,35,0,0,0,3
Chile,3/13/20,55,0,20,0,4
Chile,3/14/20,88,0,33,0,5
Chile,3/15/20,101,0,13,0,6
Chile,3/16/20,182,0,81,0,7
Chile,3/17/20,228,0,46,0,8
Chile,3/18/20,265,0,37,0,9
Chile,3/19/20,265,0,0,0,10
Chile,3/20/20,461,0,196,0,11
Chile,3/21/20,592,0,131,0,12
Chile,3/22/20,687,1,95,1,13
Chile,3/23/20,801,2,114,1,14
Chile,3/24/20,977,2,176,0,15
Chile,3/25/20,1197,3,220,1,16
Chile,3/26/20,1361,4,164,1,17
Chile,3/27/20,1665,5,304,1,18
Chile,3/28/20,2015,6,350,1,19
Chile,3/29/20,2245,7,230,1,20
Chile,3/30/20,2555,8,310,1,21
Chile,3/31/20,2844,12,289,4,22
Chile,4/1/20,3137,16,293,4,23
Chile,4/2/20,3510,18,373,2,24
Chile,4/3/20,3843,22,333,4,25
Chile,4/4/20,4355,27,512,5,26
Chile,4/5/20,4665,34,310,7,27
Chile,4/6/20,5009,37,344,3,28
Chile,4/7/20,5310,43,301,6,29
Chile,4/8/20,5740,48,430,5,30
Chile,4/9/20,6166,57,426,9,31
Chile,4/10/20,6695,65,529,8,32
Chile,4/11/20,7366,73,671,8,33
Chile,4/12/20,7652,80,286,7,34
Chile,4/13/20,7964,82,312,2,35
Chile,4/14/20,8356,92,392,10,36
Chile,4/15/20,8712,94,356,2,37
Chile,4/16/20,9246,105,534,11,38
Chile,4/17/20,9691,116,445,11,39
Chile,4/18/20,10598,126,907,10,40
Chile,4/19/20,10956,133,358,7,41
Chile,4/20/20,11375,139,419,6,42
Chile,4/21/20,11700,147,325,8,43
Chile,4/22/20,12164,160,464,13,44
Chile,4/23/20,12680,168,516,8,45
Chile,4/24/20,13174,174,494,6,46
Chile,4/25/20,14537,181,1363,7,47
Chile,4/26/20,15010,189,473,8,48
Chile,4/27/20,15492,198,482,9,49
Chile,4/28/20,16044,207,552,9,50
Chile,4/29/20,16564,216,520,9,51
Chile,4/30/20,17702,227,1138,11,52
Chile,5/1/20,18687,234,985,7,53
Chile,5/2/20,21213,247,2526,13,54
Chile,5/3/20,22441,260,1228,13,55
Chile,5/4/20,23421,270,980,10,56
Chile,5/5/20,24794,275,1373,5,57
Chile,5/6/20,25826,281,1032,6,58
Chile,5/7/20,27359,285,1533,4,59
Chile,5/8/20,28750,294,1391,9,60
Chile,5/9/20,32208,304,3458,10,61
Chile,5/10/20,33855,312,1647,8,62
Chile,5/11/20,35052,323,1197,11,63
Chile,5/12/20,36710,335,1658,12,64
Chile,5/13/20,39370,346,2660,11,65
Chile,5/14/20,42029,368,2659,22,66
Chile,5/15/20,44531,394,2502,26,67
Chile,5/16/20,50016,421,5485,27,68
Chile,5/17/20,52369,450,2353,29,69
Chile,5/18/20,54647,478,2278,28,70
Chile,5/19/20,58167,509,3520,31,71
Chile,5/20/20,62205,544,4038,35,72
Chile,5/21/20,66169,589,3964,45,73
Chile,5/22/20,70445,630,4276,41,74
Chile,5/23/20,80287,673,9842,43,75
Chile,5/24/20,83996,718,3709,45,76
Chile,5/25/20,88891,761,4895,43,77
Chile,5/26/20,92855,806,3964,45,78
Chile,5/27/20,97183,841,4328,35,79
Chile,5/28/20,101837,890,4654,49,80
Chile,5/29/20,105532,944,3695,54,81
Chile,5/30/20,118720,997,13188,53,82
Chile,5/31/20,123550,1054,4830,57,83
Chile,6/1/20,129020,1113,5470,59,84
Chile,6/2/20,132548,1188,3528,75,85
Chile,6/3/20,137490,1275,4942,87,86
Chile,6/4/20,142154,1356,4664,81,87
Chile,6/5/20,146361,1448,4207,92,88
Chile,6/6/20,160351,1541,13990,93,89
Chile,6/7/20,166756,1637,6405,96,90
Chile,6/8/20,171452,2264,4696,627,91
Chile,6/9/20,175365,2283,3913,19,92
Chile,6/10/20,181062,2475,5697,192,93
Chile,6/11/20,186698,2648,5636,173,94
Chile,6/12/20,193452,2870,6754,222,95
Chile,6/13/20,201634,3101,8182,231,96
Chile,6/14/20,208572,3323,6938,222,97
Chile,6/15/20,213715,3362,5143,39,98
Chile,6/16/20,218728,3383,5013,21,99
Chile,6/17/20,220628,3615,1900,232,100
Chile,6/18/20,225103,3841,4475,226,101
Chile,6/19/20,231393,4093,6290,252,102
Chile,6/20/20,236748,4295,5355,202,103
Chile,6/21/20,242355,4479,5607,184,104
Chile,6/22/20,246963,4502,4608,23,105
Chile,6/23/20,250767,4505,3804,3,106
Chile,6/24/20,254416,4731,3649,226,107
Chile,6/25/20,259064,4903,4648,172,108
Chile,6/26/20,263360,5068,4296,165,109
Chile,6/27/20,267766,5347,4406,279,110
Chile,6/28/20,271982,5509,4216,162,111
Chile,6/29/20,275999,5575,4017,66,112
Chile,6/30/20,279393,5688,3394,113,113
Chile,7/1/20,282043,5753,2650,65,114
Chile,7/2/20,284541,5920,2498,167,115
Chile,7/3/20,288089,6051,3548,131,116
Chile,7/4/20,291847,6192,3758,141,117
Chile,7/5/20,295532,6308,3685,116,118
Chile,7/6/20,298557,6384,3025,76,119
Chile,7/7/20,301019,6434,2462,50,120
Chile,7/8/20,303083,6573,2064,139,121
Chile,7/9/20,306216,6682,3133,109,122
Chile,7/10/20,309274,6781,3058,99,123
Chile,7/11/20,312029,6881,2755,100,124
Chile,7/12/20,315041,6979,3012,98,125
Chile,7/13/20,317657,7024,2616,45,126
Chile,7/14/20,319493,7069,1836,45,127
Chile,7/15/20,321205,7186,1712,117,128
Chile,7/16/20,323698,7290,2493,104,129
Chile,7/17/20,326439,8347,2741,1057,130
Chile,7/18/20,328846,8445,2407,98,131
Chile,7/19/20,330930,8503,2084,58,132
Chile,7/20/20,333029,8633,2099,130,133
Chile,7/21/20,334683,8677,1654,44,134
Chile,7/22/20,336402,8722,1719,45,135
Chile,7/23/20,338759,8838,2357,116,136
Chile,7/24/20,341304,8914,2545,76,137
Chile,7/25/20,343592,9020,2288,106,138
Chile,7/26/20,345790,9112,2198,92,139
Chile,7/27/20,347923,9187,2133,75,140
Chile,7/28/20,349800,9240,1877,53,141
Chile,7/29/20,351575,9278,1775,38,142
Chile,7/30/20,353536,9377,1961,99,143
Chile,7/31/20,355667,9457,2131,80,144
Chile,8/1/20,357658,9533,1991,76,145
Chile,8/2/20,359731,9608,2073,75,146
Chile,8/3/20,361493,9707,1762,99,147
Chile,8/4/20,362962,9745,1469,38,148
Chile,8/5/20,364723,9792,1761,47,149
Chile,8/6/20,366671,9889,1948,97,150
Chile,8/7/20,368825,9958,2154,69,151
Chile,8/8/20,371023,10011,2198,53,152
Chile,8/9/20,373056,10077,2033,66,153
Chile,8/10/20,375044,10139,1988,62,154
Chile,8/11/20,376616,10178,1572,39,155
Chile,8/12/20,378168,10205,1552,27,156
Chile,8/13/20,380034,10299,1866,94,157
Chile,8/14/20,382111,10340,2077,41,158
Chile,8/15/20,383902,10395,1791,55,159
Chile,8/16/20,385946,10452,2044,57,160
Chile,8/17/20,387502,10513,1556,61,161
Chile,8/18/20,388855,10546,1353,33,162
Chile,8/19/20,390037,10578,1182,32,163
Chile,8/20/20,391849,10671,1812,93,164
Chile,8/21/20,393769,10723,1920,52,165
Chile,8/22/20,395708,10792,1939,69,166
Chile,8/23/20,397665,10852,1957,60,167
Chile,8/24/20,399568,10916,1903,64,168
Chile,8/25/20,400985,10958,1417,42,169
Chile,8/26/20,402365,10990,1380,32,170
Chile,8/27/20,404102,11072,1737,82,171
Chile,8/28/20,405972,11132,1870,60,172
Chile,8/29/20,408009,11181,2037,49,173
Chile,8/30/20,409974,11244,1965,63,174
Chile,8/31/20,411726,11289,1752,45,175
Chile,9/1/20,413145,11321,1419,32,176
Chile,9/2/20,414739,11344,1594,23,177
Chile,9/3/20,416501,11422,1762,78,178
Chile,9/4/20,418469,11494,1968,72,179
Chile,9/5/20,420434,11551,1965,57,180
Chile,9/6/20,422510,11592,2076,41,181
Chile,9/7/20,424274,11652,1764,60,182
Chile,9/8/20,425541,11682,1267,30,183
Chile,9/9/20,427027,11702,1486,20,184
Chile,9/10/20,428669,11781,1642,79,185
Chile,9/11/20,430535,11850,1866,69,186
Chile,9/12/20,432666,11895,2131,45,187
Chile,9/13/20,434748,11949,2082,54,188
Chile,9/14/20,436433,12013,1685,64,189
Chile,9/15/20,437983,12040,1550,27,190
Chile,9/16/20,439287,12058,1304,18,191
Chile,9/17/20,441150,12142,1863,84,192
Chile,9/18/20,442827,12199,1677,57,193
Chile,9/19/20,444674,12254,1847,55,194
Chile,9/20/20,446274,12286,1600,32,195
Chile,9/21/20,447468,12298,1194,12,196
Chile,9/22/20,448523,12321,1055,23,197
Chile,9/23/20,449903,12345,1380,24,198
Chile,9/24/20,451634,12469,1731,124,199
Chile,9/25/20,453868,12527,2234,58,200
Chile,9/26/20,455979,12591,2111,64,201
Chile,9/27/20,457901,12641,1922,50,202
Chile,9/28/20,459671,12698,1770,57,203
Chile,9/29/20,461300,12725,1629,27,204
Chile,9/30/20,462991,12741,1691,16,205
Chile,10/1/20,464750,12822,1759,81,206
Chile,10/2/20,466590,12867,1840,45,207
Chile,10/3/20,468471,12919,1881,52,208
Chile,10/4/20,470179,12979,1708,60,209
Chile,10/5/20,471746,13037,1567,58,210
Chile,10/6/20,473306,13070,1560,33,211
Chile,10/7/20,474440,13090,1134,20,212
Chile,10/8/20,476016,13167,1576,77,213
Chile,10/9/20,477769,13220,1753,53,214
Chile,10/10/20,479595,13272,1826,52,215
Chile,10/11/20,481371,13318,1776,46,216
Chile,10/12/20,482832,13376,1461,58,217
Chile,10/13/20,484280,13396,1448,20,218
Chile,10/14/20,485372,13415,1092,19,219
Chile,10/15/20,486496,13434,1124,19,220
Chile,10/16/20,488190,13529,1694,95,221
Chile,10/17/20,490003,13588,1813,59,222
Chile,10/18/20,491760,13635,1757,47,223
Chile,10/19/20,493305,13676,1545,41,224
Chile,10/20/20,494478,13702,1173,26,225
Chile,10/21/20,495637,13719,1159,17,226
Chile,10/22/20,497131,13792,1494,73,227
Chile,10/23/20,498906,13844,1775,52,228
Chile,10/24/20,500542,13892,1636,48,229
Chile,10/25/20,502063,13944,1521,52,230
Chile,10/26/20,503598,14003,1535,59,231
Chile,10/27/20,504525,14026,927,23,232
Chile,10/28/20,505530,14032,1005,6,233
Chile,10/29/20,507050,14118,1520,86,234
Chile,10/30/20,508571,14158,1521,40,235
Chile,10/31/20,510256,14207,1685,49,236
Chile,11/1/20,511864,14247,1608,40,237
Chile,11/2/20,513140,14302,1276,55,238
Chile,11/3/20,514202,14319,1062,17,239
Chile,11/4/20,515042,14340,840,21,240
Chile,11/5/20,516582,14404,1540,64,241
Chile,11/6/20,518390,14450,1808,46,242
Chile,11/7/20,519977,14499,1587,49,243
Chile,11/8/20,521558,14543,1581,44,244
Chile,11/9/20,522879,14588,1321,45,245
Chile,11/10/20,523907,14611,1028,23,246
Chile,11/11/20,524804,14633,897,22,247
Chile,11/12/20,526438,14699,1634,66,248
Chile,11/13/20,528030,14738,1592,39,249
Chile,11/14/20,529676,14777,1646,39,250
Chile,11/15/20,531273,14819,1597,42,251
Chile,11/16/20,532604,14863,1331,44,252
Chile,11/17/20,533610,14883,1006,20,253
Chile,11/18/20,534558,14897,948,14,254
Chile,11/19/20,536012,14955,1454,58,255
Chile,11/20/20,537585,15003,1573,48,256
Chile,11/21/20,539143,15030,1558,27,257
Chile,11/22/20,540640,15069,1497,39,258
Chile,11/23/20,542080,15106,1440,37,259
Chile,11/24/20,543087,15131,1007,25,260
Chile,11/25/20,544092,15138,1005,7,261
Chile,11/26/20,545662,15235,1570,97,262
Chile,11/27/20,547243,15278,1581,43,263
Chile,11/28/20,548941,15322,1698,44,264
Chile,11/29/20,550430,15356,1489,34,265
Chile,11/30/20,551743,15410,1313,54,266
Chile,12/1/20,552864,15430,1121,20,267
Chile,12/2/20,553898,15438,1034,8,268
Chile,12/3/20,555406,15519,1508,81,269
Chile,12/4/20,557135,15558,1729,39,270
Chile,12/5/20,558668,15592,1533,34,271
Chile,12/6/20,560382,15628,1714,36,272
Chile,12/7/20,562142,15663,1760,35,273
Chile,12/8/20,563534,15680,1392,17,274
Chile,12/9/20,564778,15690,1244,10,275
Chile,12/10/20,566440,15774,1662,84,276
Chile,12/11/20,567974,15782,1534,8,277
Chile,12/12/20,569781,15846,1807,64,278
Chile,12/13/20,571919,15886,2138,40,279
Chile,12/14/20,573830,15931,1911,45,280
Chile,12/15/20,575329,15949,1499,18,281
Chile,12/16/20,576731,15959,1402,10,282
Chile,12/17/20,578732,16007,2001,48,283
Chile,12/18/20,581135,16051,2403,44,284
Chile,12/19/20,583355,16101,2220,50,285
Chile,12/20/20,585546,16154,2191,53,286
Chile,12/21/20,587993,16197,2447,43,287
Chile,12/22/20,589189,16217,1196,20,288
Chile,12/23/20,590914,16228,1725,11,289
Chile,12/24/20,594152,16303,3238,75,290
Chile,12/25/20,595831,16358,1679,55,291
Chile,12/26/20,598394,16404,2563,46,292
Chile,12/27/20,600105,16443,1711,39,293
Chile,12/28/20,602028,16443,1923,0,294
Chile,12/29/20,603986,16488,1958,45,295
Chile,12/30/20,606950,16499,2964,11,296
Chile,12/31/20,608973,16608,2023,109,297
Chile,1/1/21,612564,16660,3591,52,298
Chile,1/2/21,615902,16724,3338,64,299
Chile,1/3/21,618191,16767,2289,43,300
Chile,1/4/21,620641,16767,2450,0,301
Chile,1/5/21,623101,16788,2460,21,302
Chile,1/6/21,625483,16816,2382,28,303
Chile,1/7/21,629176,16913,3693,97,304
Chile,1/8/21,633381,16974,4205,61,305
Chile,1/9/21,637742,17037,4361,63,306
Chile,1/10/21,641923,17096,4181,59,307
Chile,1/11/21,645892,17162,3969,66,308
Chile,1/12/21,649135,17182,3243,20,309
Chile,1/13/21,652525,17204,3390,22,310
Chile,1/14/21,656712,17294,4187,90,311
Chile,1/15/21,661180,17369,4468,75,312
Chile,1/16/21,665493,17435,4313,66,313
Chile,1/17/21,669832,17477,4339,42,314
Chile,1/18/21,673750,17547,3918,70,315
Chile,1/19/21,677151,17573,3401,26,316
Chile,1/20/21,680740,17594,3589,21,317
Chile,1/21/21,685107,17702,4367,108,318
Chile,1/22/21,690066,17786,4959,84,319
Chile,1/23/21,694647,17854,4581,68,320
Chile,1/24/21,699110,17933,4463,79,321
Chile,1/25/21,703178,17999,4068,66,322
Chile,1/26/21,706500,18023,3322,24,323
Chile,1/27/21,709888,18040,3388,17,324
Chile,1/28/21,714143,18174,4255,134,325
Chile,1/29/21,718749,18257,4606,83,326
Chile,1/30/21,722900,18339,4151,82,327
Chile,1/31/21,727109,18452,4209,113,328
Chile,2/1/21,730888,18537,3779,85,329
Chile,2/2/21,734035,18559,3147,22,330
Chile,2/3/21,736645,18576,2610,17,331
Chile,2/4/21,740237,18731,3592,155,332
Chile,2/5/21,744019,18808,3782,77,333
Chile,2/6/21,748082,18895,4063,87,334
Chile,2/7/21,751886,18974,3804,79,335
Chile,2/8/21,755350,19056,3464,82,336
Chile,2/9/21,758189,19084,2839,28,337
Chile,2/10/21,760576,19105,2387,21,338
Chile,2/11/21,764307,19262,3731,157,339
Chile,2/12/21,768471,19345,4164,83,340
Chile,2/13/21,772396,19443,3925,98,341
Chile,2/14/21,776209,19541,3813,98,342
Chile,2/15/21,779541,19624,3332,83,343
Chile,2/16/21,782039,19644,2498,20,344
Chile,2/17/21,784314,19659,2275,15,345
Chile,2/18/21,788142,19798,3828,139,346
Chile,2/19/21,791939,19897,3797,99,347
Chile,2/20/21,795845,19974,3906,77,348
Chile,2/21/21,799460,20042,3615,68,349
Chile,2/22/21,803009,20126,3549,84,350
Chile,2/23/21,805317,20151,2308,25,351
Chile,2/24/21,807872,20173,2555,22,352
Chile,2/25/21,812344,20310,4472,137,353
Chile,2/26/21,816929,20400,4585,90,354
Chile,2/27/21,821418,20476,4489,76,355
Chile,2/28/21,824625,20572,3207,96,356
Chile,3/1/21,829770,20660,5145,88,357
Chile,3/2/21,832512,20684,2742,24,358
Chile,3/3/21,835552,20704,3040,20,359
Chile,3/4/21,840119,20838,4567,134,360
Chile,3/5/21,845450,20928,5331,90,361
Chile,3/6/21,850483,21008,5033,80,362
Chile,3/7/21,855785,21077,5302,69,363
Chile,3/8/21,860533,21163,4748,86,364
Chile,3/9/21,864064,21182,3531,19,365
Chile,3/10/21,867949,21206,3885,24,366
Chile,3/11/21,873512,21362,5563,156,367
Chile,3/12/21,879485,21451,5973,89,368
