country,date,confirmed,deaths,new_confirmed,new_deaths,tagged_day
China,1/22/20,548,17,0,0,1
China,1/23/20,643,18,95,1,2
China,1/24/20,920,26,277,8,3
China,1/25/20,1406,42,486,16,4
China,1/26/20,2075,56,669,14,5
China,1/27/20,2877,82,802,26,6
China,1/28/20,5509,131,2632,49,7
China,1/29/20,6087,133,578,2,8
China,1/30/20,8141,171,2054,38,9
China,1/31/20,9802,213,1661,42,10
China,2/1/20,11891,259,2089,46,11
China,2/2/20,16630,361,4739,102,12
China,2/3/20,19716,425,3086,64,13
China,2/4/20,23707,491,3991,66,14
China,2/5/20,27440,563,3733,72,15
China,2/6/20,30587,633,3147,70,16
China,2/7/20,34110,718,3523,85,17
China,2/8/20,36814,805,2704,87,18
China,2/9/20,39829,905,3015,100,19
China,2/10/20,42354,1012,2525,107,20
China,2/11/20,44386,1112,2032,100,21
China,2/12/20,44759,1117,373,5,22
China,2/13/20,59895,1369,15136,252,23
China,2/14/20,66358,1521,6463,152,24
China,2/15/20,68413,1663,2055,142,25
China,2/16/20,70513,1766,2100,103,26
China,2/17/20,72434,1864,1921,98,27
China,2/18/20,74211,2003,1777,139,28
China,2/19/20,74619,2116,408,113,29
China,2/20/20,75077,2238,458,122,30
China,2/21/20,75550,2238,473,0,31
China,2/22/20,77001,2443,1451,205,32
China,2/23/20,77022,2445,21,2,33
China,2/24/20,77241,2595,219,150,34
China,2/25/20,77754,2665,513,70,35
China,2/26/20,78166,2717,412,52,36
China,2/27/20,78600,2746,434,29,37
China,2/28/20,78928,2790,328,44,38
China,2/29/20,79356,2837,428,47,39
China,3/1/20,79932,2872,576,35,40
China,3/2/20,80136,2914,204,42,41
China,3/3/20,80261,2947,125,33,42
China,3/4/20,80386,2983,125,36,43
China,3/5/20,80537,3015,151,32,44
China,3/6/20,80690,3044,153,29,45
China,3/7/20,80770,3072,80,28,46
China,3/8/20,80823,3100,53,28,47
China,3/9/20,80860,3123,37,23,48
China,3/10/20,80887,3139,27,16,49
China,3/11/20,80921,3161,34,22,50
China,3/12/20,80932,3172,11,11,51
China,3/13/20,80945,3180,13,8,52
China,3/14/20,80977,3193,32,13,53
China,3/15/20,81003,3203,26,10,54
China,3/16/20,81033,3217,30,14,55
China,3/17/20,81058,3230,25,13,56
China,3/18/20,81102,3241,44,11,57
China,3/19/20,81156,3249,54,8,58
China,3/20/20,81250,3253,94,4,59
China,3/21/20,81305,3259,55,6,60
China,3/22/20,81435,3274,130,15,61
China,3/23/20,81498,3274,63,0,62
China,3/24/20,81591,3281,93,7,63
China,3/25/20,81661,3285,70,4,64
China,3/26/20,81782,3291,121,6,65
China,3/27/20,81897,3296,115,5,66
China,3/28/20,81999,3299,102,3,67
China,3/29/20,82122,3304,123,5,68
China,3/30/20,82198,3308,76,4,69
China,3/31/20,82279,3309,81,1,70
China,4/1/20,82361,3316,82,7,71
China,4/2/20,82432,3322,71,6,72
China,4/3/20,82511,3326,79,4,73
China,4/4/20,82543,3330,32,4,74
China,4/5/20,82602,3333,59,3,75
China,4/6/20,82665,3335,63,2,76
China,4/7/20,82718,3335,53,0,77
China,4/8/20,82809,3337,91,2,78
China,4/9/20,82883,3339,74,2,79
China,4/10/20,82941,3340,58,1,80
China,4/11/20,83014,3343,73,3,81
China,4/12/20,83134,3343,120,0,82
China,4/13/20,83213,3345,79,2,83
China,4/14/20,83306,3345,93,0,84
China,4/15/20,83356,3346,50,1,85
China,4/16/20,83403,3346,47,0,86
China,4/17/20,83760,4636,357,1290,87
China,4/18/20,83787,4636,27,0,88
China,4/19/20,83805,4636,18,0,89
China,4/20/20,83817,4636,12,0,90
China,4/21/20,83853,4636,36,0,91
China,4/22/20,83868,4636,15,0,92
China,4/23/20,83884,4636,16,0,93
China,4/24/20,83899,4636,15,0,94
China,4/25/20,83909,4636,10,0,95
China,4/26/20,83912,4637,3,1,96
China,4/27/20,83918,4637,6,0,97
China,4/28/20,83940,4637,22,0,98
China,4/29/20,83944,4637,4,0,99
China,4/30/20,83956,4637,12,0,100
China,5/1/20,83959,4637,3,0,101
China,5/2/20,83959,4637,0,0,102
China,5/3/20,83964,4637,5,0,103
China,5/4/20,83966,4637,2,0,104
China,5/5/20,83968,4637,2,0,105
China,5/6/20,83970,4637,2,0,106
China,5/7/20,83975,4637,5,0,107
China,5/8/20,83976,4637,1,0,108
China,5/9/20,83990,4637,14,0,109
China,5/10/20,84010,4637,20,0,110
China,5/11/20,84011,4637,1,0,111
China,5/12/20,84018,4637,7,0,112
China,5/13/20,84024,4637,6,0,113
China,5/14/20,84029,4637,5,0,114
China,5/15/20,84038,4637,9,0,115
China,5/16/20,84044,4638,6,1,116
China,5/17/20,84054,4638,10,0,117
China,5/18/20,84063,4638,9,0,118
China,5/19/20,84063,4638,0,0,119
China,5/20/20,84063,4638,0,0,120
China,5/21/20,84063,4638,0,0,121
China,5/22/20,84081,4638,18,0,122
China,5/23/20,84084,4638,3,0,123
China,5/24/20,84095,4638,11,0,124
China,5/25/20,84102,4638,7,0,125
China,5/26/20,84103,4638,1,0,126
China,5/27/20,84106,4638,3,0,127
China,5/28/20,84106,4638,0,0,128
China,5/29/20,84123,4638,17,0,129
China,5/30/20,84128,4638,5,0,130
China,5/31/20,84146,4638,18,0,131
China,6/1/20,84154,4638,8,0,132
China,6/2/20,84161,4638,7,0,133
China,6/3/20,84160,4638,-1,0,134
China,6/4/20,84171,4638,11,0,135
China,6/5/20,84177,4638,6,0,136
China,6/6/20,84186,4638,9,0,137
China,6/7/20,84191,4638,5,0,138
China,6/8/20,84195,4638,4,0,139
China,6/9/20,84198,4638,3,0,140
China,6/10/20,84209,4638,11,0,141
China,6/11/20,84216,4638,7,0,142
China,6/12/20,84228,4638,12,0,143
China,6/13/20,84286,4638,58,0,144
China,6/14/20,84335,4638,49,0,145
China,6/15/20,84378,4638,43,0,146
China,6/16/20,84422,4638,44,0,147
China,6/17/20,84458,4638,36,0,148
China,6/18/20,84494,4638,36,0,149
China,6/19/20,84494,4638,0,0,150
China,6/20/20,84553,4639,59,1,151
China,6/21/20,84572,4639,19,0,152
China,6/22/20,84624,4639,52,0,153
China,6/23/20,84653,4640,29,1,154
China,6/24/20,84673,4640,20,0,155
China,6/25/20,84701,4641,28,1,156
China,6/26/20,84725,4641,24,0,157
China,6/27/20,84743,4641,18,0,158
China,6/28/20,84757,4641,14,0,159
China,6/29/20,84780,4641,23,0,160
China,6/30/20,84785,4641,5,0,161
China,7/1/20,84816,4641,31,0,162
China,7/2/20,84830,4641,14,0,163
China,7/3/20,84838,4641,8,0,164
China,7/4/20,84857,4641,19,0,165
China,7/5/20,84871,4641,14,0,166
China,7/6/20,84889,4641,18,0,167
China,7/7/20,84917,4641,28,0,168
China,7/8/20,84950,4641,33,0,169
China,7/9/20,84992,4641,42,0,170
China,7/10/20,84992,4641,0,0,171
China,7/11/20,85071,4641,79,0,172
China,7/12/20,85117,4641,46,0,173
China,7/13/20,85117,4641,0,0,174
China,7/14/20,85226,4642,109,1,175
China,7/15/20,85246,4644,20,2,176
China,7/16/20,85327,4644,81,0,177
China,7/17/20,85402,4645,75,1,178
China,7/18/20,85418,4646,16,1,179
China,7/19/20,85503,4646,85,0,180
China,7/20/20,85622,4646,119,0,181
China,7/21/20,85708,4648,86,2,182
China,7/22/20,85906,4648,198,0,183
China,7/23/20,86045,4649,139,1,184
China,7/24/20,86202,4650,157,1,185
China,7/25/20,86381,4652,179,2,186
China,7/26/20,86570,4652,189,0,187
China,7/27/20,86783,4656,213,4,188
China,7/28/20,86990,4657,207,1,189
China,7/29/20,87213,4658,223,1,190
China,7/30/20,87489,4659,276,1,191
China,7/31/20,87655,4661,166,2,192
China,8/1/20,87827,4667,172,6,193
China,8/2/20,87985,4669,158,2,194
China,8/3/20,88099,4672,114,3,195
China,8/4/20,88206,4676,107,4,196
China,8/5/20,88328,4677,122,1,197
China,8/6/20,88460,4680,132,3,198
China,8/7/20,88580,4681,120,1,199
China,8/8/20,88672,4681,92,0,200
China,8/9/20,88793,4686,121,5,201
China,8/10/20,88906,4689,113,3,202
China,8/11/20,88958,4693,52,4,203
China,8/12/20,89045,4697,87,4,204
China,8/13/20,89144,4700,99,3,205
China,8/14/20,89214,4701,70,1,206
China,8/15/20,89279,4703,65,2,207
China,8/16/20,89375,4703,96,0,208
China,8/17/20,89441,4703,66,0,209
China,8/18/20,89494,4705,53,2,210
China,8/19/20,89527,4706,33,1,211
China,8/20/20,89567,4709,40,3,212
China,8/21/20,89616,4709,49,0,213
China,8/22/20,89654,4711,38,2,214
China,8/23/20,89695,4711,41,0,215
China,8/24/20,89718,4711,23,0,216
China,8/25/20,89752,4712,34,1,217
China,8/26/20,89784,4713,32,1,218
China,8/27/20,89814,4715,30,2,219
China,8/28/20,89836,4718,22,3,220
China,8/29/20,89863,4721,27,3,221
China,8/30/20,89895,4722,32,1,222
China,8/31/20,89914,4723,19,1,223
China,9/1/20,89933,4724,19,1,224
China,9/2/20,89953,4727,20,3,225
China,9/3/20,89986,4728,33,1,226
China,9/4/20,90008,4728,22,0,227
China,9/5/20,90025,4728,17,0,228
China,9/6/20,90058,4730,33,2,229
China,9/7/20,90078,4732,20,2,230
China,9/8/20,90087,4733,9,1,231
China,9/9/20,90100,4733,13,0,232
China,9/10/20,90127,4733,27,0,233
China,9/11/20,90145,4733,18,0,234
China,9/12/20,90168,4734,23,1,235
China,9/13/20,90197,4734,29,0,236
China,9/14/20,90219,4735,22,1,237
China,9/15/20,90235,4736,16,1,238
China,9/16/20,90253,4736,18,0,239
China,9/17/20,90294,4736,41,0,240
China,9/18/20,90311,4737,17,1,241
China,9/19/20,90334,4737,23,0,242
China,9/20/20,90369,4737,35,0,243
China,9/21/20,90381,4737,12,0,244
China,9/22/20,90399,4737,18,0,245
China,9/23/20,90409,4738,10,1,246
China,9/24/20,90424,4738,15,0,247
China,9/25/20,90441,4739,17,1,248
China,9/26/20,90456,4739,15,0,249
China,9/27/20,90483,4739,27,0,250
China,9/28/20,90505,4739,22,0,251
China,9/29/20,90528,4739,23,0,252
China,9/30/20,90545,4739,17,0,253
China,10/1/20,90567,4739,22,0,254
China,10/2/20,90584,4739,17,0,255
China,10/3/20,90604,4739,20,0,256
China,10/4/20,90629,4739,25,0,257
China,10/5/20,90652,4739,23,0,258
China,10/6/20,90667,4739,15,0,259
China,10/7/20,90687,4739,20,0,260
China,10/8/20,90728,4739,41,0,261
China,10/9/20,90751,4739,23,0,262
China,10/10/20,90778,4739,27,0,263
China,10/11/20,90812,4739,34,0,264
China,10/12/20,90830,4739,18,0,265
China,10/13/20,90858,4739,28,0,266
China,10/14/20,90869,4739,11,0,267
China,10/15/20,90905,4739,36,0,268
China,10/16/20,90925,4739,20,0,269
China,10/17/20,90955,4739,30,0,270
China,10/18/20,90972,4739,17,0,271
China,10/19/20,91006,4739,34,0,272
China,10/20/20,91022,4739,16,0,273
China,10/21/20,91044,4739,22,0,274
China,10/22/20,91073,4739,29,0,275
China,10/23/20,91108,4739,35,0,276
China,10/24/20,91128,4739,20,0,277
China,10/25/20,91151,4739,23,0,278
China,10/26/20,91175,4739,24,0,279
China,10/27/20,91222,4739,47,0,280
China,10/28/20,91271,4739,49,0,281
China,10/29/20,91299,4739,28,0,282
China,10/30/20,91339,4739,40,0,283
China,10/31/20,91366,4739,27,0,284
China,11/1/20,91397,4739,31,0,285
China,11/2/20,91452,4739,55,0,286
China,11/3/20,91478,4739,26,0,287
China,11/4/20,91509,4740,31,1,288
China,11/5/20,91552,4741,43,1,289
China,11/6/20,91591,4741,39,0,290
China,11/7/20,91622,4741,31,0,291
China,11/8/20,91665,4741,43,0,292
China,11/9/20,91693,4741,28,0,293
China,11/10/20,91719,4742,26,1,294
China,11/11/20,91752,4742,33,0,295
China,11/12/20,91783,4742,31,0,296
China,11/13/20,91807,4742,24,0,297
China,11/14/20,91828,4742,21,0,298
China,11/15/20,91850,4742,22,0,299
China,11/16/20,91872,4742,22,0,300
China,11/17/20,91885,4742,13,0,301
China,11/18/20,91906,4742,21,0,302
China,11/19/20,91935,4742,29,0,303
China,11/20/20,91977,4742,42,0,304
China,11/21/20,92037,4742,60,0,305
China,11/22/20,92116,4742,79,0,306
China,11/23/20,92211,4742,95,0,307
China,11/24/20,92296,4742,85,0,308
China,11/25/20,92402,4742,106,0,309
China,11/26/20,92488,4742,86,0,310
China,11/27/20,92586,4742,98,0,311
China,11/28/20,92681,4743,95,1,312
China,11/29/20,92814,4743,133,0,313
China,11/30/20,92902,4743,88,0,314
China,12/1/20,92993,4743,91,0,315
China,12/2/20,93113,4744,120,1,316
China,12/3/20,93221,4745,108,1,317
China,12/4/20,93348,4746,127,1,318
China,12/5/20,93467,4746,119,0,319
China,12/6/20,93577,4746,110,0,320
China,12/7/20,93670,4746,93,0,321
China,12/8/20,93782,4746,112,0,322
China,12/9/20,93898,4748,116,2,323
China,12/10/20,94025,4748,127,0,324
China,12/11/20,94124,4748,99,0,325
China,12/12/20,94217,4749,93,1,326
China,12/13/20,94328,4751,111,2,327
China,12/14/20,94427,4754,99,3,328
China,12/15/20,94537,4757,110,3,329
China,12/16/20,94626,4757,89,0,330
China,12/17/20,94734,4759,108,2,331
China,12/18/20,94821,4763,87,4,332
China,12/19/20,94953,4763,132,0,333
China,12/20/20,95050,4764,97,1,334
China,12/21/20,95150,4765,100,1,335
China,12/22/20,95228,4766,78,1,336
China,12/23/20,95298,4767,70,1,337
China,12/24/20,95383,4769,85,2,338
China,12/25/20,95460,4770,77,1,339
China,12/26/20,95541,4770,81,0,340
China,12/27/20,95632,4771,91,1,341
China,12/28/20,95720,4775,88,4,342
China,12/29/20,95797,4777,77,2,343
China,12/30/20,95876,4781,79,4,344
China,12/31/20,95963,4782,87,1,345
China,1/1/21,96023,4782,60,0,346
China,1/2/21,96086,4784,63,2,347
China,1/3/21,96160,4784,74,0,348
China,1/4/21,96246,4787,86,3,349
China,1/5/21,96310,4787,64,0,350
China,1/6/21,96398,4788,88,1,351
China,1/7/21,96484,4788,86,0,352
China,1/8/21,96562,4789,78,1,353
China,1/9/21,96690,4791,128,2,354
China,1/10/21,96824,4792,134,1,355
China,1/11/21,96920,4793,96,1,356
China,1/12/21,97095,4794,175,1,357
China,1/13/21,97275,4796,180,2,358
China,1/14/21,97448,4796,173,0,359
China,1/15/21,97616,4796,168,0,360
China,1/16/21,97775,4797,159,1,361
China,1/17/21,97939,4797,164,0,362
China,1/18/21,98164,4798,225,1,363
China,1/19/21,98323,4800,159,2,364
China,1/20/21,98544,4801,221,1,365
China,1/21/21,98786,4803,242,2,366
China,1/22/21,98886,4803,100,0,367
China,1/23/21,99047,4803,161,0,368
China,1/24/21,99247,4804,200,1,369
China,1/25/21,99402,4807,155,3,370
China,1/26/21,99541,4809,139,2,371
China,1/27/21,99655,4811,114,2,372
China,1/28/21,99746,4813,91,2,373
China,1/29/21,99848,4814,102,1,374
China,1/30/21,99968,4815,120,1,375
China,1/31/21,100063,4817,95,2,376
China,2/1/21,100127,4818,64,1,377
China,2/2/21,100177,4820,50,2,378
China,2/3/21,100226,4821,49,1,379
China,2/4/21,100268,4822,42,1,380
China,2/5/21,100318,4822,50,0,381
China,2/6/21,100348,4822,30,0,382
China,2/7/21,100389,4822,41,0,383
China,2/8/21,100435,4822,46,0,384
China,2/9/21,100475,4824,40,2,385
China,2/10/21,100494,4825,19,1,386
China,2/11/21,100527,4827,33,2,387
China,2/12/21,100559,4828,32,1,388
China,2/13/21,100578,4829,19,1,389
China,2/14/21,100599,4829,21,0,390
China,2/15/21,100624,4829,25,0,391
China,2/16/21,100639,4831,15,2,392
China,2/17/21,100666,4833,27,2,393
China,2/18/21,100684,4833,18,0,394
China,2/19/21,100705,4833,21,0,395
China,2/20/21,100727,4833,22,0,396
China,2/21/21,100758,4833,31,0,397
China,2/22/21,100784,4833,26,0,398
China,2/23/21,100807,4833,23,0,399
China,2/24/21,100832,4834,25,1,400
China,2/25/21,100851,4834,19,0,401
China,2/26/21,100885,4834,34,0,402
China,2/27/21,100924,4834,39,0,403
China,2/28/21,100965,4835,41,1,404
China,3/1/21,100990,4836,25,1,405
China,3/2/21,101013,4836,23,0,406
China,3/3/21,101037,4836,24,0,407
China,3/4/21,101055,4837,18,1,408
China,3/5/21,101074,4837,19,0,409
China,3/6/21,101097,4838,23,1,410
China,3/7/21,101132,4838,35,0,411
China,3/8/21,101149,4838,17,0,412
China,3/9/21,101175,4838,26,0,413
China,3/10/21,101194,4839,19,1,414
China,3/11/21,101225,4839,31,0,415
China,3/12/21,101292,4839,67,0,416
