country,date,confirmed,deaths,new_confirmed,new_deaths,tagged_day
Cyprus,3/14/20,26,0,12,0,1
Cyprus,3/15/20,26,0,0,0,2
Cyprus,3/16/20,33,0,7,0,3
Cyprus,3/17/20,46,0,13,0,4
Cyprus,3/18/20,49,0,3,0,5
Cyprus,3/19/20,67,0,18,0,6
Cyprus,3/20/20,67,0,0,0,7
Cyprus,3/21/20,84,0,17,0,8
Cyprus,3/22/20,95,1,11,1,9
Cyprus,3/23/20,116,1,21,0,10
Cyprus,3/24/20,124,3,8,2,11
Cyprus,3/25/20,132,3,8,0,12
Cyprus,3/26/20,146,3,14,0,13
Cyprus,3/27/20,162,5,16,2,14
Cyprus,3/28/20,179,5,17,0,15
Cyprus,3/29/20,214,5,35,0,16
Cyprus,3/30/20,230,7,16,2,17
Cyprus,3/31/20,262,8,32,1,18
Cyprus,4/1/20,320,9,58,1,19
Cyprus,4/2/20,356,10,36,1,20
Cyprus,4/3/20,396,11,40,1,21
Cyprus,4/4/20,426,11,30,0,22
Cyprus,4/5/20,446,9,20,-2,23
Cyprus,4/6/20,465,9,19,0,24
Cyprus,4/7/20,494,9,29,0,25
Cyprus,4/8/20,526,9,32,0,26
Cyprus,4/9/20,564,10,38,1,27
Cyprus,4/10/20,595,10,31,0,28
Cyprus,4/11/20,616,10,21,0,29
Cyprus,4/12/20,633,11,17,1,30
Cyprus,4/13/20,662,12,29,1,31
Cyprus,4/14/20,695,12,33,0,32
Cyprus,4/15/20,715,12,20,0,33
Cyprus,4/16/20,735,12,20,0,34
Cyprus,4/17/20,750,12,15,0,35
Cyprus,4/18/20,761,12,11,0,36
Cyprus,4/19/20,767,12,6,0,37
Cyprus,4/20/20,772,12,5,0,38
Cyprus,4/21/20,784,12,12,0,39
Cyprus,4/22/20,790,13,6,1,40
Cyprus,4/23/20,795,13,5,0,41
Cyprus,4/24/20,804,14,9,1,42
Cyprus,4/25/20,810,14,6,0,43
Cyprus,4/26/20,817,14,7,0,44
Cyprus,4/27/20,822,15,5,1,45
Cyprus,4/28/20,837,15,15,0,46
Cyprus,4/29/20,843,15,6,0,47
Cyprus,4/30/20,850,15,7,0,48
Cyprus,5/1/20,857,15,7,0,49
Cyprus,5/2/20,864,15,7,0,50
Cyprus,5/3/20,872,15,8,0,51
Cyprus,5/4/20,874,15,2,0,52
Cyprus,5/5/20,878,15,4,0,53
Cyprus,5/6/20,883,15,5,0,54
Cyprus,5/7/20,889,15,6,0,55
Cyprus,5/8/20,891,15,2,0,56
Cyprus,5/9/20,892,15,1,0,57
Cyprus,5/10/20,898,16,6,1,58
Cyprus,5/11/20,901,16,3,0,59
Cyprus,5/12/20,903,16,2,0,60
Cyprus,5/13/20,905,17,2,1,61
Cyprus,5/14/20,907,17,2,0,62
Cyprus,5/15/20,910,17,3,0,63
Cyprus,5/16/20,914,17,4,0,64
Cyprus,5/17/20,916,17,2,0,65
Cyprus,5/18/20,917,17,1,0,66
Cyprus,5/19/20,918,17,1,0,67
Cyprus,5/20/20,922,17,4,0,68
Cyprus,5/21/20,923,17,1,0,69
Cyprus,5/22/20,927,17,4,0,70
Cyprus,5/23/20,927,17,0,0,71
Cyprus,5/24/20,935,17,8,0,72
Cyprus,5/25/20,937,17,2,0,73
Cyprus,5/26/20,939,17,2,0,74
Cyprus,5/27/20,939,17,0,0,75
Cyprus,5/28/20,941,17,2,0,76
Cyprus,5/29/20,942,17,1,0,77
Cyprus,5/30/20,944,17,2,0,78
Cyprus,5/31/20,944,17,0,0,79
Cyprus,6/1/20,949,17,5,0,80
Cyprus,6/2/20,952,17,3,0,81
Cyprus,6/3/20,958,17,6,0,82
Cyprus,6/4/20,958,17,0,0,83
Cyprus,6/5/20,960,17,2,0,84
Cyprus,6/6/20,960,18,0,1,85
Cyprus,6/7/20,964,18,4,0,86
Cyprus,6/8/20,970,18,6,0,87
Cyprus,6/9/20,972,18,2,0,88
Cyprus,6/10/20,974,18,2,0,89
Cyprus,6/11/20,975,18,1,0,90
Cyprus,6/12/20,980,18,5,0,91
Cyprus,6/13/20,980,18,0,0,92
Cyprus,6/14/20,983,18,3,0,93
Cyprus,6/15/20,985,18,2,0,94
Cyprus,6/16/20,985,18,0,0,95
Cyprus,6/17/20,985,18,0,0,96
Cyprus,6/18/20,985,19,0,1,97
Cyprus,6/19/20,985,19,0,0,98
Cyprus,6/20/20,985,19,0,0,99
Cyprus,6/21/20,986,19,1,0,100
Cyprus,6/22/20,988,19,2,0,101
Cyprus,6/23/20,990,19,2,0,102
Cyprus,6/24/20,991,19,1,0,103
Cyprus,6/25/20,992,19,1,0,104
Cyprus,6/26/20,992,19,0,0,105
Cyprus,6/27/20,994,19,2,0,106
Cyprus,6/28/20,994,19,0,0,107
Cyprus,6/29/20,996,19,2,0,108
Cyprus,6/30/20,998,19,2,0,109
Cyprus,7/1/20,999,19,1,0,110
Cyprus,7/2/20,999,19,0,0,111
Cyprus,7/3/20,999,19,0,0,112
Cyprus,7/4/20,1002,19,3,0,113
Cyprus,7/5/20,1003,19,1,0,114
Cyprus,7/6/20,1004,19,1,0,115
Cyprus,7/7/20,1005,19,1,0,116
Cyprus,7/8/20,1008,19,3,0,117
Cyprus,7/9/20,1010,19,2,0,118
Cyprus,7/10/20,1013,19,3,0,119
Cyprus,7/11/20,1014,19,1,0,120
Cyprus,7/12/20,1021,19,7,0,121
Cyprus,7/13/20,1022,19,1,0,122
Cyprus,7/14/20,1023,19,1,0,123
Cyprus,7/15/20,1025,19,2,0,124
Cyprus,7/16/20,1031,19,6,0,125
Cyprus,7/17/20,1033,19,2,0,126
Cyprus,7/18/20,1037,19,4,0,127
Cyprus,7/19/20,1038,19,1,0,128
Cyprus,7/20/20,1038,19,0,0,129
Cyprus,7/21/20,1040,19,2,0,130
Cyprus,7/22/20,1040,19,0,0,131
Cyprus,7/23/20,1045,19,5,0,132
Cyprus,7/24/20,1047,19,2,0,133
Cyprus,7/25/20,1053,19,6,0,134
Cyprus,7/26/20,1057,19,4,0,135
Cyprus,7/27/20,1060,19,3,0,136
Cyprus,7/28/20,1067,19,7,0,137
Cyprus,7/29/20,1080,19,13,0,138
Cyprus,7/30/20,1090,19,10,0,139
Cyprus,7/31/20,1114,19,24,0,140
Cyprus,8/1/20,1124,19,10,0,141
Cyprus,8/2/20,1150,19,26,0,142
Cyprus,8/3/20,1155,19,5,0,143
Cyprus,8/4/20,1180,19,25,0,144
Cyprus,8/5/20,1195,19,15,0,145
Cyprus,8/6/20,1208,19,13,0,146
Cyprus,8/7/20,1222,19,14,0,147
Cyprus,8/8/20,1233,19,11,0,148
Cyprus,8/9/20,1242,19,9,0,149
Cyprus,8/10/20,1252,19,10,0,150
Cyprus,8/11/20,1277,20,25,1,151
Cyprus,8/12/20,1291,20,14,0,152
Cyprus,8/13/20,1305,20,14,0,153
Cyprus,8/14/20,1318,20,13,0,154
Cyprus,8/15/20,1332,20,14,0,155
Cyprus,8/16/20,1339,20,7,0,156
Cyprus,8/17/20,1351,20,12,0,157
Cyprus,8/18/20,1359,20,8,0,158
Cyprus,8/19/20,1385,20,26,0,159
Cyprus,8/20/20,1395,20,10,0,160
Cyprus,8/21/20,1406,20,11,0,161
Cyprus,8/22/20,1417,20,11,0,162
Cyprus,8/23/20,1421,20,4,0,163
Cyprus,8/24/20,1451,20,30,0,164
Cyprus,8/25/20,1474,20,23,0,165
Cyprus,8/26/20,1484,20,10,0,166
Cyprus,8/27/20,1467,20,-17,0,167
Cyprus,8/28/20,1481,20,14,0,168
Cyprus,8/29/20,1483,20,2,0,169
Cyprus,8/30/20,1487,20,4,0,170
Cyprus,8/31/20,1488,20,1,0,171
Cyprus,9/1/20,1490,21,2,1,172
Cyprus,9/2/20,1495,21,5,0,173
Cyprus,9/3/20,1498,21,3,0,174
Cyprus,9/4/20,1502,21,4,0,175
Cyprus,9/5/20,1507,21,5,0,176
Cyprus,9/6/20,1509,21,2,0,177
Cyprus,9/7/20,1510,22,1,1,178
Cyprus,9/8/20,1511,22,1,0,179
Cyprus,9/9/20,1514,22,3,0,180
Cyprus,9/10/20,1517,22,3,0,181
Cyprus,9/11/20,1520,22,3,0,182
Cyprus,9/12/20,1523,22,3,0,183
Cyprus,9/13/20,1526,22,3,0,184
Cyprus,9/14/20,1534,22,8,0,185
Cyprus,9/15/20,1540,22,6,0,186
Cyprus,9/16/20,1548,22,8,0,187
Cyprus,9/17/20,1558,22,10,0,188
Cyprus,9/18/20,1565,22,7,0,189
Cyprus,9/19/20,1590,22,25,0,190
Cyprus,9/20/20,1600,22,10,0,191
Cyprus,9/21/20,1603,22,3,0,192
Cyprus,9/22/20,1618,22,15,0,193
Cyprus,9/23/20,1654,22,36,0,194
Cyprus,9/24/20,1663,22,9,0,195
Cyprus,9/25/20,1671,22,8,0,196
Cyprus,9/26/20,1684,22,13,0,197
Cyprus,9/27/20,1696,22,12,0,198
Cyprus,9/28/20,1713,22,17,0,199
Cyprus,9/29/20,1743,22,30,0,200
Cyprus,9/30/20,1755,22,12,0,201
Cyprus,10/1/20,1772,22,17,0,202
Cyprus,10/2/20,1789,22,17,0,203
Cyprus,10/3/20,1811,22,22,0,204
Cyprus,10/4/20,1824,22,13,0,205
Cyprus,10/5/20,1847,22,23,0,206
Cyprus,10/6/20,1876,23,29,1,207
Cyprus,10/7/20,1897,24,21,1,208
Cyprus,10/8/20,1918,24,21,0,209
Cyprus,10/9/20,1951,25,33,1,210
Cyprus,10/10/20,1986,25,35,0,211
Cyprus,10/11/20,2006,25,20,0,212
Cyprus,10/12/20,2047,25,41,0,213
Cyprus,10/13/20,2130,25,83,0,214
Cyprus,10/14/20,2181,25,51,0,215
Cyprus,10/15/20,2285,25,104,0,216
Cyprus,10/16/20,2379,25,94,0,217
Cyprus,10/17/20,2581,25,202,0,218
Cyprus,10/18/20,2644,25,63,0,219
Cyprus,10/19/20,2687,25,43,0,220
Cyprus,10/20/20,2839,25,152,0,221
Cyprus,10/21/20,2966,25,127,0,222
Cyprus,10/22/20,3154,25,188,0,223
Cyprus,10/23/20,3314,25,160,0,224
Cyprus,10/24/20,3444,25,130,0,225
Cyprus,10/25/20,3545,25,101,0,226
Cyprus,10/26/20,3636,25,91,0,227
Cyprus,10/27/20,3817,25,181,0,228
Cyprus,10/28/20,3930,25,113,0,229
Cyprus,10/29/20,4051,25,121,0,230
Cyprus,10/30/20,4217,25,166,0,231
Cyprus,10/31/20,4366,26,149,1,232
Cyprus,11/1/20,4563,26,197,0,233
Cyprus,11/2/20,4760,27,197,1,234
Cyprus,11/3/20,4934,27,174,0,235
Cyprus,11/4/20,5100,27,166,0,236
Cyprus,11/5/20,5333,27,233,0,237
Cyprus,11/6/20,5557,27,224,0,238
Cyprus,11/7/20,5871,35,314,8,239
Cyprus,11/8/20,5987,28,116,-7,240
Cyprus,11/9/20,6098,28,111,0,241
Cyprus,11/10/20,6296,29,198,1,242
Cyprus,11/11/20,6461,33,165,4,243
Cyprus,11/12/20,6646,34,185,1,244
Cyprus,11/13/20,6853,38,207,4,245
Cyprus,11/14/20,7051,39,198,1,246
Cyprus,11/15/20,7178,39,127,0,247
Cyprus,11/16/20,7285,40,107,1,248
Cyprus,11/17/20,7513,40,228,0,249
Cyprus,11/18/20,7711,41,198,1,250
Cyprus,11/19/20,7979,41,268,0,251
Cyprus,11/20/20,8211,43,232,2,252
Cyprus,11/21/20,8456,43,245,0,253
Cyprus,11/22/20,8643,44,187,1,254
Cyprus,11/23/20,8947,44,304,0,255
Cyprus,11/24/20,9199,46,252,2,256
Cyprus,11/25/20,9453,47,254,1,257
Cyprus,11/26/20,9673,48,220,1,258
Cyprus,11/27/20,9983,48,310,0,259
Cyprus,11/28/20,10231,48,248,0,260
Cyprus,11/29/20,10383,48,152,0,261
Cyprus,11/30/20,10565,49,182,1,262
Cyprus,12/1/20,10883,49,318,0,263
Cyprus,12/2/20,11175,52,292,3,264
Cyprus,12/3/20,11523,54,348,2,265
Cyprus,12/4/20,11812,57,289,3,266
Cyprus,12/5/20,12181,57,369,0,267
Cyprus,12/6/20,12451,61,270,4,268
Cyprus,12/7/20,12867,63,416,2,269
Cyprus,12/8/20,13286,68,419,5,270
Cyprus,12/9/20,13286,68,0,0,271
Cyprus,12/10/20,13649,70,363,2,272
Cyprus,12/11/20,13649,70,0,0,273
Cyprus,12/12/20,14476,75,827,5,274
Cyprus,12/13/20,15101,78,625,3,275
Cyprus,12/14/20,15450,82,349,4,276
Cyprus,12/15/20,15789,84,339,2,277
Cyprus,12/16/20,16190,85,401,1,278
Cyprus,12/17/20,16190,85,0,0,279
Cyprus,12/18/20,16647,85,457,0,280
Cyprus,12/19/20,17476,89,829,4,281
Cyprus,12/20/20,17688,91,212,2,282
Cyprus,12/21/20,18004,96,316,5,283
Cyprus,12/22/20,18004,96,0,0,284
Cyprus,12/23/20,18883,104,879,8,285
Cyprus,12/24/20,19316,107,433,3,286
Cyprus,12/25/20,19366,109,50,2,287
Cyprus,12/26/20,19391,111,25,2,288
Cyprus,12/27/20,19657,112,266,1,289
Cyprus,12/28/20,20408,113,751,1,290
Cyprus,12/29/20,21315,117,907,4,291
Cyprus,12/30/20,22019,119,704,2,292
Cyprus,12/31/20,22019,119,0,0,293
Cyprus,1/1/21,22818,127,799,8,294
Cyprus,1/2/21,23445,129,627,2,295
Cyprus,1/3/21,23974,131,529,2,296
Cyprus,1/4/21,24639,133,665,2,297
Cyprus,1/5/21,25208,134,569,1,298
Cyprus,1/6/21,25781,138,573,4,299
Cyprus,1/7/21,26208,140,427,2,300
Cyprus,1/8/21,26674,141,466,1,301
Cyprus,1/9/21,27011,147,337,6,302
Cyprus,1/10/21,27350,148,339,1,303
Cyprus,1/11/21,27638,153,288,5,304
Cyprus,1/12/21,27897,157,259,4,305
Cyprus,1/13/21,28124,163,227,6,306
Cyprus,1/14/21,28124,163,0,0,307
Cyprus,1/15/21,28609,166,485,3,308
Cyprus,1/16/21,28811,167,202,1,309
Cyprus,1/17/21,28968,170,157,3,310
Cyprus,1/18/21,29130,175,162,5,311
Cyprus,1/19/21,29294,176,164,1,312
Cyprus,1/20/21,29472,176,178,0,313
Cyprus,1/21/21,29636,178,164,2,314
Cyprus,1/22/21,29758,179,122,1,315
Cyprus,1/23/21,29887,183,129,4,316
Cyprus,1/24/21,30017,186,130,3,317
Cyprus,1/25/21,30143,188,126,2,318
Cyprus,1/26/21,30252,190,109,2,319
Cyprus,1/27/21,30380,193,128,3,320
Cyprus,1/28/21,30538,197,158,4,321
Cyprus,1/29/21,30657,197,119,0,322
Cyprus,1/30/21,30770,197,113,0,323
Cyprus,1/31/21,30876,199,106,2,324
Cyprus,2/1/21,30996,202,120,3,325
Cyprus,2/2/21,31124,202,128,0,326
Cyprus,2/3/21,31263,203,139,1,327
Cyprus,2/4/21,31379,208,116,5,328
Cyprus,2/5/21,31512,210,133,2,329
Cyprus,2/6/21,31644,211,132,1,330
Cyprus,2/7/21,31759,212,115,1,331
Cyprus,2/8/21,31864,214,105,2,332
Cyprus,2/9/21,31959,214,95,0,333
Cyprus,2/10/21,32072,217,113,3,334
Cyprus,2/11/21,32175,218,103,1,335
Cyprus,2/12/21,32288,219,113,1,336
Cyprus,2/13/21,32390,220,102,1,337
Cyprus,2/14/21,32513,221,123,1,338
Cyprus,2/15/21,32626,222,113,1,339
Cyprus,2/16/21,32707,225,81,3,340
Cyprus,2/17/21,32828,227,121,2,341
Cyprus,2/18/21,32935,228,107,1,342
Cyprus,2/19/21,33046,229,111,1,343
Cyprus,2/20/21,33153,229,107,0,344
Cyprus,2/21/21,33260,229,107,0,345
Cyprus,2/22/21,33391,230,131,1,346
Cyprus,2/23/21,33567,230,176,0,347
Cyprus,2/24/21,33710,231,143,1,348
Cyprus,2/25/21,33909,231,199,0,349
Cyprus,2/26/21,34181,231,272,0,350
Cyprus,2/27/21,34424,231,243,0,351
Cyprus,2/28/21,34707,231,283,0,352
Cyprus,3/1/21,35009,231,302,0,353
Cyprus,3/2/21,35297,232,288,1,354
Cyprus,3/3/21,35620,232,323,0,355
Cyprus,3/4/21,36004,232,384,0,356
Cyprus,3/5/21,36277,232,273,0,357
Cyprus,3/6/21,36575,232,298,0,358
Cyprus,3/7/21,36878,233,303,1,359
Cyprus,3/8/21,37230,233,352,0,360
Cyprus,3/9/21,37650,233,420,0,361
Cyprus,3/10/21,38065,235,415,2,362
Cyprus,3/11/21,38496,236,431,1,363
Cyprus,3/12/21,38879,238,383,2,364
