country,date,confirmed,deaths,new_confirmed,new_deaths,tagged_day
Djibouti,3/31/20,30,0,12,0,1
Djibouti,4/1/20,33,0,3,0,2
Djibouti,4/2/20,40,0,7,0,3
Djibouti,4/3/20,49,0,9,0,4
Djibouti,4/4/20,50,0,1,0,5
Djibouti,4/5/20,59,0,9,0,6
Djibouti,4/6/20,90,0,31,0,7
Djibouti,4/7/20,90,0,0,0,8
Djibouti,4/8/20,135,0,45,0,9
Djibouti,4/9/20,135,0,0,0,10
Djibouti,4/10/20,150,1,15,1,11
Djibouti,4/11/20,187,2,37,1,12
Djibouti,4/12/20,214,2,27,0,13
Djibouti,4/13/20,298,2,84,0,14
Djibouti,4/14/20,363,2,65,0,15
Djibouti,4/15/20,435,2,72,0,16
Djibouti,4/16/20,591,2,156,0,17
Djibouti,4/17/20,732,2,141,0,18
Djibouti,4/18/20,732,2,0,0,19
Djibouti,4/19/20,846,2,114,0,20
Djibouti,4/20/20,846,2,0,0,21
Djibouti,4/21/20,945,2,99,0,22
Djibouti,4/22/20,974,2,29,0,23
Djibouti,4/23/20,986,2,12,0,24
Djibouti,4/24/20,999,2,13,0,25
Djibouti,4/25/20,1008,2,9,0,26
Djibouti,4/26/20,1023,2,15,0,27
Djibouti,4/27/20,1035,2,12,0,28
Djibouti,4/28/20,1072,2,37,0,29
Djibouti,4/29/20,1077,2,5,0,30
Djibouti,4/30/20,1089,2,12,0,31
Djibouti,5/1/20,1097,2,8,0,32
Djibouti,5/2/20,1112,2,15,0,33
Djibouti,5/3/20,1112,2,0,0,34
Djibouti,5/4/20,1116,2,4,0,35
Djibouti,5/5/20,1120,2,4,0,36
Djibouti,5/6/20,1124,3,4,1,37
Djibouti,5/7/20,1133,3,9,0,38
Djibouti,5/8/20,1135,3,2,0,39
Djibouti,5/9/20,1189,3,54,0,40
Djibouti,5/10/20,1210,3,21,0,41
Djibouti,5/11/20,1227,3,17,0,42
Djibouti,5/12/20,1256,3,29,0,43
Djibouti,5/13/20,1268,3,12,0,44
Djibouti,5/14/20,1284,3,16,0,45
Djibouti,5/15/20,1309,4,25,1,46
Djibouti,5/16/20,1331,4,22,0,47
Djibouti,5/17/20,1401,4,70,0,48
Djibouti,5/18/20,1518,7,117,3,49
Djibouti,5/19/20,1618,7,100,0,50
Djibouti,5/20/20,1828,9,210,2,51
Djibouti,5/21/20,2047,10,219,1,52
Djibouti,5/22/20,2270,10,223,0,53
Djibouti,5/23/20,2270,10,0,0,54
Djibouti,5/24/20,2270,10,0,0,55
Djibouti,5/25/20,2468,14,198,4,56
Djibouti,5/26/20,2468,14,0,0,57
Djibouti,5/27/20,2697,18,229,4,58
Djibouti,5/28/20,2914,20,217,2,59
Djibouti,5/29/20,2914,20,0,0,60
Djibouti,5/30/20,3194,22,280,2,61
Djibouti,5/31/20,3354,24,160,2,62
Djibouti,6/1/20,3569,24,215,0,63
Djibouti,6/2/20,3779,25,210,1,64
Djibouti,6/3/20,3935,26,156,1,65
Djibouti,6/4/20,4054,26,119,0,66
Djibouti,6/5/20,4123,26,69,0,67
Djibouti,6/6/20,4169,26,46,0,68
Djibouti,6/7/20,4207,28,38,2,69
Djibouti,6/8/20,4278,31,71,3,70
Djibouti,6/9/20,4331,34,53,3,71
Djibouti,6/10/20,4373,34,42,0,72
Djibouti,6/11/20,4398,37,25,3,73
Djibouti,6/12/20,4441,38,43,1,74
Djibouti,6/13/20,4449,41,8,3,75
Djibouti,6/14/20,4465,43,16,2,76
Djibouti,6/15/20,4501,43,36,0,77
Djibouti,6/16/20,4539,43,38,0,78
Djibouti,6/17/20,4545,43,6,0,79
Djibouti,6/18/20,4557,43,12,0,80
Djibouti,6/19/20,4565,45,8,2,81
Djibouti,6/20/20,4565,45,0,0,82
Djibouti,6/21/20,4582,45,17,0,83
Djibouti,6/22/20,4599,48,17,3,84
Djibouti,6/23/20,4617,49,18,1,85
Djibouti,6/24/20,4630,52,13,3,86
Djibouti,6/25/20,4635,52,5,0,87
Djibouti,6/26/20,4643,52,8,0,88
Djibouti,6/27/20,4643,52,0,0,89
Djibouti,6/28/20,4643,52,0,0,90
Djibouti,6/29/20,4656,53,13,1,91
Djibouti,6/30/20,4682,54,26,1,92
Djibouti,7/1/20,4704,55,22,1,93
Djibouti,7/2/20,4715,55,11,0,94
Djibouti,7/3/20,4736,55,21,0,95
Djibouti,7/4/20,4736,55,0,0,96
Djibouti,7/5/20,4792,55,56,0,97
Djibouti,7/6/20,4822,55,30,0,98
Djibouti,7/7/20,4878,55,56,0,99
Djibouti,7/8/20,4889,55,11,0,100
Djibouti,7/9/20,4955,56,66,1,101
Djibouti,7/10/20,4968,56,13,0,102
Djibouti,7/11/20,4968,56,0,0,103
Djibouti,7/12/20,4972,56,4,0,104
Djibouti,7/13/20,4977,56,5,0,105
Djibouti,7/14/20,4979,56,2,0,106
Djibouti,7/15/20,4985,56,6,0,107
Djibouti,7/16/20,4993,56,8,0,108
Djibouti,7/17/20,5003,56,10,0,109
Djibouti,7/18/20,5003,56,0,0,110
Djibouti,7/19/20,5011,56,8,0,111
Djibouti,7/20/20,5020,56,9,0,112
Djibouti,7/21/20,5027,56,7,0,113
Djibouti,7/22/20,5030,58,3,2,114
Djibouti,7/23/20,5031,58,1,0,115
Djibouti,7/24/20,5039,58,8,0,116
Djibouti,7/25/20,5039,58,0,0,117
Djibouti,7/26/20,5050,58,11,0,118
Djibouti,7/27/20,5059,58,9,0,119
Djibouti,7/28/20,5068,58,9,0,120
Djibouti,7/29/20,5081,58,13,0,121
Djibouti,7/30/20,5081,58,0,0,122
Djibouti,7/31/20,5084,58,3,0,123
Djibouti,8/1/20,5084,58,0,0,124
Djibouti,8/2/20,5161,59,77,1,125
Djibouti,8/3/20,5240,59,79,0,126
Djibouti,8/4/20,5248,59,8,0,127
Djibouti,8/5/20,5330,59,82,0,128
Djibouti,8/6/20,5330,59,0,0,129
Djibouti,8/7/20,5338,59,8,0,130
Djibouti,8/8/20,5338,59,0,0,131
Djibouti,8/9/20,5344,59,6,0,132
Djibouti,8/10/20,5347,59,3,0,133
Djibouti,8/11/20,5348,59,1,0,134
Djibouti,8/12/20,5358,59,10,0,135
Djibouti,8/13/20,5358,59,0,0,136
Djibouti,8/14/20,5367,59,9,0,137
Djibouti,8/15/20,5367,59,0,0,138
Djibouti,8/16/20,5369,59,2,0,139
Djibouti,8/17/20,5372,59,3,0,140
Djibouti,8/18/20,5374,59,2,0,141
Djibouti,8/19/20,5374,59,0,0,142
Djibouti,8/20/20,5374,59,0,0,143
Djibouti,8/21/20,5382,60,8,1,144
Djibouti,8/22/20,5382,60,0,0,145
Djibouti,8/23/20,5382,60,0,0,146
Djibouti,8/24/20,5383,60,1,0,147
Djibouti,8/25/20,5383,60,0,0,148
Djibouti,8/26/20,5383,60,0,0,149
Djibouti,8/27/20,5383,60,0,0,150
Djibouti,8/28/20,5383,60,0,0,151
Djibouti,8/29/20,5385,60,2,0,152
Djibouti,8/30/20,5385,60,0,0,153
Djibouti,8/31/20,5387,60,2,0,154
Djibouti,9/1/20,5387,60,0,0,155
Djibouti,9/2/20,5387,60,0,0,156
Djibouti,9/3/20,5387,60,0,0,157
Djibouti,9/4/20,5387,60,0,0,158
Djibouti,9/5/20,5387,60,0,0,159
Djibouti,9/6/20,5388,61,1,1,160
Djibouti,9/7/20,5388,61,0,0,161
Djibouti,9/8/20,5388,61,0,0,162
Djibouti,9/9/20,5391,61,3,0,163
Djibouti,9/10/20,5394,61,3,0,164
Djibouti,9/11/20,5394,61,0,0,165
Djibouti,9/12/20,5394,61,0,0,166
Djibouti,9/13/20,5395,61,1,0,167
Djibouti,9/14/20,5396,61,1,0,168
Djibouti,9/15/20,5396,61,0,0,169
Djibouti,9/16/20,5399,61,3,0,170
Djibouti,9/17/20,5399,61,0,0,171
Djibouti,9/18/20,5403,61,4,0,172
Djibouti,9/19/20,5403,61,0,0,173
Djibouti,9/20/20,5403,61,0,0,174
Djibouti,9/21/20,5404,61,1,0,175
Djibouti,9/22/20,5407,61,3,0,176
Djibouti,9/23/20,5407,61,0,0,177
Djibouti,9/24/20,5407,61,0,0,178
Djibouti,9/25/20,5409,61,2,0,179
Djibouti,9/26/20,5409,61,0,0,180
Djibouti,9/27/20,5409,61,0,0,181
Djibouti,9/28/20,5410,61,1,0,182
Djibouti,9/29/20,5416,61,6,0,183
Djibouti,9/30/20,5416,61,0,0,184
Djibouti,10/1/20,5417,61,1,0,185
Djibouti,10/2/20,5417,61,0,0,186
Djibouti,10/3/20,5418,61,1,0,187
Djibouti,10/4/20,5419,61,1,0,188
Djibouti,10/5/20,5421,61,2,0,189
Djibouti,10/6/20,5423,61,2,0,190
Djibouti,10/7/20,5423,61,0,0,191
Djibouti,10/8/20,5423,61,0,0,192
Djibouti,10/9/20,5423,61,0,0,193
Djibouti,10/10/20,5423,61,0,0,194
Djibouti,10/11/20,5423,61,0,0,195
Djibouti,10/12/20,5426,61,3,0,196
Djibouti,10/13/20,5428,61,2,0,197
Djibouti,10/14/20,5440,61,12,0,198
Djibouti,10/15/20,5443,61,3,0,199
Djibouti,10/16/20,5449,61,6,0,200
Djibouti,10/17/20,5452,61,3,0,201
Djibouti,10/18/20,5459,61,7,0,202
Djibouti,10/19/20,5469,61,10,0,203
Djibouti,10/20/20,5499,61,30,0,204
Djibouti,10/21/20,5512,61,13,0,205
Djibouti,10/22/20,5522,61,10,0,206
Djibouti,10/23/20,5528,61,6,0,207
Djibouti,10/24/20,5530,61,2,0,208
Djibouti,10/25/20,5536,61,6,0,209
Djibouti,10/26/20,5541,61,5,0,210
Djibouti,10/27/20,5544,61,3,0,211
Djibouti,10/28/20,5555,61,11,0,212
Djibouti,10/29/20,5558,61,3,0,213
Djibouti,10/30/20,5559,61,1,0,214
Djibouti,10/31/20,5561,61,2,0,215
Djibouti,11/1/20,5563,61,2,0,216
Djibouti,11/2/20,5573,61,10,0,217
Djibouti,11/3/20,5575,61,2,0,218
Djibouti,11/4/20,5580,61,5,0,219
Djibouti,11/5/20,5599,61,19,0,220
Djibouti,11/6/20,5604,61,5,0,221
Djibouti,11/7/20,5605,61,1,0,222
Djibouti,11/8/20,5608,61,3,0,223
Djibouti,11/9/20,5627,61,19,0,224
Djibouti,11/10/20,5633,61,6,0,225
Djibouti,11/11/20,5635,61,2,0,226
Djibouti,11/12/20,5641,61,6,0,227
Djibouti,11/13/20,5641,61,0,0,228
Djibouti,11/14/20,5645,61,4,0,229
Djibouti,11/15/20,5649,61,4,0,230
Djibouti,11/16/20,5655,61,6,0,231
Djibouti,11/17/20,5656,61,1,0,232
Djibouti,11/18/20,5658,61,2,0,233
Djibouti,11/19/20,5658,61,0,0,234
Djibouti,11/20/20,5660,61,2,0,235
Djibouti,11/21/20,5661,61,1,0,236
Djibouti,11/22/20,5668,61,7,0,237
Djibouti,11/23/20,5668,61,0,0,238
Djibouti,11/24/20,5669,61,1,0,239
Djibouti,11/25/20,5670,61,1,0,240
Djibouti,11/26/20,5676,61,6,0,241
Djibouti,11/27/20,5676,61,0,0,242
Djibouti,11/28/20,5676,61,0,0,243
Djibouti,11/29/20,5677,61,1,0,244
Djibouti,11/30/20,5679,61,2,0,245
Djibouti,12/1/20,5680,61,1,0,246
Djibouti,12/2/20,5682,61,2,0,247
Djibouti,12/3/20,5689,61,7,0,248
Djibouti,12/4/20,5690,61,1,0,249
Djibouti,12/5/20,5692,61,2,0,250
Djibouti,12/6/20,5701,61,9,0,251
Djibouti,12/7/20,5708,61,7,0,252
Djibouti,12/8/20,5714,61,6,0,253
Djibouti,12/9/20,5717,61,3,0,254
Djibouti,12/10/20,5717,61,0,0,255
Djibouti,12/11/20,5721,61,4,0,256
Djibouti,12/12/20,5725,61,4,0,257
Djibouti,12/13/20,5728,61,3,0,258
Djibouti,12/14/20,5733,61,5,0,259
Djibouti,12/15/20,5749,61,16,0,260
Djibouti,12/16/20,5759,61,10,0,261
Djibouti,12/17/20,5770,61,11,0,262
Djibouti,12/18/20,5780,61,10,0,263
Djibouti,12/19/20,5781,61,1,0,264
Djibouti,12/20/20,5781,61,0,0,265
Djibouti,12/21/20,5783,61,2,0,266
Djibouti,12/22/20,5786,61,3,0,267
Djibouti,12/23/20,5789,61,3,0,268
Djibouti,12/24/20,5800,61,11,0,269
Djibouti,12/25/20,5804,61,4,0,270
Djibouti,12/26/20,5805,61,1,0,271
Djibouti,12/27/20,5813,61,8,0,272
Djibouti,12/28/20,5813,61,0,0,273
Djibouti,12/29/20,5813,61,0,0,274
Djibouti,12/30/20,5824,61,11,0,275
Djibouti,12/31/20,5831,61,7,0,276
Djibouti,1/1/21,5840,61,9,0,277
Djibouti,1/2/21,5841,61,1,0,278
Djibouti,1/3/21,5842,61,1,0,279
Djibouti,1/4/21,5846,61,4,0,280
Djibouti,1/5/21,5854,61,8,0,281
Djibouti,1/6/21,5855,61,1,0,282
Djibouti,1/7/21,5857,61,2,0,283
Djibouti,1/8/21,5865,61,8,0,284
Djibouti,1/9/21,5866,61,1,0,285
Djibouti,1/10/21,5871,61,5,0,286
Djibouti,1/11/21,5877,61,6,0,287
Djibouti,1/12/21,5879,61,2,0,288
Djibouti,1/13/21,5891,61,12,0,289
Djibouti,1/14/21,5900,61,9,0,290
Djibouti,1/15/21,5903,61,3,0,291
Djibouti,1/16/21,5903,61,0,0,292
Djibouti,1/17/21,5905,61,2,0,293
Djibouti,1/18/21,5905,61,0,0,294
Djibouti,1/19/21,5910,61,5,0,295
Djibouti,1/20/21,5913,61,3,0,296
Djibouti,1/21/21,5916,61,3,0,297
Djibouti,1/22/21,5917,61,1,0,298
Djibouti,1/23/21,5918,61,1,0,299
Djibouti,1/24/21,5919,61,1,0,300
Djibouti,1/25/21,5920,61,1,0,301
Djibouti,1/26/21,5923,62,3,1,302
Djibouti,1/27/21,5926,62,3,0,303
Djibouti,1/28/21,5929,62,3,0,304
Djibouti,1/29/21,5930,62,1,0,305
Djibouti,1/30/21,5931,62,1,0,306
Djibouti,1/31/21,5932,63,1,1,307
Djibouti,2/1/21,5932,63,0,0,308
Djibouti,2/2/21,5935,63,3,0,309
Djibouti,2/3/21,5936,63,1,0,310
Djibouti,2/4/21,5936,63,0,0,311
Djibouti,2/5/21,5941,63,5,0,312
Djibouti,2/6/21,5941,63,0,0,313
Djibouti,2/7/21,5947,63,6,0,314
Djibouti,2/8/21,5950,63,3,0,315
Djibouti,2/9/21,5959,63,9,0,316
Djibouti,2/10/21,5962,63,3,0,317
Djibouti,2/11/21,5966,63,4,0,318
Djibouti,2/12/21,5967,63,1,0,319
Djibouti,2/13/21,5968,63,1,0,320
Djibouti,2/14/21,5971,63,3,0,321
Djibouti,2/15/21,5980,63,9,0,322
Djibouti,2/16/21,5981,63,1,0,323
Djibouti,2/17/21,6006,63,25,0,324
Djibouti,2/18/21,6008,63,2,0,325
Djibouti,2/19/21,6022,63,14,0,326
Djibouti,2/20/21,6022,63,0,0,327
Djibouti,2/21/21,6024,63,2,0,328
Djibouti,2/22/21,6026,63,2,0,329
Djibouti,2/23/21,6052,63,26,0,330
Djibouti,2/24/21,6052,63,0,0,331
Djibouti,2/25/21,6060,63,8,0,332
Djibouti,2/26/21,6062,63,2,0,333
Djibouti,2/27/21,6065,63,3,0,334
Djibouti,2/28/21,6066,63,1,0,335
Djibouti,3/1/21,6087,63,21,0,336
Djibouti,3/2/21,6089,63,2,0,337
Djibouti,3/3/21,6102,63,13,0,338
Djibouti,3/4/21,6110,63,8,0,339
Djibouti,3/5/21,6130,63,20,0,340
Djibouti,3/6/21,6134,63,4,0,341
Djibouti,3/7/21,6146,63,12,0,342
Djibouti,3/8/21,6157,63,11,0,343
Djibouti,3/9/21,6181,63,24,0,344
Djibouti,3/10/21,6227,63,46,0,345
Djibouti,3/11/21,6234,63,7,0,346
Djibouti,3/12/21,6236,63,2,0,347
