country,date,confirmed,deaths,new_confirmed,new_deaths,tagged_day
Ethiopia,3/29/20,21,0,5,0,1
Ethiopia,3/30/20,23,0,2,0,2
Ethiopia,3/31/20,26,0,3,0,3
Ethiopia,4/1/20,29,0,3,0,4
Ethiopia,4/2/20,29,0,0,0,5
Ethiopia,4/3/20,35,0,6,0,6
Ethiopia,4/4/20,38,0,3,0,7
Ethiopia,4/5/20,43,2,5,2,8
Ethiopia,4/6/20,44,2,1,0,9
Ethiopia,4/7/20,52,2,8,0,10
Ethiopia,4/8/20,55,2,3,0,11
Ethiopia,4/9/20,56,2,1,0,12
Ethiopia,4/10/20,65,3,9,1,13
Ethiopia,4/11/20,69,3,4,0,14
Ethiopia,4/12/20,71,3,2,0,15
Ethiopia,4/13/20,74,3,3,0,16
Ethiopia,4/14/20,82,3,8,0,17
Ethiopia,4/15/20,85,3,3,0,18
Ethiopia,4/16/20,92,3,7,0,19
Ethiopia,4/17/20,96,3,4,0,20
Ethiopia,4/18/20,105,3,9,0,21
Ethiopia,4/19/20,108,3,3,0,22
Ethiopia,4/20/20,111,3,3,0,23
Ethiopia,4/21/20,114,3,3,0,24
Ethiopia,4/22/20,116,3,2,0,25
Ethiopia,4/23/20,116,3,0,0,26
Ethiopia,4/24/20,117,3,1,0,27
Ethiopia,4/25/20,122,3,5,0,28
Ethiopia,4/26/20,123,3,1,0,29
Ethiopia,4/27/20,124,3,1,0,30
Ethiopia,4/28/20,126,3,2,0,31
Ethiopia,4/29/20,130,3,4,0,32
Ethiopia,4/30/20,131,3,1,0,33
Ethiopia,5/1/20,133,3,2,0,34
Ethiopia,5/2/20,133,3,0,0,35
Ethiopia,5/3/20,135,3,2,0,36
Ethiopia,5/4/20,140,3,5,0,37
Ethiopia,5/5/20,145,4,5,1,38
Ethiopia,5/6/20,162,4,17,0,39
Ethiopia,5/7/20,191,4,29,0,40
Ethiopia,5/8/20,194,4,3,0,41
Ethiopia,5/9/20,210,5,16,1,42
Ethiopia,5/10/20,239,5,29,0,43
Ethiopia,5/11/20,250,5,11,0,44
Ethiopia,5/12/20,261,5,11,0,45
Ethiopia,5/13/20,263,5,2,0,46
Ethiopia,5/14/20,272,5,9,0,47
Ethiopia,5/15/20,287,5,15,0,48
Ethiopia,5/16/20,306,5,19,0,49
Ethiopia,5/17/20,317,5,11,0,50
Ethiopia,5/18/20,352,5,35,0,51
Ethiopia,5/19/20,365,5,13,0,52
Ethiopia,5/20/20,389,5,24,0,53
Ethiopia,5/21/20,399,5,10,0,54
Ethiopia,5/22/20,433,5,34,0,55
Ethiopia,5/23/20,494,5,61,0,56
Ethiopia,5/24/20,582,5,88,0,57
Ethiopia,5/25/20,655,5,73,0,58
Ethiopia,5/26/20,701,6,46,1,59
Ethiopia,5/27/20,731,6,30,0,60
Ethiopia,5/28/20,831,7,100,1,61
Ethiopia,5/29/20,968,8,137,1,62
Ethiopia,5/30/20,1063,8,95,0,63
Ethiopia,5/31/20,1172,11,109,3,64
Ethiopia,6/1/20,1257,12,85,1,65
Ethiopia,6/2/20,1344,14,87,2,66
Ethiopia,6/3/20,1486,17,142,3,67
Ethiopia,6/4/20,1636,18,150,1,68
Ethiopia,6/5/20,1805,19,169,1,69
Ethiopia,6/6/20,1934,20,129,1,70
Ethiopia,6/7/20,2020,27,86,7,71
Ethiopia,6/8/20,2156,27,136,0,72
Ethiopia,6/9/20,2336,32,180,5,73
Ethiopia,6/10/20,2506,35,170,3,74
Ethiopia,6/11/20,2670,40,164,5,75
Ethiopia,6/12/20,2915,47,245,7,76
Ethiopia,6/13/20,3166,55,251,8,77
Ethiopia,6/14/20,3345,57,179,2,78
Ethiopia,6/15/20,3521,60,176,3,79
Ethiopia,6/16/20,3630,61,109,1,80
Ethiopia,6/17/20,3759,63,129,2,81
Ethiopia,6/18/20,3954,65,195,2,82
Ethiopia,6/19/20,4070,72,116,7,83
Ethiopia,6/20/20,4469,72,399,0,84
Ethiopia,6/21/20,4532,74,63,2,85
Ethiopia,6/22/20,4663,75,131,1,86
Ethiopia,6/23/20,4848,75,185,0,87
Ethiopia,6/24/20,5034,78,186,3,88
Ethiopia,6/25/20,5175,81,141,3,89
Ethiopia,6/26/20,5425,89,250,8,90
Ethiopia,6/27/20,5570,94,145,5,91
Ethiopia,6/28/20,5689,98,119,4,92
Ethiopia,6/29/20,5846,103,157,5,93
Ethiopia,6/30/20,5846,103,0,0,94
Ethiopia,7/1/20,5846,103,0,0,95
Ethiopia,7/2/20,5846,103,0,0,96
Ethiopia,7/3/20,5846,103,0,0,97
Ethiopia,7/4/20,5846,103,0,0,98
Ethiopia,7/5/20,5846,103,0,0,99
Ethiopia,7/6/20,5846,103,0,0,100
Ethiopia,7/7/20,5846,103,0,0,101
Ethiopia,7/8/20,6774,120,928,17,102
Ethiopia,7/9/20,6973,120,199,0,103
Ethiopia,7/10/20,7120,124,147,4,104
Ethiopia,7/11/20,7402,124,282,0,105
Ethiopia,7/12/20,7560,127,158,3,106
Ethiopia,7/13/20,7766,128,206,1,107
Ethiopia,7/14/20,7969,139,203,11,108
Ethiopia,7/15/20,8181,146,212,7,109
Ethiopia,7/16/20,8475,148,294,2,110
Ethiopia,7/17/20,8803,150,328,2,111
Ethiopia,7/18/20,9147,163,344,13,112
Ethiopia,7/19/20,9503,167,356,4,113
Ethiopia,7/20/20,10207,170,704,3,114
Ethiopia,7/21/20,11072,180,865,10,115
Ethiopia,7/22/20,11524,188,452,8,116
Ethiopia,7/23/20,11933,197,409,9,117
Ethiopia,7/24/20,12693,200,760,3,118
Ethiopia,7/25/20,13248,209,555,9,119
Ethiopia,7/26/20,13968,223,720,14,120
Ethiopia,7/27/20,14547,228,579,5,121
Ethiopia,7/28/20,15200,239,653,11,122
Ethiopia,7/29/20,15810,253,610,14,123
Ethiopia,7/30/20,16615,263,805,10,124
Ethiopia,7/31/20,17530,274,915,11,125
Ethiopia,8/1/20,17999,284,469,10,126
Ethiopia,8/2/20,18706,310,707,26,127
Ethiopia,8/3/20,19289,336,583,26,128
Ethiopia,8/4/20,19877,343,588,7,129
Ethiopia,8/5/20,20336,356,459,13,130
Ethiopia,8/6/20,20900,365,564,9,131
Ethiopia,8/7/20,21452,380,552,15,132
Ethiopia,8/8/20,22253,390,801,10,133
Ethiopia,8/9/20,22818,407,565,17,134
Ethiopia,8/10/20,23591,420,773,13,135
Ethiopia,8/11/20,24175,440,584,20,136
Ethiopia,8/12/20,25118,463,943,23,137
Ethiopia,8/13/20,26204,479,1086,16,138
Ethiopia,8/14/20,27242,492,1038,13,139
Ethiopia,8/15/20,28894,509,1652,17,140
Ethiopia,8/16/20,29876,528,982,19,141
Ethiopia,8/17/20,31336,544,1460,16,142
Ethiopia,8/18/20,32722,572,1386,28,143
Ethiopia,8/19/20,34058,600,1336,28,144
Ethiopia,8/20/20,35836,620,1778,20,145
Ethiopia,8/21/20,37665,637,1829,17,146
Ethiopia,8/22/20,39033,662,1368,25,147
Ethiopia,8/23/20,40671,678,1638,16,148
Ethiopia,8/24/20,42143,692,1472,14,149
Ethiopia,8/25/20,43688,709,1545,17,150
Ethiopia,8/26/20,45221,725,1533,16,151
Ethiopia,8/27/20,46407,745,1186,20,152
Ethiopia,8/28/20,48140,758,1733,13,153
Ethiopia,8/29/20,49654,770,1514,12,154
Ethiopia,8/30/20,51122,793,1468,23,155
Ethiopia,8/31/20,52131,809,1009,16,156
Ethiopia,9/1/20,53304,828,1173,19,157
Ethiopia,9/2/20,54409,846,1105,18,158
Ethiopia,9/3/20,55213,856,804,10,159
Ethiopia,9/4/20,56516,880,1303,24,160
Ethiopia,9/5/20,57466,897,950,17,161
Ethiopia,9/6/20,58672,918,1206,21,162
Ethiopia,9/7/20,59648,933,976,15,163
Ethiopia,9/8/20,60784,949,1136,16,164
Ethiopia,9/9/20,61700,966,916,17,165
Ethiopia,9/10/20,62578,974,878,8,166
Ethiopia,9/11/20,63367,986,789,12,167
Ethiopia,9/12/20,63888,996,521,10,168
Ethiopia,9/13/20,64301,1013,413,17,169
Ethiopia,9/14/20,64786,1022,485,9,170
Ethiopia,9/15/20,65486,1035,700,13,171
Ethiopia,9/16/20,66224,1045,738,10,172
Ethiopia,9/17/20,66913,1060,689,15,173
Ethiopia,9/18/20,67515,1072,602,12,174
Ethiopia,9/19/20,68131,1089,616,17,175
Ethiopia,9/20/20,68820,1096,689,7,176
Ethiopia,9/21/20,69709,1108,889,12,177
Ethiopia,9/22/20,70422,1127,713,19,178
Ethiopia,9/23/20,71083,1141,661,14,179
Ethiopia,9/24/20,71687,1148,604,7,180
Ethiopia,9/25/20,72173,1155,486,7,181
Ethiopia,9/26/20,72700,1165,527,10,182
Ethiopia,9/27/20,73332,1170,632,5,183
Ethiopia,9/28/20,73944,1177,612,7,184
Ethiopia,9/29/20,74584,1191,640,14,185
Ethiopia,9/30/20,75368,1198,784,7,186
Ethiopia,10/1/20,76098,1205,730,7,187
Ethiopia,10/2/20,76988,1208,890,3,188
Ethiopia,10/3/20,77860,1214,872,6,189
Ethiopia,10/4/20,78819,1222,959,8,190
Ethiopia,10/5/20,79437,1230,618,8,191
Ethiopia,10/6/20,80003,1238,566,8,192
Ethiopia,10/7/20,80895,1255,892,17,193
Ethiopia,10/8/20,81797,1262,902,7,194
Ethiopia,10/9/20,82662,1271,865,9,195
Ethiopia,10/10/20,83429,1277,767,6,196
Ethiopia,10/11/20,84295,1287,866,10,197
Ethiopia,10/12/20,85136,1301,841,14,198
Ethiopia,10/13/20,85718,1305,582,4,199
Ethiopia,10/14/20,86430,1312,712,7,200
Ethiopia,10/15/20,87169,1325,739,13,201
Ethiopia,10/16/20,87834,1337,665,12,202
Ethiopia,10/17/20,88434,1346,600,9,203
Ethiopia,10/18/20,89137,1352,703,6,204
Ethiopia,10/19/20,89860,1365,723,13,205
Ethiopia,10/20/20,90490,1371,630,6,206
Ethiopia,10/21/20,91118,1384,628,13,207
Ethiopia,10/22/20,91693,1396,575,12,208
Ethiopia,10/23/20,92229,1400,536,4,209
Ethiopia,10/24/20,92858,1419,629,19,210
Ethiopia,10/25/20,93343,1426,485,7,211
Ethiopia,10/26/20,93707,1437,364,11,212
Ethiopia,10/27/20,94218,1445,511,8,213
Ethiopia,10/28/20,94820,1451,602,6,214
Ethiopia,10/29/20,95301,1457,481,6,215
Ethiopia,10/30/20,95789,1464,488,7,216
Ethiopia,10/31/20,96169,1469,380,5,217
Ethiopia,11/1/20,96583,1478,414,9,218
Ethiopia,11/2/20,96942,1489,359,11,219
Ethiopia,11/3/20,97502,1494,560,5,220
Ethiopia,11/4/20,97881,1503,379,9,221
Ethiopia,11/5/20,98391,1508,510,5,222
Ethiopia,11/6/20,98746,1512,355,4,223
Ethiopia,11/7/20,99201,1518,455,6,224
Ethiopia,11/8/20,99675,1523,474,5,225
Ethiopia,11/9/20,99982,1530,307,7,226
Ethiopia,11/10/20,100327,1537,345,7,227
Ethiopia,11/11/20,100727,1545,400,8,228
Ethiopia,11/12/20,101248,1554,521,9,229
Ethiopia,11/13/20,101757,1558,509,4,230
Ethiopia,11/14/20,102321,1565,564,7,231
Ethiopia,11/15/20,102720,1569,399,4,232
Ethiopia,11/16/20,103056,1581,336,12,233
Ethiopia,11/17/20,103395,1588,339,7,234
Ethiopia,11/18/20,103928,1601,533,13,235
Ethiopia,11/19/20,104427,1607,499,6,236
Ethiopia,11/20/20,104879,1620,452,13,237
Ethiopia,11/21/20,105352,1636,473,16,238
Ethiopia,11/22/20,105785,1647,433,11,239
Ethiopia,11/23/20,106203,1651,418,4,240
Ethiopia,11/24/20,106591,1661,388,10,241
Ethiopia,11/25/20,107109,1664,518,3,242
Ethiopia,11/26/20,107669,1672,560,8,243
Ethiopia,11/27/20,108438,1686,769,14,244
Ethiopia,11/28/20,108930,1695,492,9,245
Ethiopia,11/29/20,109534,1700,604,5,246
Ethiopia,11/30/20,110074,1706,540,6,247
Ethiopia,12/1/20,110554,1709,480,3,248
Ethiopia,12/2/20,110984,1715,430,6,249
Ethiopia,12/3/20,111579,1724,595,9,250
Ethiopia,12/4/20,112091,1734,512,10,251
Ethiopia,12/5/20,112740,1745,649,11,252
Ethiopia,12/6/20,113295,1747,555,2,253
Ethiopia,12/7/20,113735,1755,440,8,254
Ethiopia,12/8/20,114266,1766,531,11,255
Ethiopia,12/9/20,114834,1769,568,3,256
Ethiopia,12/10/20,115360,1779,526,10,257
Ethiopia,12/11/20,115782,1791,422,12,258
Ethiopia,12/12/20,116297,1803,515,12,259
Ethiopia,12/13/20,116769,1806,472,3,260
Ethiopia,12/14/20,117242,1809,473,3,261
Ethiopia,12/15/20,117542,1813,300,4,262
Ethiopia,12/16/20,118006,1818,464,5,263
Ethiopia,12/17/20,118481,1831,475,13,264
Ethiopia,12/18/20,119025,1843,544,12,265
Ethiopia,12/19/20,119494,1846,469,3,266
Ethiopia,12/20/20,119951,1853,457,7,267
Ethiopia,12/21/20,120348,1861,397,8,268
Ethiopia,12/22/20,120638,1864,290,3,269
Ethiopia,12/23/20,120989,1870,351,6,270
Ethiopia,12/24/20,121399,1882,410,12,271
Ethiopia,12/25/20,121880,1897,481,15,272
Ethiopia,12/26/20,122413,1901,533,4,273
Ethiopia,12/27/20,122864,1909,451,8,274
Ethiopia,12/28/20,123145,1912,281,3,275
Ethiopia,12/29/20,123388,1913,243,1,276
Ethiopia,12/30/20,123856,1918,468,5,277
Ethiopia,12/31/20,124264,1923,408,5,278
Ethiopia,1/1/21,124652,1937,388,14,279
Ethiopia,1/2/21,125049,1944,397,7,280
Ethiopia,1/3/21,125622,1948,573,4,281
Ethiopia,1/4/21,125919,1950,297,2,282
Ethiopia,1/5/21,126241,1963,322,13,283
Ethiopia,1/6/21,126786,1965,545,2,284
Ethiopia,1/7/21,127227,1966,441,1,285
Ethiopia,1/8/21,127572,1974,345,8,286
Ethiopia,1/9/21,127792,1985,220,11,287
Ethiopia,1/10/21,128316,1994,524,9,288
Ethiopia,1/11/21,128616,2003,300,9,289
Ethiopia,1/12/21,128992,2004,376,1,290
Ethiopia,1/13/21,129455,2006,463,2,291
Ethiopia,1/14/21,129922,2008,467,2,292
Ethiopia,1/15/21,130326,2023,404,15,293
Ethiopia,1/16/21,130772,2029,446,6,294
Ethiopia,1/17/21,131195,2030,423,1,295
Ethiopia,1/18/21,131546,2033,351,3,296
Ethiopia,1/19/21,131727,2037,181,4,297
Ethiopia,1/20/21,132034,2044,307,7,298
Ethiopia,1/21/21,132326,2057,292,13,299
Ethiopia,1/22/21,132881,2060,555,3,300
Ethiopia,1/23/21,133298,2063,417,3,301
Ethiopia,1/24/21,133767,2066,469,3,302
Ethiopia,1/25/21,134132,2071,365,5,303
Ethiopia,1/26/21,134569,2075,437,4,304
Ethiopia,1/27/21,135045,2083,476,8,305
Ethiopia,1/28/21,135594,2085,549,2,306
Ethiopia,1/29/21,136365,2087,771,2,307
Ethiopia,1/30/21,137021,2091,656,4,308
Ethiopia,1/31/21,137650,2093,629,2,309
Ethiopia,2/1/21,138384,2103,734,10,310
Ethiopia,2/2/21,138861,2116,477,13,311
Ethiopia,2/3/21,139408,2122,547,6,312
Ethiopia,2/4/21,140157,2126,749,4,313
Ethiopia,2/5/21,140883,2136,726,10,314
Ethiopia,2/6/21,141453,2145,570,9,315
Ethiopia,2/7/21,142338,2148,885,3,316
Ethiopia,2/8/21,142994,2156,656,8,317
Ethiopia,2/9/21,143566,2158,572,2,318
Ethiopia,2/10/21,144249,2167,683,9,319
Ethiopia,2/11/21,144862,2171,613,4,320
Ethiopia,2/12/21,145548,2177,686,6,321
Ethiopia,2/13/21,145704,2181,156,4,322
Ethiopia,2/14/21,147092,2194,1388,13,323
Ethiopia,2/15/21,147825,2209,733,15,324
Ethiopia,2/16/21,148490,2223,665,14,325
Ethiopia,2/17/21,149308,2237,818,14,326
Ethiopia,2/18/21,150179,2249,871,12,327
Ethiopia,2/19/21,151016,2259,837,10,328
Ethiopia,2/20/21,151857,2271,841,12,329
Ethiopia,2/21/21,152806,2279,949,8,330
Ethiopia,2/22/21,153541,2293,735,14,331
Ethiopia,2/23/21,154257,2305,716,12,332
Ethiopia,2/24/21,155234,2316,977,11,333
Ethiopia,2/25/21,156112,2321,878,5,334
Ethiopia,2/26/21,157047,2340,935,19,335
Ethiopia,2/27/21,158053,2354,1006,14,336
Ethiopia,2/28/21,159072,2365,1019,11,337
Ethiopia,3/1/21,159972,2373,900,8,338
Ethiopia,3/2/21,160813,2386,841,13,339
Ethiopia,3/3/21,161974,2391,1161,5,340
Ethiopia,3/4/21,162954,2394,980,3,341
Ethiopia,3/5/21,164073,2404,1119,10,342
Ethiopia,3/6/21,165029,2420,956,16,343
Ethiopia,3/7/21,166138,2429,1109,9,344
Ethiopia,3/8/21,167133,2442,995,13,345
Ethiopia,3/9/21,168335,2451,1202,9,346
Ethiopia,3/10/21,169878,2466,1543,15,347
Ethiopia,3/11/21,171210,2483,1332,17,348
Ethiopia,3/12/21,172571,2510,1361,27,349
