country,date,confirmed,deaths,new_confirmed,new_deaths,tagged_day
Gambia,5/11/20,22,1,2,0,1
Gambia,5/12/20,22,1,0,0,2
Gambia,5/13/20,23,1,1,0,3
Gambia,5/14/20,23,1,0,0,4
Gambia,5/15/20,23,1,0,0,5
Gambia,5/16/20,23,1,0,0,6
Gambia,5/17/20,23,1,0,0,7
Gambia,5/18/20,24,1,1,0,8
Gambia,5/19/20,24,1,0,0,9
Gambia,5/20/20,24,1,0,0,10
Gambia,5/21/20,24,1,0,0,11
Gambia,5/22/20,25,1,1,0,12
Gambia,5/23/20,25,1,0,0,13
Gambia,5/24/20,25,1,0,0,14
Gambia,5/25/20,25,1,0,0,15
Gambia,5/26/20,25,1,0,0,16
Gambia,5/27/20,25,1,0,0,17
Gambia,5/28/20,25,1,0,0,18
Gambia,5/29/20,25,1,0,0,19
Gambia,5/30/20,25,1,0,0,20
Gambia,5/31/20,25,1,0,0,21
Gambia,6/1/20,25,1,0,0,22
Gambia,6/2/20,25,1,0,0,23
Gambia,6/3/20,26,1,1,0,24
Gambia,6/4/20,26,1,0,0,25
Gambia,6/5/20,26,1,0,0,26
Gambia,6/6/20,26,1,0,0,27
Gambia,6/7/20,26,1,0,0,28
Gambia,6/8/20,28,1,2,0,29
Gambia,6/9/20,28,1,0,0,30
Gambia,6/10/20,28,1,0,0,31
Gambia,6/11/20,28,1,0,0,32
Gambia,6/12/20,28,1,0,0,33
Gambia,6/13/20,28,1,0,0,34
Gambia,6/14/20,28,1,0,0,35
Gambia,6/15/20,30,1,2,0,36
Gambia,6/16/20,34,1,4,0,37
Gambia,6/17/20,34,1,0,0,38
Gambia,6/18/20,36,1,2,0,39
Gambia,6/19/20,36,1,0,0,40
Gambia,6/20/20,37,2,1,1,41
Gambia,6/21/20,37,2,0,0,42
Gambia,6/22/20,41,2,4,0,43
Gambia,6/23/20,42,2,1,0,44
Gambia,6/24/20,42,2,0,0,45
Gambia,6/25/20,43,2,1,0,46
Gambia,6/26/20,43,2,0,0,47
Gambia,6/27/20,44,2,1,0,48
Gambia,6/28/20,45,2,1,0,49
Gambia,6/29/20,47,2,2,0,50
Gambia,6/30/20,49,2,2,0,51
Gambia,7/1/20,49,2,0,0,52
Gambia,7/2/20,55,2,6,0,53
Gambia,7/3/20,55,2,0,0,54
Gambia,7/4/20,57,2,2,0,55
Gambia,7/5/20,57,2,0,0,56
Gambia,7/6/20,61,3,4,1,57
Gambia,7/7/20,61,3,0,0,58
Gambia,7/8/20,61,3,0,0,59
Gambia,7/9/20,63,3,2,0,60
Gambia,7/10/20,64,3,1,0,61
Gambia,7/11/20,64,3,0,0,62
Gambia,7/12/20,64,3,0,0,63
Gambia,7/13/20,64,3,0,0,64
Gambia,7/14/20,64,3,0,0,65
Gambia,7/15/20,64,3,0,0,66
Gambia,7/16/20,78,3,14,0,67
Gambia,7/17/20,78,3,0,0,68
Gambia,7/18/20,93,4,15,1,69
Gambia,7/19/20,93,4,0,0,70
Gambia,7/20/20,112,4,19,0,71
Gambia,7/21/20,112,4,0,0,72
Gambia,7/22/20,146,5,34,1,73
Gambia,7/23/20,170,5,24,0,74
Gambia,7/24/20,216,6,46,1,75
Gambia,7/25/20,277,6,61,0,76
Gambia,7/26/20,277,6,0,0,77
Gambia,7/27/20,326,8,49,2,78
Gambia,7/28/20,326,8,0,0,79
Gambia,7/29/20,326,8,0,0,80
Gambia,7/30/20,403,8,77,0,81
Gambia,7/31/20,498,9,95,1,82
Gambia,8/1/20,498,9,0,0,83
Gambia,8/2/20,498,9,0,0,84
Gambia,8/3/20,498,9,0,0,85
Gambia,8/4/20,671,14,173,5,86
Gambia,8/5/20,799,16,128,2,87
Gambia,8/6/20,935,16,136,0,88
Gambia,8/7/20,1090,19,155,3,89
Gambia,8/8/20,1090,19,0,0,90
Gambia,8/9/20,1235,23,145,4,91
Gambia,8/10/20,1235,23,0,0,92
Gambia,8/11/20,1346,32,111,9,93
Gambia,8/12/20,1477,33,131,1,94
Gambia,8/13/20,1556,43,79,10,95
Gambia,8/14/20,1623,50,67,7,96
Gambia,8/15/20,1689,54,66,4,97
Gambia,8/16/20,1872,63,183,9,98
Gambia,8/17/20,1872,63,0,0,99
Gambia,8/18/20,2116,63,244,0,100
Gambia,8/19/20,2288,77,172,14,101
Gambia,8/20/20,2401,81,113,4,102
Gambia,8/21/20,2437,84,36,3,103
Gambia,8/22/20,2437,84,0,0,104
Gambia,8/23/20,2685,87,248,3,105
Gambia,8/24/20,2585,87,-100,0,106
Gambia,8/25/20,2686,90,101,3,107
Gambia,8/26/20,2708,93,22,3,108
Gambia,8/27/20,2743,93,35,0,109
Gambia,8/28/20,2797,96,54,3,110
Gambia,8/29/20,2895,96,98,0,111
Gambia,8/30/20,2963,96,68,0,112
Gambia,8/31/20,2963,96,0,0,113
Gambia,9/1/20,3029,96,66,0,114
Gambia,9/2/20,3067,97,38,1,115
Gambia,9/3/20,3101,99,34,2,116
Gambia,9/4/20,3120,99,19,0,117
Gambia,9/5/20,3150,99,30,0,118
Gambia,9/6/20,3197,99,47,0,119
Gambia,9/7/20,3197,99,0,0,120
Gambia,9/8/20,3275,99,78,0,121
Gambia,9/9/20,3293,99,18,0,122
Gambia,9/10/20,3330,100,37,1,123
Gambia,9/11/20,3362,100,32,0,124
Gambia,9/12/20,3376,102,14,2,125
Gambia,9/13/20,3405,103,29,1,126
Gambia,9/14/20,3405,103,0,0,127
Gambia,9/15/20,3428,105,23,2,128
Gambia,9/16/20,3440,107,12,2,129
Gambia,9/17/20,3473,107,33,0,130
Gambia,9/18/20,3485,108,12,1,131
Gambia,9/19/20,3504,108,19,0,132
Gambia,9/20/20,3526,108,22,0,133
Gambia,9/21/20,3526,108,0,0,134
Gambia,9/22/20,3540,110,14,2,135
Gambia,9/23/20,3542,110,2,0,136
Gambia,9/24/20,3552,110,10,0,137
Gambia,9/25/20,3555,110,3,0,138
Gambia,9/26/20,3555,110,0,0,139
Gambia,9/27/20,3569,111,14,1,140
Gambia,9/28/20,3569,111,0,0,141
Gambia,9/29/20,3579,112,10,1,142
Gambia,9/30/20,3579,112,0,0,143
Gambia,10/1/20,3584,113,5,1,144
Gambia,10/2/20,3585,115,1,2,145
Gambia,10/3/20,3590,115,5,0,146
Gambia,10/4/20,3594,115,4,0,147
Gambia,10/5/20,3594,115,0,0,148
Gambia,10/6/20,3613,117,19,2,149
Gambia,10/7/20,3613,117,0,0,150
Gambia,10/8/20,3617,117,4,0,151
Gambia,10/9/20,3621,117,4,0,152
Gambia,10/10/20,3628,117,7,0,153
Gambia,10/11/20,3632,117,4,0,154
Gambia,10/12/20,3636,118,4,1,155
Gambia,10/13/20,3636,118,0,0,156
Gambia,10/14/20,3642,118,6,0,157
Gambia,10/15/20,3644,118,2,0,158
Gambia,10/16/20,3649,118,5,0,159
Gambia,10/17/20,3649,118,0,0,160
Gambia,10/18/20,3649,118,0,0,161
Gambia,10/19/20,3649,118,0,0,162
Gambia,10/20/20,3655,118,6,0,163
Gambia,10/21/20,3657,118,2,0,164
Gambia,10/22/20,3659,119,2,1,165
Gambia,10/23/20,3659,119,0,0,166
Gambia,10/24/20,3659,119,0,0,167
Gambia,10/25/20,3660,119,1,0,168
Gambia,10/26/20,3665,119,5,0,169
Gambia,10/27/20,3666,119,1,0,170
Gambia,10/28/20,3666,119,0,0,171
Gambia,10/29/20,3666,119,0,0,172
Gambia,10/30/20,3670,119,4,0,173
Gambia,10/31/20,3672,119,2,0,174
Gambia,11/1/20,3672,119,0,0,175
Gambia,11/2/20,3672,119,0,0,176
Gambia,11/3/20,3679,120,7,1,177
Gambia,11/4/20,3680,120,1,0,178
Gambia,11/5/20,3681,120,1,0,179
Gambia,11/6/20,3684,121,3,1,180
Gambia,11/7/20,3684,121,0,0,181
Gambia,11/8/20,3684,121,0,0,182
Gambia,11/9/20,3696,122,12,1,183
Gambia,11/10/20,3696,122,0,0,184
Gambia,11/11/20,3697,122,1,0,185
Gambia,11/12/20,3697,122,0,0,186
Gambia,11/13/20,3698,122,1,0,187
Gambia,11/14/20,3702,122,4,0,188
Gambia,11/15/20,3702,122,0,0,189
Gambia,11/16/20,3705,122,3,0,190
Gambia,11/17/20,3705,122,0,0,191
Gambia,11/18/20,3705,122,0,0,192
Gambia,11/19/20,3705,122,0,0,193
Gambia,11/20/20,3706,122,1,0,194
Gambia,11/21/20,3726,123,20,1,195
Gambia,11/22/20,3726,123,0,0,196
Gambia,11/23/20,3726,123,0,0,197
Gambia,11/24/20,3726,123,0,0,198
Gambia,11/25/20,3727,123,1,0,199
Gambia,11/26/20,3728,123,1,0,200
Gambia,11/27/20,3731,123,3,0,201
Gambia,11/28/20,3731,123,0,0,202
Gambia,11/29/20,3734,123,3,0,203
Gambia,11/30/20,3742,123,8,0,204
Gambia,12/1/20,3743,123,1,0,205
Gambia,12/2/20,3765,123,22,0,206
Gambia,12/3/20,3767,123,2,0,207
Gambia,12/4/20,3768,123,1,0,208
Gambia,12/5/20,3770,123,2,0,209
Gambia,12/6/20,3770,123,0,0,210
Gambia,12/7/20,3770,123,0,0,211
Gambia,12/8/20,3776,123,6,0,212
Gambia,12/9/20,3776,123,0,0,213
Gambia,12/10/20,3777,123,1,0,214
Gambia,12/11/20,3779,123,2,0,215
Gambia,12/12/20,3779,123,0,0,216
Gambia,12/13/20,3782,123,3,0,217
Gambia,12/14/20,3782,123,0,0,218
Gambia,12/15/20,3785,123,3,0,219
Gambia,12/16/20,3786,123,1,0,220
Gambia,12/17/20,3786,123,0,0,221
Gambia,12/18/20,3786,123,0,0,222
Gambia,12/19/20,3786,123,0,0,223
Gambia,12/20/20,3786,123,0,0,224
Gambia,12/21/20,3786,123,0,0,225
Gambia,12/22/20,3791,123,5,0,226
Gambia,12/23/20,3791,123,0,0,227
Gambia,12/24/20,3791,123,0,0,228
Gambia,12/25/20,3791,123,0,0,229
Gambia,12/26/20,3791,123,0,0,230
Gambia,12/27/20,3793,123,2,0,231
Gambia,12/28/20,3793,123,0,0,232
Gambia,12/29/20,3797,124,4,1,233
Gambia,12/30/20,3797,124,0,0,234
Gambia,12/31/20,3797,124,0,0,235
Gambia,1/1/21,3800,124,3,0,236
Gambia,1/2/21,3800,124,0,0,237
Gambia,1/3/21,3800,124,0,0,238
Gambia,1/4/21,3800,124,0,0,239
Gambia,1/5/21,3812,125,12,1,240
Gambia,1/6/21,3812,125,0,0,241
Gambia,1/7/21,3833,125,21,0,242
Gambia,1/8/21,3838,125,5,0,243
Gambia,1/9/21,3841,125,3,0,244
Gambia,1/10/21,3857,125,16,0,245
Gambia,1/11/21,3857,125,0,0,246
Gambia,1/12/21,3876,125,19,0,247
Gambia,1/13/21,3885,125,9,0,248
Gambia,1/14/21,3893,126,8,1,249
Gambia,1/15/21,3897,127,4,1,250
Gambia,1/16/21,3897,127,0,0,251
Gambia,1/17/21,3910,127,13,0,252
Gambia,1/18/21,3933,128,23,1,253
Gambia,1/19/21,3938,128,5,0,254
Gambia,1/20/21,3938,128,0,0,255
Gambia,1/21/21,3950,128,12,0,256
Gambia,1/22/21,3958,128,8,0,257
Gambia,1/23/21,3958,128,0,0,258
Gambia,1/24/21,3972,128,14,0,259
Gambia,1/25/21,4008,128,36,0,260
Gambia,1/26/21,4012,128,4,0,261
Gambia,1/27/21,4019,128,7,0,262
Gambia,1/28/21,4019,128,0,0,263
Gambia,1/29/21,4019,128,0,0,264
Gambia,1/30/21,4090,128,71,0,265
Gambia,1/31/21,4090,128,0,0,266
Gambia,2/1/21,4139,131,49,3,267
Gambia,2/2/21,4139,131,0,0,268
Gambia,2/3/21,4184,132,45,1,269
Gambia,2/4/21,4184,132,0,0,270
Gambia,2/5/21,4184,132,0,0,271
Gambia,2/6/21,4237,134,53,2,272
Gambia,2/7/21,4237,134,0,0,273
Gambia,2/8/21,4302,135,65,1,274
Gambia,2/9/21,4302,135,0,0,275
Gambia,2/10/21,4302,135,0,0,276
Gambia,2/11/21,4302,135,0,0,277
Gambia,2/12/21,4302,135,0,0,278
Gambia,2/13/21,4302,135,0,0,279
Gambia,2/14/21,4414,138,112,3,280
Gambia,2/15/21,4414,138,0,0,281
Gambia,2/16/21,4469,138,55,0,282
Gambia,2/17/21,4469,138,0,0,283
Gambia,2/18/21,4510,139,41,1,284
Gambia,2/19/21,4543,143,33,4,285
Gambia,2/20/21,4554,144,11,1,286
Gambia,2/21/21,4554,144,0,0,287
Gambia,2/22/21,4554,144,0,0,288
Gambia,2/23/21,4612,146,58,2,289
Gambia,2/24/21,4640,147,28,1,290
Gambia,2/25/21,4671,147,31,0,291
Gambia,2/26/21,4691,148,20,1,292
Gambia,2/27/21,4691,148,0,0,293
Gambia,2/28/21,4712,150,21,2,294
Gambia,3/1/21,4712,150,0,0,295
Gambia,3/2/21,4712,150,0,0,296
Gambia,3/3/21,4735,151,23,1,297
Gambia,3/4/21,4759,152,24,1,298
Gambia,3/5/21,4759,152,0,0,299
Gambia,3/6/21,4759,152,0,0,300
Gambia,3/7/21,4759,152,0,0,301
Gambia,3/8/21,4792,153,33,1,302
Gambia,3/9/21,4792,153,0,0,303
Gambia,3/10/21,4792,153,0,0,304
Gambia,3/11/21,4792,153,0,0,305
Gambia,3/12/21,4939,153,147,0,306
