country,date,confirmed,deaths,new_confirmed,new_deaths,tagged_day
Georgia,3/11/20,24,0,9,0,1
Georgia,3/12/20,24,0,0,0,2
Georgia,3/13/20,25,0,1,0,3
Georgia,3/14/20,30,0,5,0,4
Georgia,3/15/20,33,0,3,0,5
Georgia,3/16/20,33,0,0,0,6
Georgia,3/17/20,34,0,1,0,7
Georgia,3/18/20,38,0,4,0,8
Georgia,3/19/20,40,0,2,0,9
Georgia,3/20/20,43,0,3,0,10
Georgia,3/21/20,49,0,6,0,11
Georgia,3/22/20,54,0,5,0,12
Georgia,3/23/20,61,0,7,0,13
Georgia,3/24/20,70,0,9,0,14
Georgia,3/25/20,75,0,5,0,15
Georgia,3/26/20,79,0,4,0,16
Georgia,3/27/20,83,0,4,0,17
Georgia,3/28/20,90,0,7,0,18
Georgia,3/29/20,91,0,1,0,19
Georgia,3/30/20,103,0,12,0,20
Georgia,3/31/20,110,0,7,0,21
Georgia,4/1/20,117,0,7,0,22
Georgia,4/2/20,134,0,17,0,23
Georgia,4/3/20,155,0,21,0,24
Georgia,4/4/20,162,1,7,1,25
Georgia,4/5/20,174,2,12,1,26
Georgia,4/6/20,188,2,14,0,27
Georgia,4/7/20,196,3,8,1,28
Georgia,4/8/20,211,3,15,0,29
Georgia,4/9/20,218,3,7,0,30
Georgia,4/10/20,234,3,16,0,31
Georgia,4/11/20,242,3,8,0,32
Georgia,4/12/20,257,3,15,0,33
Georgia,4/13/20,272,3,15,0,34
Georgia,4/14/20,300,3,28,0,35
Georgia,4/15/20,306,3,6,0,36
Georgia,4/16/20,348,3,42,0,37
Georgia,4/17/20,370,3,22,0,38
Georgia,4/18/20,388,4,18,1,39
Georgia,4/19/20,394,4,6,0,40
Georgia,4/20/20,402,4,8,0,41
Georgia,4/21/20,408,4,6,0,42
Georgia,4/22/20,416,5,8,1,43
Georgia,4/23/20,425,5,9,0,44
Georgia,4/24/20,444,5,19,0,45
Georgia,4/25/20,456,5,12,0,46
Georgia,4/26/20,486,6,30,1,47
Georgia,4/27/20,497,6,11,0,48
Georgia,4/28/20,511,6,14,0,49
Georgia,4/29/20,517,6,6,0,50
Georgia,4/30/20,539,6,22,0,51
Georgia,5/1/20,566,7,27,1,52
Georgia,5/2/20,582,8,16,1,53
Georgia,5/3/20,589,9,7,1,54
Georgia,5/4/20,593,9,4,0,55
Georgia,5/5/20,604,9,11,0,56
Georgia,5/6/20,610,9,6,0,57
Georgia,5/7/20,615,9,5,0,58
Georgia,5/8/20,623,10,8,1,59
Georgia,5/9/20,626,10,3,0,60
Georgia,5/10/20,635,10,9,0,61
Georgia,5/11/20,638,11,3,1,62
Georgia,5/12/20,642,11,4,0,63
Georgia,5/13/20,647,11,5,0,64
Georgia,5/14/20,667,12,20,1,65
Georgia,5/15/20,671,12,4,0,66
Georgia,5/16/20,683,12,12,0,67
Georgia,5/17/20,695,12,12,0,68
Georgia,5/18/20,701,12,6,0,69
Georgia,5/19/20,707,12,6,0,70
Georgia,5/20/20,713,12,6,0,71
Georgia,5/21/20,721,12,8,0,72
Georgia,5/22/20,723,12,2,0,73
Georgia,5/23/20,728,12,5,0,74
Georgia,5/24/20,730,12,2,0,75
Georgia,5/25/20,731,12,1,0,76
Georgia,5/26/20,732,12,1,0,77
Georgia,5/27/20,735,12,3,0,78
Georgia,5/28/20,738,12,3,0,79
Georgia,5/29/20,746,12,8,0,80
Georgia,5/30/20,757,12,11,0,81
Georgia,5/31/20,783,12,26,0,82
Georgia,6/1/20,794,12,11,0,83
Georgia,6/2/20,796,13,2,1,84
Georgia,6/3/20,800,13,4,0,85
Georgia,6/4/20,801,13,1,0,86
Georgia,6/5/20,805,13,4,0,87
Georgia,6/6/20,808,13,3,0,88
Georgia,6/7/20,809,13,1,0,89
Georgia,6/8/20,812,13,3,0,90
Georgia,6/9/20,818,13,6,0,91
Georgia,6/10/20,827,13,9,0,92
Georgia,6/11/20,831,13,4,0,93
Georgia,6/12/20,843,13,12,0,94
Georgia,6/13/20,851,14,8,1,95
Georgia,6/14/20,864,14,13,0,96
Georgia,6/15/20,879,14,15,0,97
Georgia,6/16/20,879,14,0,0,98
Georgia,6/17/20,888,14,9,0,99
Georgia,6/18/20,893,14,5,0,100
Georgia,6/19/20,896,14,3,0,101
Georgia,6/20/20,898,14,2,0,102
Georgia,6/21/20,906,14,8,0,103
Georgia,6/22/20,908,14,2,0,104
Georgia,6/23/20,911,14,3,0,105
Georgia,6/24/20,914,14,3,0,106
Georgia,6/25/20,917,14,3,0,107
Georgia,6/26/20,919,14,2,0,108
Georgia,6/27/20,921,14,2,0,109
Georgia,6/28/20,924,15,3,1,110
Georgia,6/29/20,926,15,2,0,111
Georgia,6/30/20,928,15,2,0,112
Georgia,7/1/20,931,15,3,0,113
Georgia,7/2/20,939,15,8,0,114
Georgia,7/3/20,943,15,4,0,115
Georgia,7/4/20,948,15,5,0,116
Georgia,7/5/20,951,15,3,0,117
Georgia,7/6/20,953,15,2,0,118
Georgia,7/7/20,958,15,5,0,119
Georgia,7/8/20,963,15,5,0,120
Georgia,7/9/20,968,15,5,0,121
Georgia,7/10/20,973,15,5,0,122
Georgia,7/11/20,981,15,8,0,123
Georgia,7/12/20,986,15,5,0,124
Georgia,7/13/20,995,15,9,0,125
Georgia,7/14/20,999,15,4,0,126
Georgia,7/15/20,1004,15,5,0,127
Georgia,7/16/20,1006,15,2,0,128
Georgia,7/17/20,1010,15,4,0,129
Georgia,7/18/20,1018,15,8,0,130
Georgia,7/19/20,1028,15,10,0,131
Georgia,7/20/20,1039,16,11,1,132
Georgia,7/21/20,1049,16,10,0,133
Georgia,7/22/20,1073,16,24,0,134
Georgia,7/23/20,1085,16,12,0,135
Georgia,7/24/20,1104,16,19,0,136
Georgia,7/25/20,1117,16,13,0,137
Georgia,7/26/20,1131,16,14,0,138
Georgia,7/27/20,1137,16,6,0,139
Georgia,7/28/20,1145,16,8,0,140
Georgia,7/29/20,1155,17,10,1,141
Georgia,7/30/20,1160,17,5,0,142
Georgia,7/31/20,1168,17,8,0,143
Georgia,8/1/20,1171,17,3,0,144
Georgia,8/2/20,1177,17,6,0,145
Georgia,8/3/20,1179,17,2,0,146
Georgia,8/4/20,1182,17,3,0,147
Georgia,8/5/20,1197,17,15,0,148
Georgia,8/6/20,1206,17,9,0,149
Georgia,8/7/20,1213,17,7,0,150
Georgia,8/8/20,1216,17,3,0,151
Georgia,8/9/20,1225,17,9,0,152
Georgia,8/10/20,1250,17,25,0,153
Georgia,8/11/20,1264,17,14,0,154
Georgia,8/12/20,1278,17,14,0,155
Georgia,8/13/20,1283,17,5,0,156
Georgia,8/14/20,1306,17,23,0,157
Georgia,8/15/20,1321,17,15,0,158
Georgia,8/16/20,1336,17,15,0,159
Georgia,8/17/20,1341,17,5,0,160
Georgia,8/18/20,1351,17,10,0,161
Georgia,8/19/20,1361,17,10,0,162
Georgia,8/20/20,1370,17,9,0,163
Georgia,8/21/20,1385,17,15,0,164
Georgia,8/22/20,1394,17,9,0,165
Georgia,8/23/20,1411,17,17,0,166
Georgia,8/24/20,1421,18,10,1,167
Georgia,8/25/20,1429,19,8,1,168
Georgia,8/26/20,1436,19,7,0,169
Georgia,8/27/20,1447,19,11,0,170
Georgia,8/28/20,1455,19,8,0,171
Georgia,8/29/20,1462,19,7,0,172
Georgia,8/30/20,1469,19,7,0,173
Georgia,8/31/20,1487,19,18,0,174
Georgia,9/1/20,1510,19,23,0,175
Georgia,9/2/20,1548,19,38,0,176
Georgia,9/3/20,1568,19,20,0,177
Georgia,9/4/20,1596,19,28,0,178
Georgia,9/5/20,1621,19,25,0,179
Georgia,9/6/20,1650,19,29,0,180
Georgia,9/7/20,1684,19,34,0,181
Georgia,9/8/20,1729,19,45,0,182
Georgia,9/9/20,1773,19,44,0,183
Georgia,9/10/20,1830,19,57,0,184
Georgia,9/11/20,1917,19,87,0,185
Georgia,9/12/20,2075,19,158,0,186
Georgia,9/13/20,2227,19,152,0,187
Georgia,9/14/20,2392,19,165,0,188
Georgia,9/15/20,2562,19,170,0,189
Georgia,9/16/20,2758,19,196,0,190
Georgia,9/17/20,2937,19,179,0,191
Georgia,9/18/20,3119,19,182,0,192
Georgia,9/19/20,3306,19,187,0,193
Georgia,9/20/20,3502,19,196,0,194
Georgia,9/21/20,3695,20,193,1,195
Georgia,9/22/20,3913,23,218,3,196
Georgia,9/23/20,4140,25,227,2,197
Georgia,9/24/20,4399,26,259,1,198
Georgia,9/25/20,4664,27,265,1,199
Georgia,9/26/20,4960,28,296,1,200
Georgia,9/27/20,5254,28,294,0,201
Georgia,9/28/20,5552,32,298,4,202
Georgia,9/29/20,5866,36,314,4,203
Georgia,9/30/20,6192,39,326,3,204
Georgia,10/1/20,6640,41,448,2,205
Georgia,10/2/20,7093,46,453,5,206
Georgia,10/3/20,7564,48,471,2,207
Georgia,10/4/20,8118,50,554,2,208
Georgia,10/5/20,8696,54,578,4,209
Georgia,10/6/20,9245,58,549,4,210
Georgia,10/7/20,9753,63,508,5,211
Georgia,10/8/20,10225,66,472,3,212
Georgia,10/9/20,10752,72,527,6,213
Georgia,10/10/20,11271,78,519,6,214
Georgia,10/11/20,11794,85,523,7,215
Georgia,10/12/20,12272,93,478,8,216
Georgia,10/13/20,12841,102,569,9,217
Georgia,10/14/20,13521,109,680,7,218
Georgia,10/15/20,14440,113,919,4,219
Georgia,10/16/20,15327,124,887,11,220
Georgia,10/17/20,16285,128,958,4,221
Georgia,10/18/20,17477,136,1192,8,222
Georgia,10/19/20,18663,143,1186,7,223
Georgia,10/20/20,19857,158,1194,15,224
Georgia,10/21/20,21208,172,1351,14,225
Georgia,10/22/20,22803,178,1595,6,226
Georgia,10/23/20,24562,183,1759,5,227
Georgia,10/24/20,26503,193,1941,10,228
Georgia,10/25/20,28431,201,1928,8,229
Georgia,10/26/20,30303,215,1872,14,230
Georgia,10/27/20,32127,238,1824,23,231
Georgia,10/28/20,33858,253,1731,15,232
Georgia,10/29/20,35567,273,1709,20,233
Georgia,10/30/20,37263,285,1696,12,234
Georgia,10/31/20,38936,307,1673,22,235
Georgia,11/1/20,40727,335,1791,28,236
Georgia,11/2/20,42579,342,1852,7,237
Georgia,11/3/20,44522,362,1943,20,238
Georgia,11/4/20,46817,381,2295,19,239
Georgia,11/5/20,49218,401,2401,20,240
Georgia,11/6/20,51993,423,2775,22,241
Georgia,11/7/20,54852,441,2859,18,242
Georgia,11/8/20,57753,475,2901,34,243
Georgia,11/9/20,60680,499,2927,24,244
Georgia,11/10/20,63650,521,2970,22,245
Georgia,11/11/20,66561,566,2911,45,246
Georgia,11/12/20,69681,599,3120,33,247
Georgia,11/13/20,73154,636,3473,37,248
Georgia,11/14/20,76658,669,3504,33,249
Georgia,11/15/20,79678,703,3020,34,250
Georgia,11/16/20,82835,733,3157,30,251
Georgia,11/17/20,85952,778,3117,45,252
Georgia,11/18/20,89395,815,3443,37,253
Georgia,11/19/20,93092,853,3697,38,254
Georgia,11/20/20,96860,894,3768,41,255
Georgia,11/21/20,100684,927,3824,33,256
Georgia,11/22/20,104732,976,4048,49,257
Georgia,11/23/20,108690,1012,3958,36,258
Georgia,11/24/20,111818,1051,3128,39,259
Georgia,11/25/20,114889,1085,3071,34,260
Georgia,11/26/20,118690,1124,3801,39,261
Georgia,11/27/20,123470,1161,4780,37,262
Georgia,11/28/20,127942,1195,4472,34,263
Georgia,11/29/20,132368,1230,4426,35,264
Georgia,11/30/20,135584,1267,3216,37,265
Georgia,12/1/20,139343,1303,3759,36,266
Georgia,12/2/20,143376,1342,4033,39,267
Georgia,12/3/20,147636,1387,4260,45,268
Georgia,12/4/20,152704,1425,5068,38,269
Georgia,12/5/20,158154,1462,5450,37,270
Georgia,12/6/20,162475,1504,4321,42,271
Georgia,12/7/20,164976,1540,2501,36,272
Georgia,12/8/20,169649,1576,4673,36,273
Georgia,12/9/20,174383,1614,4734,38,274
Georgia,12/10/20,178953,1657,4570,43,275
Georgia,12/11/20,183099,1694,4146,37,276
Georgia,12/12/20,187006,1744,3907,50,277
Georgia,12/13/20,189726,1790,2720,46,278
Georgia,12/14/20,191063,1839,1337,49,279
Georgia,12/15/20,194900,1883,3837,44,280
Georgia,12/16/20,198387,1922,3487,39,281
Georgia,12/17/20,201368,1953,2981,31,282
Georgia,12/18/20,204003,2002,2635,49,283
Georgia,12/19/20,206907,2055,2904,53,284
Georgia,12/20/20,208638,2094,1731,39,285
Georgia,12/21/20,209462,2140,824,46,286
Georgia,12/22/20,212526,2182,3064,42,287
Georgia,12/23/20,214871,2233,2345,51,288
Georgia,12/24/20,216843,2276,1972,43,289
Georgia,12/25/20,218724,2313,1881,37,290
Georgia,12/26/20,220508,2352,1784,39,291
Georgia,12/27/20,221605,2377,1097,25,292
Georgia,12/28/20,222143,2418,538,41,293
Georgia,12/29/20,224155,2443,2012,25,294
Georgia,12/30/20,225893,2481,1738,38,295
Georgia,12/31/20,227420,2505,1527,24,296
Georgia,1/1/21,228410,2528,990,23,297
Georgia,1/2/21,228752,2572,342,44,298
Georgia,1/3/21,229169,2603,417,31,299
Georgia,1/4/21,229763,2628,594,25,300
Georgia,1/5/21,232079,2646,2316,18,301
Georgia,1/6/21,233879,2666,1800,20,302
Georgia,1/7/21,235491,2694,1612,28,303
Georgia,1/8/21,236028,2728,537,34,304
Georgia,1/9/21,238086,2750,2058,22,305
Georgia,1/10/21,239229,2773,1143,23,306
Georgia,1/11/21,239780,2796,551,23,307
Georgia,1/12/21,241637,2820,1857,24,308
Georgia,1/13/21,243255,2846,1618,26,309
Georgia,1/14/21,244612,2867,1357,21,310
Georgia,1/15/21,245789,2893,1177,26,311
Georgia,1/16/21,247025,2916,1236,23,312
Georgia,1/17/21,247805,2933,780,17,313
Georgia,1/18/21,247915,2958,110,25,314
Georgia,1/19/21,249465,2973,1550,15,315
Georgia,1/20/21,249934,2987,469,14,316
Georgia,1/21/21,251071,2998,1137,11,317
Georgia,1/22/21,251974,3022,903,24,318
Georgia,1/23/21,252972,3038,998,16,319
Georgia,1/24/21,253518,3055,546,17,320
Georgia,1/25/21,253816,3071,298,16,321
Georgia,1/26/21,254822,3096,1006,25,322
Georgia,1/27/21,255564,3108,742,12,323
Georgia,1/28/21,256287,3127,723,19,324
Georgia,1/29/21,256956,3148,669,21,325
Georgia,1/30/21,257632,3159,676,11,326
Georgia,1/31/21,258111,3178,479,19,327
Georgia,2/1/21,258351,3194,240,16,328
Georgia,2/2/21,259209,3208,858,14,329
Georgia,2/3/21,259897,3221,688,13,330
Georgia,2/4/21,260480,3240,583,19,331
Georgia,2/5/21,261018,3258,538,18,332
Georgia,2/6/21,261620,3269,602,11,333
Georgia,2/7/21,262024,3283,404,14,334
Georgia,2/8/21,262228,3298,204,15,335
Georgia,2/9/21,263057,3306,829,8,336
Georgia,2/10/21,263601,3311,544,5,337
Georgia,2/11/21,264158,3321,557,10,338
Georgia,2/12/21,264665,3336,507,15,339
Georgia,2/13/21,265200,3343,535,7,340
Georgia,2/14/21,265557,3352,357,9,341
Georgia,2/15/21,265722,3363,165,11,342
Georgia,2/16/21,266462,3377,740,14,343
Georgia,2/17/21,266948,3390,486,13,344
Georgia,2/18/21,267313,3399,365,9,345
Georgia,2/19/21,267701,3406,388,7,346
Georgia,2/20/21,268097,3425,396,19,347
Georgia,2/21/21,268355,3435,258,10,348
Georgia,2/22/21,268502,3447,147,12,349
Georgia,2/23/21,268995,3457,493,10,350
Georgia,2/24/21,269438,3463,443,6,351
Georgia,2/25/21,269800,3475,362,12,352
Georgia,2/26/21,270137,3485,337,10,353
Georgia,2/27/21,270510,3499,373,14,354
Georgia,2/28/21,270758,3510,248,11,355
Georgia,3/1/21,270918,3520,160,10,356
Georgia,3/2/21,271379,3532,461,12,357
Georgia,3/3/21,271739,3541,360,9,358
Georgia,3/4/21,271872,3553,133,12,359
Georgia,3/5/21,272262,3563,390,10,360
Georgia,3/6/21,272617,3567,355,4,361
Georgia,3/7/21,272851,3576,234,9,362
Georgia,3/8/21,272998,3591,147,15,363
Georgia,3/9/21,273137,3601,139,10,364
Georgia,3/10/21,273650,3613,513,12,365
Georgia,3/11/21,274045,3622,395,9,366
Georgia,3/12/21,274377,3634,332,12,367
