country,date,confirmed,deaths,new_confirmed,new_deaths,tagged_day
Indonesia,3/10/20,27,0,8,0,1
Indonesia,3/11/20,34,1,7,1,2
Indonesia,3/12/20,34,1,0,0,3
Indonesia,3/13/20,69,4,35,3,4
Indonesia,3/14/20,96,5,27,1,5
Indonesia,3/15/20,117,5,21,0,6
Indonesia,3/16/20,134,5,17,0,7
Indonesia,3/17/20,172,5,38,0,8
Indonesia,3/18/20,227,19,55,14,9
Indonesia,3/19/20,311,25,84,6,10
Indonesia,3/20/20,369,32,58,7,11
Indonesia,3/21/20,450,38,81,6,12
Indonesia,3/22/20,514,48,64,10,13
Indonesia,3/23/20,579,49,65,1,14
Indonesia,3/24/20,686,55,107,6,15
Indonesia,3/25/20,790,58,104,3,16
Indonesia,3/26/20,893,78,103,20,17
Indonesia,3/27/20,1046,87,153,9,18
Indonesia,3/28/20,1155,102,109,15,19
Indonesia,3/29/20,1285,114,130,12,20
Indonesia,3/30/20,1414,122,129,8,21
Indonesia,3/31/20,1528,136,114,14,22
Indonesia,4/1/20,1677,157,149,21,23
Indonesia,4/2/20,1790,170,113,13,24
Indonesia,4/3/20,1986,181,196,11,25
Indonesia,4/4/20,2092,191,106,10,26
Indonesia,4/5/20,2273,198,181,7,27
Indonesia,4/6/20,2491,209,218,11,28
Indonesia,4/7/20,2738,221,247,12,29
Indonesia,4/8/20,2956,240,218,19,30
Indonesia,4/9/20,3293,280,337,40,31
Indonesia,4/10/20,3512,306,219,26,32
Indonesia,4/11/20,3842,327,330,21,33
Indonesia,4/12/20,4241,373,399,46,34
Indonesia,4/13/20,4557,399,316,26,35
Indonesia,4/14/20,4839,459,282,60,36
Indonesia,4/15/20,5136,469,297,10,37
Indonesia,4/16/20,5516,496,380,27,38
Indonesia,4/17/20,5923,520,407,24,39
Indonesia,4/18/20,6248,535,325,15,40
Indonesia,4/19/20,6575,582,327,47,41
Indonesia,4/20/20,6760,590,185,8,42
Indonesia,4/21/20,7135,616,375,26,43
Indonesia,4/22/20,7418,635,283,19,44
Indonesia,4/23/20,7775,647,357,12,45
Indonesia,4/24/20,8211,689,436,42,46
Indonesia,4/25/20,8607,720,396,31,47
Indonesia,4/26/20,8882,743,275,23,48
Indonesia,4/27/20,9096,765,214,22,49
Indonesia,4/28/20,9511,773,415,8,50
Indonesia,4/29/20,9771,784,260,11,51
Indonesia,4/30/20,10118,792,347,8,52
Indonesia,5/1/20,10551,800,433,8,53
Indonesia,5/2/20,10843,831,292,31,54
Indonesia,5/3/20,11192,845,349,14,55
Indonesia,5/4/20,11587,864,395,19,56
Indonesia,5/5/20,12071,872,484,8,57
Indonesia,5/6/20,12438,895,367,23,58
Indonesia,5/7/20,12776,930,338,35,59
Indonesia,5/8/20,13112,943,336,13,60
Indonesia,5/9/20,13645,959,533,16,61
Indonesia,5/10/20,14032,973,387,14,62
Indonesia,5/11/20,14265,991,233,18,63
Indonesia,5/12/20,14749,1007,484,16,64
Indonesia,5/13/20,15438,1028,689,21,65
Indonesia,5/14/20,16006,1043,568,15,66
Indonesia,5/15/20,16496,1076,490,33,67
Indonesia,5/16/20,17025,1089,529,13,68
Indonesia,5/17/20,17514,1148,489,59,69
Indonesia,5/18/20,18010,1191,496,43,70
Indonesia,5/19/20,18496,1221,486,30,71
Indonesia,5/20/20,19189,1242,693,21,72
Indonesia,5/21/20,20162,1278,973,36,73
Indonesia,5/22/20,20796,1326,634,48,74
Indonesia,5/23/20,21745,1351,949,25,75
Indonesia,5/24/20,22271,1372,526,21,76
Indonesia,5/25/20,22750,1391,479,19,77
Indonesia,5/26/20,23165,1418,415,27,78
Indonesia,5/27/20,23851,1473,686,55,79
Indonesia,5/28/20,24538,1496,687,23,80
Indonesia,5/29/20,25216,1520,678,24,81
Indonesia,5/30/20,25773,1573,557,53,82
Indonesia,5/31/20,26473,1613,700,40,83
Indonesia,6/1/20,26940,1641,467,28,84
Indonesia,6/2/20,27549,1663,609,22,85
Indonesia,6/3/20,28233,1698,684,35,86
Indonesia,6/4/20,28818,1721,585,23,87
Indonesia,6/5/20,29521,1770,703,49,88
Indonesia,6/6/20,30514,1801,993,31,89
Indonesia,6/7/20,31186,1851,672,50,90
Indonesia,6/8/20,32033,1883,847,32,91
Indonesia,6/9/20,33076,1923,1043,40,92
Indonesia,6/10/20,34316,1959,1240,36,93
Indonesia,6/11/20,35295,2000,979,41,94
Indonesia,6/12/20,36406,2048,1111,48,95
Indonesia,6/13/20,37420,2091,1014,43,96
Indonesia,6/14/20,38277,2134,857,43,97
Indonesia,6/15/20,39294,2198,1017,64,98
Indonesia,6/16/20,40400,2231,1106,33,99
Indonesia,6/17/20,41431,2276,1031,45,100
Indonesia,6/18/20,42762,2339,1331,63,101
Indonesia,6/19/20,43803,2373,1041,34,102
Indonesia,6/20/20,45029,2429,1226,56,103
Indonesia,6/21/20,45891,2465,862,36,104
Indonesia,6/22/20,46845,2500,954,35,105
Indonesia,6/23/20,47896,2535,1051,35,106
Indonesia,6/24/20,49009,2573,1113,38,107
Indonesia,6/25/20,50187,2620,1178,47,108
Indonesia,6/26/20,51427,2683,1240,63,109
Indonesia,6/27/20,52812,2720,1385,37,110
Indonesia,6/28/20,54010,2754,1198,34,111
Indonesia,6/29/20,55092,2805,1082,51,112
Indonesia,6/30/20,56385,2876,1293,71,113
Indonesia,7/1/20,57770,2934,1385,58,114
Indonesia,7/2/20,59394,2987,1624,53,115
Indonesia,7/3/20,60695,3036,1301,49,116
Indonesia,7/4/20,62142,3089,1447,53,117
Indonesia,7/5/20,63749,3171,1607,82,118
Indonesia,7/6/20,64958,3241,1209,70,119
Indonesia,7/7/20,66226,3309,1268,68,120
Indonesia,7/8/20,68079,3359,1853,50,121
Indonesia,7/9/20,70736,3417,2657,58,122
Indonesia,7/10/20,72347,3469,1611,52,123
Indonesia,7/11/20,74018,3535,1671,66,124
Indonesia,7/12/20,75699,3606,1681,71,125
Indonesia,7/13/20,76981,3656,1282,50,126
Indonesia,7/14/20,78572,3710,1591,54,127
Indonesia,7/15/20,80094,3797,1522,87,128
Indonesia,7/16/20,81668,3873,1574,76,129
Indonesia,7/17/20,83130,3957,1462,84,130
Indonesia,7/18/20,84882,4016,1752,59,131
Indonesia,7/19/20,86521,4143,1639,127,132
Indonesia,7/20/20,88214,4239,1693,96,133
Indonesia,7/21/20,89869,4320,1655,81,134
Indonesia,7/22/20,91751,4459,1882,139,135
Indonesia,7/23/20,93657,4576,1906,117,136
Indonesia,7/24/20,95418,4665,1761,89,137
Indonesia,7/25/20,97286,4714,1868,49,138
Indonesia,7/26/20,98778,4781,1492,67,139
Indonesia,7/27/20,100303,4838,1525,57,140
Indonesia,7/28/20,102051,4901,1748,63,141
Indonesia,7/29/20,104432,4975,2381,74,142
Indonesia,7/30/20,106336,5058,1904,83,143
Indonesia,7/31/20,108376,5131,2040,73,144
Indonesia,8/1/20,109936,5193,1560,62,145
Indonesia,8/2/20,111455,5236,1519,43,146
Indonesia,8/3/20,113134,5302,1679,66,147
Indonesia,8/4/20,115056,5388,1922,86,148
Indonesia,8/5/20,116871,5452,1815,64,149
Indonesia,8/6/20,118753,5521,1882,69,150
Indonesia,8/7/20,121226,5593,2473,72,151
Indonesia,8/8/20,123503,5658,2277,65,152
Indonesia,8/9/20,125396,5723,1893,65,153
Indonesia,8/10/20,127083,5765,1687,42,154
Indonesia,8/11/20,128776,5824,1693,59,155
Indonesia,8/12/20,130718,5903,1942,79,156
Indonesia,8/13/20,132816,5968,2098,65,157
Indonesia,8/14/20,135123,6021,2307,53,158
Indonesia,8/15/20,137468,6071,2345,50,159
Indonesia,8/16/20,139549,6150,2081,79,160
Indonesia,8/17/20,141370,6207,1821,57,161
Indonesia,8/18/20,143043,6277,1673,70,162
Indonesia,8/19/20,144945,6346,1902,69,163
Indonesia,8/20/20,147211,6418,2266,72,164
Indonesia,8/21/20,149408,6500,2197,82,165
Indonesia,8/22/20,151498,6594,2090,94,166
Indonesia,8/23/20,153535,6680,2037,86,167
Indonesia,8/24/20,155412,6759,1877,79,168
Indonesia,8/25/20,157859,6858,2447,99,169
Indonesia,8/26/20,160165,6944,2306,86,170
Indonesia,8/27/20,162884,7064,2719,120,171
Indonesia,8/28/20,165887,7169,3003,105,172
Indonesia,8/29/20,169195,7261,3308,92,173
Indonesia,8/30/20,172053,7343,2858,82,174
Indonesia,8/31/20,174796,7417,2743,74,175
Indonesia,9/1/20,177571,7505,2775,88,176
Indonesia,9/2/20,180646,7616,3075,111,177
Indonesia,9/3/20,184268,7750,3622,134,178
Indonesia,9/4/20,187537,7832,3269,82,179
Indonesia,9/5/20,190665,7940,3128,108,180
Indonesia,9/6/20,194109,8025,3444,85,181
Indonesia,9/7/20,196989,8130,2880,105,182
Indonesia,9/8/20,200035,8230,3046,100,183
Indonesia,9/9/20,203342,8336,3307,106,184
Indonesia,9/10/20,207203,8456,3861,120,185
Indonesia,9/11/20,210940,8544,3737,88,186
Indonesia,9/12/20,214746,8650,3806,106,187
Indonesia,9/13/20,218382,8723,3636,73,188
Indonesia,9/14/20,221523,8841,3141,118,189
Indonesia,9/15/20,225030,8965,3507,124,190
Indonesia,9/16/20,228993,9100,3963,135,191
Indonesia,9/17/20,232628,9222,3635,122,192
Indonesia,9/18/20,236519,9336,3891,114,193
Indonesia,9/19/20,240687,9448,4168,112,194
Indonesia,9/20/20,244676,9553,3989,105,195
Indonesia,9/21/20,248852,9677,4176,124,196
Indonesia,9/22/20,252923,9837,4071,160,197
Indonesia,9/23/20,257388,9977,4465,140,198
Indonesia,9/24/20,262022,10105,4634,128,199
Indonesia,9/25/20,266845,10218,4823,113,200
Indonesia,9/26/20,271339,10308,4494,90,201
Indonesia,9/27/20,275213,10386,3874,78,202
Indonesia,9/28/20,278722,10473,3509,87,203
Indonesia,9/29/20,282724,10601,4002,128,204
Indonesia,9/30/20,287008,10740,4284,139,205
Indonesia,10/1/20,291182,10856,4174,116,206
Indonesia,10/2/20,295499,10972,4317,116,207
Indonesia,10/3/20,299506,11055,4007,83,208
Indonesia,10/4/20,303498,11151,3992,96,209
Indonesia,10/5/20,307120,11253,3622,102,210
Indonesia,10/6/20,311176,11374,4056,121,211
Indonesia,10/7/20,315714,11472,4538,98,212
Indonesia,10/8/20,320564,11580,4850,108,213
Indonesia,10/9/20,324658,11677,4094,97,214
Indonesia,10/10/20,328952,11765,4294,88,215
Indonesia,10/11/20,333449,11844,4497,79,216
Indonesia,10/12/20,336716,11935,3267,91,217
Indonesia,10/13/20,340622,12027,3906,92,218
Indonesia,10/14/20,344749,12156,4127,129,219
Indonesia,10/15/20,349160,12268,4411,112,220
Indonesia,10/16/20,353461,12347,4301,79,221
Indonesia,10/17/20,357762,12431,4301,84,222
Indonesia,10/18/20,361867,12511,4105,80,223
Indonesia,10/19/20,365240,12617,3373,106,224
Indonesia,10/20/20,368842,12734,3602,117,225
Indonesia,10/21/20,373109,12857,4267,123,226
Indonesia,10/22/20,377541,12959,4432,102,227
Indonesia,10/23/20,381910,13077,4369,118,228
Indonesia,10/24/20,385980,13205,4070,128,229
Indonesia,10/25/20,389712,13299,3732,94,230
Indonesia,10/26/20,392934,13411,3222,112,231
Indonesia,10/27/20,396454,13512,3520,101,232
Indonesia,10/28/20,400483,13612,4029,100,233
Indonesia,10/29/20,404048,13701,3565,89,234
Indonesia,10/30/20,406945,13782,2897,81,235
Indonesia,10/31/20,410088,13869,3143,87,236
Indonesia,11/1/20,412784,13943,2696,74,237
Indonesia,11/2/20,415402,14044,2618,101,238
Indonesia,11/3/20,418375,14146,2973,102,239
Indonesia,11/4/20,421731,14259,3356,113,240
Indonesia,11/5/20,425796,14348,4065,89,241
Indonesia,11/6/20,429574,14442,3778,94,242
Indonesia,11/7/20,433836,14540,4262,98,243
Indonesia,11/8/20,437716,14614,3880,74,244
Indonesia,11/9/20,440569,14689,2853,75,245
Indonesia,11/10/20,444348,14761,3779,72,246
Indonesia,11/11/20,448118,14836,3770,75,247
Indonesia,11/12/20,452291,14933,4173,97,248
Indonesia,11/13/20,457735,15037,5444,104,249
Indonesia,11/14/20,463007,15148,5272,111,250
Indonesia,11/15/20,467113,15211,4106,63,251
Indonesia,11/16/20,470648,15296,3535,85,252
Indonesia,11/17/20,474455,15393,3807,97,253
Indonesia,11/18/20,478720,15503,4265,110,254
Indonesia,11/19/20,483518,15600,4798,97,255
Indonesia,11/20/20,488310,15678,4792,78,256
Indonesia,11/21/20,493308,15774,4998,96,257
Indonesia,11/22/20,497668,15884,4360,110,258
Indonesia,11/23/20,502110,16002,4442,118,259
Indonesia,11/24/20,506302,16111,4192,109,260
Indonesia,11/25/20,511836,16225,5534,114,261
Indonesia,11/26/20,516753,16352,4917,127,262
Indonesia,11/27/20,522581,16521,5828,169,263
Indonesia,11/28/20,527999,16646,5418,125,264
Indonesia,11/29/20,534266,16815,6267,169,265
Indonesia,11/30/20,538883,16945,4617,130,266
Indonesia,12/1/20,543975,17081,5092,136,267
Indonesia,12/2/20,549508,17199,5533,118,268
Indonesia,12/3/20,557877,17355,8369,156,269
Indonesia,12/4/20,563680,17479,5803,124,270
Indonesia,12/5/20,569707,17589,6027,110,271
Indonesia,12/6/20,575796,17740,6089,151,272
Indonesia,12/7/20,581550,17867,5754,127,273
Indonesia,12/8/20,586842,18000,5292,133,274
Indonesia,12/9/20,592900,18171,6058,171,275
Indonesia,12/10/20,598933,18336,6033,165,276
Indonesia,12/11/20,605243,18511,6310,175,277
Indonesia,12/12/20,611631,18653,6388,142,278
Indonesia,12/13/20,617820,18819,6189,166,279
Indonesia,12/14/20,623309,18956,5489,137,280
Indonesia,12/15/20,629429,19111,6120,155,281
Indonesia,12/16/20,636154,19248,6725,137,282
Indonesia,12/17/20,643508,19390,7354,142,283
Indonesia,12/18/20,650197,19514,6689,124,284
Indonesia,12/19/20,657948,19659,7751,145,285
Indonesia,12/20/20,664930,19880,6982,221,286
Indonesia,12/21/20,671778,20085,6848,205,287
Indonesia,12/22/20,678125,20257,6347,172,288
Indonesia,12/23/20,685639,20408,7514,151,289
Indonesia,12/24/20,692838,20589,7199,181,290
Indonesia,12/25/20,700097,20847,7259,258,291
Indonesia,12/26/20,706837,20994,6740,147,292
Indonesia,12/27/20,713365,21237,6528,243,293
Indonesia,12/28/20,719219,21452,5854,215,294
Indonesia,12/29/20,727122,21703,7903,251,295
Indonesia,12/30/20,735124,21944,8002,241,296
Indonesia,12/31/20,743198,22138,8074,194,297
Indonesia,1/1/21,751270,22329,8072,191,298
Indonesia,1/2/21,758473,22555,7203,226,299
Indonesia,1/3/21,765350,22734,6877,179,300
Indonesia,1/4/21,772103,22911,6753,177,301
Indonesia,1/5/21,779548,23109,7445,198,302
Indonesia,1/6/21,788402,23296,8854,187,303
Indonesia,1/7/21,797723,23520,9321,224,304
Indonesia,1/8/21,808340,23753,10617,233,305
Indonesia,1/9/21,818386,23947,10046,194,306
Indonesia,1/10/21,828026,24129,9640,182,307
Indonesia,1/11/21,836718,24343,8692,214,308
Indonesia,1/12/21,846765,24645,10047,302,309
Indonesia,1/13/21,858043,24951,11278,306,310
Indonesia,1/14/21,869600,25246,11557,295,311
Indonesia,1/15/21,882418,25484,12818,238,312
Indonesia,1/16/21,896642,25767,14224,283,313
Indonesia,1/17/21,907929,25987,11287,220,314
Indonesia,1/18/21,917015,26282,9086,295,315
Indonesia,1/19/21,927380,26590,10365,308,316
Indonesia,1/20/21,939948,26857,12568,267,317
Indonesia,1/21/21,951651,27203,11703,346,318
Indonesia,1/22/21,965283,27453,13632,250,319
Indonesia,1/23/21,977474,27664,12191,211,320
Indonesia,1/24/21,989262,27835,11788,171,321
Indonesia,1/25/21,999256,28132,9994,297,322
Indonesia,1/26/21,1012350,28468,13094,336,323
Indonesia,1/27/21,1024298,28855,11948,387,324
Indonesia,1/28/21,1037993,29331,13695,476,325
Indonesia,1/29/21,1051795,29518,13802,187,326
Indonesia,1/30/21,1066313,29728,14518,210,327
Indonesia,1/31/21,1078314,29998,12001,270,328
Indonesia,2/1/21,1089308,30277,10994,279,329
Indonesia,2/2/21,1099687,30581,10379,304,330
Indonesia,2/3/21,1111671,30770,11984,189,331
Indonesia,2/4/21,1123105,31001,11434,231,332
Indonesia,2/5/21,1134854,31202,11749,201,333
Indonesia,2/6/21,1147010,31393,12156,191,334
Indonesia,2/7/21,1157837,31556,10827,163,335
Indonesia,2/8/21,1166079,31763,8242,207,336
Indonesia,2/9/21,1174779,31976,8700,213,337
Indonesia,2/10/21,1183555,32167,8776,191,338
Indonesia,2/11/21,1191990,32381,8435,214,339
Indonesia,2/12/21,1201859,32656,9869,275,340
Indonesia,2/13/21,1210703,32936,8844,280,341
Indonesia,2/14/21,1217468,33183,6765,247,342
Indonesia,2/15/21,1223930,33367,6462,184,343
Indonesia,2/16/21,1233959,33596,10029,229,344
Indonesia,2/17/21,1243646,33788,9687,192,345
Indonesia,2/18/21,1252685,33969,9039,181,346
Indonesia,2/19/21,1263299,34152,10614,183,347
Indonesia,2/20/21,1271353,34316,8054,164,348
Indonesia,2/21/21,1278653,34489,7300,173,349
Indonesia,2/22/21,1288833,34691,10180,202,350
Indonesia,2/23/21,1298608,35014,9775,323,351
Indonesia,2/24/21,1306141,35254,7533,240,352
Indonesia,2/25/21,1314634,35518,8493,264,353
Indonesia,2/26/21,1322866,35786,8232,268,354
Indonesia,2/27/21,1329074,35981,6208,195,355
Indonesia,2/28/21,1334634,36166,5560,185,356
Indonesia,3/1/21,1341314,36325,6680,159,357
Indonesia,3/2/21,1347026,36518,5712,193,358
Indonesia,3/3/21,1353834,36721,6808,203,359
Indonesia,3/4/21,1361098,36897,7264,176,360
Indonesia,3/5/21,1368069,37026,6971,129,361
Indonesia,3/6/21,1373836,37154,5767,128,362
Indonesia,3/7/21,1379662,37266,5826,112,363
Indonesia,3/8/21,1386556,37547,6894,281,364
Indonesia,3/9/21,1392945,37757,6389,210,365
Indonesia,3/10/21,1398578,37932,5633,175,366
Indonesia,3/11/21,1403722,38049,5144,117,367
Indonesia,3/12/21,1410134,38229,6412,180,368
