country,date,confirmed,deaths,new_confirmed,new_deaths,tagged_day
Kenya,3/24/20,25,0,9,0,1
Kenya,3/25/20,28,0,3,0,2
Kenya,3/26/20,31,1,3,1,3
Kenya,3/27/20,31,1,0,0,4
Kenya,3/28/20,38,1,7,0,5
Kenya,3/29/20,42,1,4,0,6
Kenya,3/30/20,50,1,8,0,7
Kenya,3/31/20,59,1,9,0,8
Kenya,4/1/20,81,1,22,0,9
Kenya,4/2/20,110,3,29,2,10
Kenya,4/3/20,122,4,12,1,11
Kenya,4/4/20,126,4,4,0,12
Kenya,4/5/20,142,4,16,0,13
Kenya,4/6/20,158,6,16,2,14
Kenya,4/7/20,172,6,14,0,15
Kenya,4/8/20,179,6,7,0,16
Kenya,4/9/20,184,7,5,1,17
Kenya,4/10/20,189,7,5,0,18
Kenya,4/11/20,191,7,2,0,19
Kenya,4/12/20,197,8,6,1,20
Kenya,4/13/20,208,9,11,1,21
Kenya,4/14/20,216,9,8,0,22
Kenya,4/15/20,225,10,9,1,23
Kenya,4/16/20,234,11,9,1,24
Kenya,4/17/20,246,11,12,0,25
Kenya,4/18/20,262,12,16,1,26
Kenya,4/19/20,270,14,8,2,27
Kenya,4/20/20,281,14,11,0,28
Kenya,4/21/20,296,14,15,0,29
Kenya,4/22/20,303,14,7,0,30
Kenya,4/23/20,320,14,17,0,31
Kenya,4/24/20,336,14,16,0,32
Kenya,4/25/20,343,14,7,0,33
Kenya,4/26/20,355,14,12,0,34
Kenya,4/27/20,363,14,8,0,35
Kenya,4/28/20,374,14,11,0,36
Kenya,4/29/20,384,15,10,1,37
Kenya,4/30/20,396,17,12,2,38
Kenya,5/1/20,411,21,15,4,39
Kenya,5/2/20,435,22,24,1,40
Kenya,5/3/20,465,24,30,2,41
Kenya,5/4/20,490,24,25,0,42
Kenya,5/5/20,535,24,45,0,43
Kenya,5/6/20,582,26,47,2,44
Kenya,5/7/20,607,29,25,3,45
Kenya,5/8/20,621,29,14,0,46
Kenya,5/9/20,649,30,28,1,47
Kenya,5/10/20,672,32,23,2,48
Kenya,5/11/20,700,33,28,1,49
Kenya,5/12/20,715,36,15,3,50
Kenya,5/13/20,737,40,22,4,51
Kenya,5/14/20,758,42,21,2,52
Kenya,5/15/20,781,45,23,3,53
Kenya,5/16/20,830,50,49,5,54
Kenya,5/17/20,887,50,57,0,55
Kenya,5/18/20,912,50,25,0,56
Kenya,5/19/20,963,50,51,0,57
Kenya,5/20/20,1029,50,66,0,58
Kenya,5/21/20,1109,50,80,0,59
Kenya,5/22/20,1161,50,52,0,60
Kenya,5/23/20,1192,50,31,0,61
Kenya,5/24/20,1214,51,22,1,62
Kenya,5/25/20,1286,52,72,1,63
Kenya,5/26/20,1348,52,62,0,64
Kenya,5/27/20,1471,55,123,3,65
Kenya,5/28/20,1618,58,147,3,66
Kenya,5/29/20,1745,62,127,4,67
Kenya,5/30/20,1888,63,143,1,68
Kenya,5/31/20,1962,64,74,1,69
Kenya,6/1/20,2021,69,59,5,70
Kenya,6/2/20,2093,71,72,2,71
Kenya,6/3/20,2216,74,123,3,72
Kenya,6/4/20,2340,78,124,4,73
Kenya,6/5/20,2474,79,134,1,74
Kenya,6/6/20,2600,83,126,4,75
Kenya,6/7/20,2767,84,167,1,76
Kenya,6/8/20,2872,85,105,1,77
Kenya,6/9/20,2989,88,117,3,78
Kenya,6/10/20,3094,89,105,1,79
Kenya,6/11/20,3215,92,121,3,80
Kenya,6/12/20,3305,96,90,4,81
Kenya,6/13/20,3457,100,152,4,82
Kenya,6/14/20,3594,103,137,3,83
Kenya,6/15/20,3727,104,133,1,84
Kenya,6/16/20,3860,105,133,1,85
Kenya,6/17/20,4044,107,184,2,86
Kenya,6/18/20,4257,117,213,10,87
Kenya,6/19/20,4374,119,117,2,88
Kenya,6/20/20,4478,121,104,2,89
Kenya,6/21/20,4738,123,260,2,90
Kenya,6/22/20,4797,125,59,2,91
Kenya,6/23/20,4952,128,155,3,92
Kenya,6/24/20,5206,130,254,2,93
Kenya,6/25/20,5384,132,178,2,94
Kenya,6/26/20,5533,137,149,5,95
Kenya,6/27/20,5811,141,278,4,96
Kenya,6/28/20,6070,143,259,2,97
Kenya,6/29/20,6190,144,120,1,98
Kenya,6/30/20,6366,148,176,4,99
Kenya,7/1/20,6673,149,307,1,100
Kenya,7/2/20,6941,152,268,3,101
Kenya,7/3/20,7188,154,247,2,102
Kenya,7/4/20,7577,159,389,5,103
Kenya,7/5/20,7886,160,309,1,104
Kenya,7/6/20,8067,164,181,4,105
Kenya,7/7/20,8250,167,183,3,106
Kenya,7/8/20,8528,169,278,2,107
Kenya,7/9/20,8975,173,447,4,108
Kenya,7/10/20,9448,181,473,8,109
Kenya,7/11/20,9726,184,278,3,110
Kenya,7/12/20,10105,185,379,1,111
Kenya,7/13/20,10294,197,189,12,112
Kenya,7/14/20,10791,202,497,5,113
Kenya,7/15/20,11252,209,461,7,114
Kenya,7/16/20,11673,217,421,8,115
Kenya,7/17/20,12062,222,389,5,116
Kenya,7/18/20,12750,225,688,3,117
Kenya,7/19/20,13353,234,603,9,118
Kenya,7/20/20,13771,238,418,4,119
Kenya,7/21/20,14168,250,397,12,120
Kenya,7/22/20,14805,260,637,10,121
Kenya,7/23/20,15601,263,796,3,122
Kenya,7/24/20,16268,274,667,11,123
Kenya,7/25/20,16643,278,375,4,124
Kenya,7/26/20,17603,280,960,2,125
Kenya,7/27/20,17975,285,372,5,126
Kenya,7/28/20,18581,299,606,14,127
Kenya,7/29/20,19125,311,544,12,128
Kenya,7/30/20,19913,325,788,14,129
Kenya,7/31/20,20636,341,723,16,130
Kenya,8/1/20,21363,364,727,23,131
Kenya,8/2/20,22053,369,690,5,132
Kenya,8/3/20,22597,382,544,13,133
Kenya,8/4/20,23202,388,605,6,134
Kenya,8/5/20,23873,391,671,3,135
Kenya,8/6/20,24411,399,538,8,136
Kenya,8/7/20,25138,413,727,14,137
Kenya,8/8/20,25837,418,699,5,138
Kenya,8/9/20,26436,420,599,2,139
Kenya,8/10/20,26928,423,492,3,140
Kenya,8/11/20,27425,438,497,15,141
Kenya,8/12/20,28104,456,679,18,142
Kenya,8/13/20,28754,460,650,4,143
Kenya,8/14/20,29334,465,580,5,144
Kenya,8/15/20,29849,472,515,7,145
Kenya,8/16/20,30120,474,271,2,146
Kenya,8/17/20,30365,482,245,8,147
Kenya,8/18/20,30636,487,271,5,148
Kenya,8/19/20,31015,506,379,19,149
Kenya,8/20/20,31441,516,426,10,150
Kenya,8/21/20,31763,532,322,16,151
Kenya,8/22/20,32118,542,355,10,152
Kenya,8/23/20,32364,548,246,6,153
Kenya,8/24/20,32557,554,193,6,154
Kenya,8/25/20,32803,559,246,5,155
Kenya,8/26/20,33016,564,213,5,156
Kenya,8/27/20,33389,567,373,3,157
Kenya,8/28/20,33630,567,241,0,158
Kenya,8/29/20,33794,572,164,5,159
Kenya,8/30/20,34057,574,263,2,160
Kenya,8/31/20,34201,577,144,3,161
Kenya,9/1/20,34315,577,114,0,162
Kenya,9/2/20,34493,581,178,4,163
Kenya,9/3/20,34705,585,212,4,164
Kenya,9/4/20,34884,589,179,4,165
Kenya,9/5/20,35020,594,136,5,166
Kenya,9/6/20,35103,597,83,3,167
Kenya,9/7/20,35205,599,102,2,168
Kenya,9/8/20,35356,599,151,0,169
Kenya,9/9/20,35460,607,104,8,170
Kenya,9/10/20,35603,612,143,5,171
Kenya,9/11/20,35793,616,190,4,172
Kenya,9/12/20,35969,619,176,3,173
Kenya,9/13/20,36157,622,188,3,174
Kenya,9/14/20,36205,624,48,2,175
Kenya,9/15/20,36301,634,96,10,176
Kenya,9/16/20,36301,634,0,0,177
Kenya,9/17/20,36576,642,275,8,178
Kenya,9/18/20,36724,646,148,4,179
Kenya,9/19/20,36829,646,105,0,180
Kenya,9/20/20,36981,648,152,2,181
Kenya,9/21/20,37079,650,98,2,182
Kenya,9/22/20,37218,659,139,9,183
Kenya,9/23/20,37348,664,130,5,184
Kenya,9/24/20,37489,669,141,5,185
Kenya,9/25/20,37707,682,218,13,186
Kenya,9/26/20,37871,689,164,7,187
Kenya,9/27/20,38115,691,244,2,188
Kenya,9/28/20,38168,700,53,9,189
Kenya,9/29/20,38378,707,210,7,190
Kenya,9/30/20,38529,711,151,4,191
Kenya,10/1/20,38713,711,184,0,192
Kenya,10/2/20,38923,725,210,14,193
Kenya,10/3/20,39184,728,261,3,194
Kenya,10/4/20,39427,731,243,3,195
Kenya,10/5/20,39449,735,22,4,196
Kenya,10/6/20,39586,743,137,8,197
Kenya,10/7/20,39907,748,321,5,198
Kenya,10/8/20,40178,751,271,3,199
Kenya,10/9/20,40620,755,442,4,200
Kenya,10/10/20,41158,760,538,5,201
Kenya,10/11/20,41546,766,388,6,202
Kenya,10/12/20,41619,777,73,11,203
Kenya,10/13/20,41937,787,318,10,204
Kenya,10/14/20,42541,797,604,10,205
Kenya,10/15/20,43143,805,602,8,206
Kenya,10/16/20,43580,813,437,8,207
Kenya,10/17/20,44196,825,616,12,208
Kenya,10/18/20,44881,832,685,7,209
Kenya,10/19/20,45076,839,195,7,210
Kenya,10/20/20,45647,842,571,3,211
Kenya,10/21/20,46144,858,497,16,212
Kenya,10/22/20,47212,870,1068,12,213
Kenya,10/23/20,47843,884,631,14,214
Kenya,10/24/20,48790,896,947,12,215
Kenya,10/25/20,49721,902,931,6,216
Kenya,10/26/20,49997,920,276,18,217
Kenya,10/27/20,50833,934,836,14,218
Kenya,10/28/20,51851,934,1018,0,219
Kenya,10/29/20,52612,964,761,30,220
Kenya,10/30/20,53797,981,1185,17,221
Kenya,10/31/20,55192,981,1395,0,222
Kenya,11/1/20,55877,1013,685,32,223
Kenya,11/2/20,56601,1027,724,14,224
Kenya,11/3/20,57093,1039,492,12,225
Kenya,11/4/20,58587,1051,1494,12,226
Kenya,11/5/20,59595,1072,1008,21,227
Kenya,11/6/20,60704,1093,1109,21,228
Kenya,11/7/20,61769,1103,1065,10,229
Kenya,11/8/20,62488,1111,719,8,230
Kenya,11/9/20,63244,1130,756,19,231
Kenya,11/10/20,64588,1154,1344,24,232
Kenya,11/11/20,65804,1180,1216,26,233
Kenya,11/12/20,66723,1203,919,23,234
Kenya,11/13/20,68193,1228,1470,25,235
Kenya,11/14/20,69273,1228,1080,0,236
Kenya,11/15/20,70245,1269,972,41,237
Kenya,11/16/20,70804,1287,559,18,238
Kenya,11/17/20,71729,1302,925,15,239
Kenya,11/18/20,72686,1313,957,11,240
Kenya,11/19/20,74145,1330,1459,17,241
Kenya,11/20/20,75193,1349,1048,19,242
Kenya,11/21/20,76404,1366,1211,17,243
Kenya,11/22/20,77372,1380,968,14,244
Kenya,11/23/20,77785,1392,413,12,245
Kenya,11/24/20,78512,1409,727,17,246
Kenya,11/25/20,79322,1417,810,8,247
Kenya,11/26/20,80102,1427,780,10,248
Kenya,11/27/20,81656,1441,1554,14,249
Kenya,11/28/20,82605,1445,949,4,250
Kenya,11/29/20,83316,1452,711,7,251
Kenya,11/30/20,83618,1469,302,17,252
Kenya,12/1/20,84169,1474,551,5,253
Kenya,12/2/20,85130,1484,961,10,254
Kenya,12/3/20,86383,1500,1253,16,255
Kenya,12/4/20,87249,1506,866,6,256
Kenya,12/5/20,87984,1518,735,12,257
Kenya,12/6/20,88380,1526,396,8,258
Kenya,12/7/20,88579,1531,199,5,259
Kenya,12/8/20,89100,1545,521,14,260
Kenya,12/9/20,89661,1552,561,7,261
Kenya,12/10/20,90305,1568,644,16,262
Kenya,12/11/20,90978,1582,673,14,263
Kenya,12/12/20,91526,1586,548,4,264
Kenya,12/13/20,91892,1587,366,1,265
Kenya,12/14/20,92055,1593,163,6,266
Kenya,12/15/20,92459,1604,404,11,267
Kenya,12/16/20,92853,1614,394,10,268
Kenya,12/17/20,93405,1618,552,4,269
Kenya,12/18/20,93761,1629,356,11,270
Kenya,12/19/20,94151,1633,390,4,271
Kenya,12/20/20,94500,1639,349,6,272
Kenya,12/21/20,94614,1644,114,5,273
Kenya,12/22/20,94768,1647,154,3,274
Kenya,12/23/20,95195,1648,427,1,275
Kenya,12/24/20,95431,1652,236,4,276
Kenya,12/25/20,95713,1653,282,1,277
Kenya,12/26/20,95843,1655,130,2,278
Kenya,12/27/20,95923,1658,80,3,279
Kenya,12/28/20,95992,1664,69,6,280
Kenya,12/29/20,96139,1665,147,1,281
Kenya,12/30/20,96251,1667,112,2,282
Kenya,12/31/20,96458,1670,207,3,283
Kenya,1/1/21,96614,1681,156,11,284
Kenya,1/2/21,96678,1685,64,4,285
Kenya,1/3/21,96802,1685,124,0,286
Kenya,1/4/21,96908,1686,106,1,287
Kenya,1/5/21,97127,1690,219,4,288
Kenya,1/6/21,97398,1694,271,4,289
Kenya,1/7/21,97733,1702,335,8,290
Kenya,1/8/21,97954,1703,221,1,291
Kenya,1/9/21,98184,1704,230,1,292
Kenya,1/10/21,98271,1710,87,6,293
Kenya,1/11/21,98334,1713,63,3,294
Kenya,1/12/21,98432,1716,98,3,295
Kenya,1/13/21,98555,1720,123,4,296
Kenya,1/14/21,98693,1723,138,3,297
Kenya,1/15/21,98859,1726,166,3,298
Kenya,1/16/21,99082,1728,223,2,299
Kenya,1/17/21,99162,1731,80,3,300
Kenya,1/18/21,99227,1734,65,3,301
Kenya,1/19/21,99308,1734,81,0,302
Kenya,1/20/21,99444,1736,136,2,303
Kenya,1/21/21,99630,1739,186,3,304
Kenya,1/22/21,99769,1740,139,1,305
Kenya,1/23/21,99898,1740,129,0,306
Kenya,1/24/21,99983,1744,85,4,307
Kenya,1/25/21,100052,1744,69,0,308
Kenya,1/26/21,100193,1750,141,6,309
Kenya,1/27/21,100323,1751,130,1,310
Kenya,1/28/21,100422,1753,99,2,311
Kenya,1/29/21,100563,1753,141,0,312
Kenya,1/30/21,100675,1755,112,2,313
Kenya,1/31/21,100773,1763,98,8,314
Kenya,2/1/21,100856,1766,83,3,315
Kenya,2/2/21,101009,1766,153,0,316
Kenya,2/3/21,101159,1769,150,3,317
Kenya,2/4/21,101339,1773,180,4,318
Kenya,2/5/21,101534,1776,195,3,319
Kenya,2/6/21,101690,1776,156,0,320
Kenya,2/7/21,101819,1779,129,3,321
Kenya,2/8/21,101944,1786,125,7,322
Kenya,2/9/21,102048,1789,104,3,323
Kenya,2/10/21,102221,1791,173,2,324
Kenya,2/11/21,102353,1794,132,3,325
Kenya,2/12/21,102613,1794,260,0,326
Kenya,2/13/21,102792,1795,179,1,327
Kenya,2/14/21,102867,1795,75,0,328
Kenya,2/15/21,103014,1795,147,0,329
Kenya,2/16/21,103188,1797,174,2,330
Kenya,2/17/21,103332,1801,144,4,331
Kenya,2/18/21,103615,1807,283,6,332
Kenya,2/19/21,103841,1813,226,6,333
Kenya,2/20/21,103993,1817,152,4,334
Kenya,2/21/21,104201,1823,208,6,335
Kenya,2/22/21,104306,1827,105,4,336
Kenya,2/23/21,104500,1837,194,10,337
Kenya,2/24/21,104780,1839,280,2,338
Kenya,2/25/21,105057,1847,277,8,339
Kenya,2/26/21,105467,1853,410,6,340
Kenya,2/27/21,105648,1854,181,1,341
Kenya,2/28/21,105973,1856,325,2,342
Kenya,3/1/21,106125,1859,152,3,343
Kenya,3/2/21,106470,1863,345,4,344
Kenya,3/3/21,106801,1866,331,3,345
Kenya,3/4/21,107329,1870,528,4,346
Kenya,3/5/21,107729,1873,400,3,347
Kenya,3/6/21,108362,1874,633,1,348
Kenya,3/7/21,108827,1876,465,2,349
Kenya,3/8/21,109164,1879,337,3,350
Kenya,3/9/21,109643,1886,479,7,351
Kenya,3/10/21,110356,1898,713,12,352
Kenya,3/11/21,111185,1899,829,1,353
Kenya,3/12/21,111935,1901,750,2,354
