country,date,confirmed,deaths,new_confirmed,new_deaths,tagged_day
"Korea, South",2/6/20,23,0,4,0,1
"Korea, South",2/7/20,24,0,1,0,2
"Korea, South",2/8/20,24,0,0,0,3
"Korea, South",2/9/20,25,0,1,0,4
"Korea, South",2/10/20,27,0,2,0,5
"Korea, South",2/11/20,28,0,1,0,6
"Korea, South",2/12/20,28,0,0,0,7
"Korea, South",2/13/20,28,0,0,0,8
"Korea, South",2/14/20,28,0,0,0,9
"Korea, South",2/15/20,28,0,0,0,10
"Korea, South",2/16/20,29,0,1,0,11
"Korea, South",2/17/20,30,0,1,0,12
"Korea, South",2/18/20,31,0,1,0,13
"Korea, South",2/19/20,31,0,0,0,14
"Korea, South",2/20/20,104,1,73,1,15
"Korea, South",2/21/20,204,2,100,1,16
"Korea, South",2/22/20,433,2,229,0,17
"Korea, South",2/23/20,602,6,169,4,18
"Korea, South",2/24/20,833,8,231,2,19
"Korea, South",2/25/20,977,10,144,2,20
"Korea, South",2/26/20,1261,12,284,2,21
"Korea, South",2/27/20,1766,13,505,1,22
"Korea, South",2/28/20,2337,13,571,0,23
"Korea, South",2/29/20,3150,16,813,3,24
"Korea, South",3/1/20,3736,17,586,1,25
"Korea, South",3/2/20,4335,28,599,11,26
"Korea, South",3/3/20,5186,28,851,0,27
"Korea, South",3/4/20,5621,35,435,7,28
"Korea, South",3/5/20,6088,35,467,0,29
"Korea, South",3/6/20,6593,42,505,7,30
"Korea, South",3/7/20,7041,44,448,2,31
"Korea, South",3/8/20,7314,50,273,6,32
"Korea, South",3/9/20,7478,53,164,3,33
"Korea, South",3/10/20,7513,54,35,1,34
"Korea, South",3/11/20,7755,60,242,6,35
"Korea, South",3/12/20,7869,66,114,6,36
"Korea, South",3/13/20,7979,66,110,0,37
"Korea, South",3/14/20,8086,72,107,6,38
"Korea, South",3/15/20,8162,75,76,3,39
"Korea, South",3/16/20,8236,75,74,0,40
"Korea, South",3/17/20,8320,81,84,6,41
"Korea, South",3/18/20,8413,84,93,3,42
"Korea, South",3/19/20,8565,91,152,7,43
"Korea, South",3/20/20,8652,94,87,3,44
"Korea, South",3/21/20,8799,102,147,8,45
"Korea, South",3/22/20,8961,111,162,9,46
"Korea, South",3/23/20,8961,111,0,0,47
"Korea, South",3/24/20,9037,120,76,9,48
"Korea, South",3/25/20,9137,126,100,6,49
"Korea, South",3/26/20,9241,131,104,5,50
"Korea, South",3/27/20,9332,139,91,8,51
"Korea, South",3/28/20,9478,144,146,5,52
"Korea, South",3/29/20,9583,152,105,8,53
"Korea, South",3/30/20,9661,158,78,6,54
"Korea, South",3/31/20,9786,162,125,4,55
"Korea, South",4/1/20,9887,165,101,3,56
"Korea, South",4/2/20,9976,169,89,4,57
"Korea, South",4/3/20,10062,174,86,5,58
"Korea, South",4/4/20,10156,177,94,3,59
"Korea, South",4/5/20,10237,183,81,6,60
"Korea, South",4/6/20,10284,186,47,3,61
"Korea, South",4/7/20,10331,192,47,6,62
"Korea, South",4/8/20,10384,200,53,8,63
"Korea, South",4/9/20,10423,204,39,4,64
"Korea, South",4/10/20,10450,208,27,4,65
"Korea, South",4/11/20,10480,211,30,3,66
"Korea, South",4/12/20,10512,214,32,3,67
"Korea, South",4/13/20,10537,217,25,3,68
"Korea, South",4/14/20,10564,222,27,5,69
"Korea, South",4/15/20,10591,225,27,3,70
"Korea, South",4/16/20,10613,229,22,4,71
"Korea, South",4/17/20,10635,230,22,1,72
"Korea, South",4/18/20,10653,232,18,2,73
"Korea, South",4/19/20,10661,234,8,2,74
"Korea, South",4/20/20,10674,236,13,2,75
"Korea, South",4/21/20,10683,237,9,1,76
"Korea, South",4/22/20,10694,238,11,1,77
"Korea, South",4/23/20,10708,240,14,2,78
"Korea, South",4/24/20,10718,240,10,0,79
"Korea, South",4/25/20,10728,242,10,2,80
"Korea, South",4/26/20,10738,243,10,1,81
"Korea, South",4/27/20,10752,244,14,1,82
"Korea, South",4/28/20,10761,246,9,2,83
"Korea, South",4/29/20,10765,247,4,1,84
"Korea, South",4/30/20,10774,248,9,1,85
"Korea, South",5/1/20,10780,250,6,2,86
"Korea, South",5/2/20,10793,250,13,0,87
"Korea, South",5/3/20,10801,252,8,2,88
"Korea, South",5/4/20,10804,254,3,2,89
"Korea, South",5/5/20,10806,255,2,1,90
"Korea, South",5/6/20,10810,256,4,1,91
"Korea, South",5/7/20,10822,256,12,0,92
"Korea, South",5/8/20,10840,256,18,0,93
"Korea, South",5/9/20,10874,256,34,0,94
"Korea, South",5/10/20,10909,256,35,0,95
"Korea, South",5/11/20,10936,258,27,2,96
"Korea, South",5/12/20,10962,259,26,1,97
"Korea, South",5/13/20,10991,260,29,1,98
"Korea, South",5/14/20,11018,260,27,0,99
"Korea, South",5/15/20,11037,262,19,2,100
"Korea, South",5/16/20,11050,262,13,0,101
"Korea, South",5/17/20,11065,263,15,1,102
"Korea, South",5/18/20,11078,263,13,0,103
"Korea, South",5/19/20,11110,263,32,0,104
"Korea, South",5/20/20,11122,264,12,1,105
"Korea, South",5/21/20,11142,264,20,0,106
"Korea, South",5/22/20,11165,266,23,2,107
"Korea, South",5/23/20,11190,266,25,0,108
"Korea, South",5/24/20,11206,267,16,1,109
"Korea, South",5/25/20,11225,269,19,2,110
"Korea, South",5/26/20,11265,269,40,0,111
"Korea, South",5/27/20,11344,269,79,0,112
"Korea, South",5/28/20,11402,269,58,0,113
"Korea, South",5/29/20,11441,269,39,0,114
"Korea, South",5/30/20,11468,270,27,1,115
"Korea, South",5/31/20,11503,271,35,1,116
"Korea, South",6/1/20,11541,272,38,1,117
"Korea, South",6/2/20,11590,273,49,1,118
"Korea, South",6/3/20,11629,273,39,0,119
"Korea, South",6/4/20,11668,273,39,0,120
"Korea, South",6/5/20,11719,273,51,0,121
"Korea, South",6/6/20,11776,273,57,0,122
"Korea, South",6/7/20,11814,273,38,0,123
"Korea, South",6/8/20,11852,274,38,1,124
"Korea, South",6/9/20,11902,276,50,2,125
"Korea, South",6/10/20,11947,276,45,0,126
"Korea, South",6/11/20,12003,277,56,1,127
"Korea, South",6/12/20,12051,277,48,0,128
"Korea, South",6/13/20,12085,277,34,0,129
"Korea, South",6/14/20,12121,277,36,0,130
"Korea, South",6/15/20,12155,278,34,1,131
"Korea, South",6/16/20,12198,279,43,1,132
"Korea, South",6/17/20,12257,280,59,1,133
"Korea, South",6/18/20,12306,280,49,0,134
"Korea, South",6/19/20,12373,280,67,0,135
"Korea, South",6/20/20,12421,280,48,0,136
"Korea, South",6/21/20,12438,280,17,0,137
"Korea, South",6/22/20,12484,281,46,1,138
"Korea, South",6/23/20,12535,281,51,0,139
"Korea, South",6/24/20,12563,282,28,1,140
"Korea, South",6/25/20,12602,282,39,0,141
"Korea, South",6/26/20,12653,282,51,0,142
"Korea, South",6/27/20,12715,282,62,0,143
"Korea, South",6/28/20,12757,282,42,0,144
"Korea, South",6/29/20,12800,282,43,0,145
"Korea, South",6/30/20,12850,282,50,0,146
"Korea, South",7/1/20,12904,282,54,0,147
"Korea, South",7/2/20,12967,282,63,0,148
"Korea, South",7/3/20,13030,283,63,1,149
"Korea, South",7/4/20,13091,283,61,0,150
"Korea, South",7/5/20,13137,284,46,1,151
"Korea, South",7/6/20,13181,285,44,1,152
"Korea, South",7/7/20,13244,285,63,0,153
"Korea, South",7/8/20,13293,287,49,2,154
"Korea, South",7/9/20,13338,288,45,1,155
"Korea, South",7/10/20,13373,288,35,0,156
"Korea, South",7/11/20,13417,289,44,1,157
"Korea, South",7/12/20,13479,289,62,0,158
"Korea, South",7/13/20,13512,289,33,0,159
"Korea, South",7/14/20,13551,289,39,0,160
"Korea, South",7/15/20,13612,291,61,2,161
"Korea, South",7/16/20,13672,293,60,2,162
"Korea, South",7/17/20,13711,294,39,1,163
"Korea, South",7/18/20,13745,295,34,1,164
"Korea, South",7/19/20,13771,296,26,1,165
"Korea, South",7/20/20,13816,296,45,0,166
"Korea, South",7/21/20,13879,297,63,1,167
"Korea, South",7/22/20,13938,297,59,0,168
"Korea, South",7/23/20,13979,298,41,1,169
"Korea, South",7/24/20,14092,298,113,0,170
"Korea, South",7/25/20,14150,298,58,0,171
"Korea, South",7/26/20,14175,299,25,1,172
"Korea, South",7/27/20,14203,300,28,1,173
"Korea, South",7/28/20,14251,300,48,0,174
"Korea, South",7/29/20,14269,300,18,0,175
"Korea, South",7/30/20,14305,301,36,1,176
"Korea, South",7/31/20,14336,301,31,0,177
"Korea, South",8/1/20,14366,301,30,0,178
"Korea, South",8/2/20,14389,301,23,0,179
"Korea, South",8/3/20,14423,301,34,0,180
"Korea, South",8/4/20,14456,302,33,1,181
"Korea, South",8/5/20,14499,302,43,0,182
"Korea, South",8/6/20,14519,303,20,1,183
"Korea, South",8/7/20,14562,304,43,1,184
"Korea, South",8/8/20,14598,305,36,1,185
"Korea, South",8/9/20,14626,305,28,0,186
"Korea, South",8/10/20,14660,305,34,0,187
"Korea, South",8/11/20,14714,305,54,0,188
"Korea, South",8/12/20,14770,305,56,0,189
"Korea, South",8/13/20,14873,305,103,0,190
"Korea, South",8/14/20,15039,305,166,0,191
"Korea, South",8/15/20,15318,305,279,0,192
"Korea, South",8/16/20,15515,305,197,0,193
"Korea, South",8/17/20,15761,306,246,1,194
"Korea, South",8/18/20,16058,306,297,0,195
"Korea, South",8/19/20,16346,307,288,1,196
"Korea, South",8/20/20,16670,309,324,2,197
"Korea, South",8/21/20,17002,309,332,0,198
"Korea, South",8/22/20,17399,309,397,0,199
"Korea, South",8/23/20,17665,309,266,0,200
"Korea, South",8/24/20,17945,310,280,1,201
"Korea, South",8/25/20,18265,312,320,2,202
"Korea, South",8/26/20,18706,313,441,1,203
"Korea, South",8/27/20,19077,316,371,3,204
"Korea, South",8/28/20,19400,321,323,5,205
"Korea, South",8/29/20,19699,323,299,2,206
"Korea, South",8/30/20,19947,324,248,1,207
"Korea, South",8/31/20,20182,324,235,0,208
"Korea, South",9/1/20,20449,326,267,2,209
"Korea, South",9/2/20,20644,329,195,3,210
"Korea, South",9/3/20,20842,331,198,2,211
"Korea, South",9/4/20,21010,333,168,2,212
"Korea, South",9/5/20,21177,334,167,1,213
"Korea, South",9/6/20,21296,336,119,2,214
"Korea, South",9/7/20,21432,341,136,5,215
"Korea, South",9/8/20,21588,344,156,3,216
"Korea, South",9/9/20,21743,346,155,2,217
"Korea, South",9/10/20,21919,350,176,4,218
"Korea, South",9/11/20,22055,355,136,5,219
"Korea, South",9/12/20,22176,358,121,3,220
"Korea, South",9/13/20,22285,363,109,5,221
"Korea, South",9/14/20,22391,367,106,4,222
"Korea, South",9/15/20,22504,367,113,0,223
"Korea, South",9/16/20,22657,372,153,5,224
"Korea, South",9/17/20,22783,377,126,5,225
"Korea, South",9/18/20,22893,378,110,1,226
"Korea, South",9/19/20,22975,383,82,5,227
"Korea, South",9/20/20,23045,385,70,2,228
"Korea, South",9/21/20,23106,388,61,3,229
"Korea, South",9/22/20,23216,388,110,0,230
"Korea, South",9/23/20,23341,393,125,5,231
"Korea, South",9/24/20,23455,395,114,2,232
"Korea, South",9/25/20,23516,399,61,4,233
"Korea, South",9/26/20,23611,401,95,2,234
"Korea, South",9/27/20,23661,406,50,5,235
"Korea, South",9/28/20,23699,407,38,1,236
"Korea, South",9/29/20,23812,413,113,6,237
"Korea, South",9/30/20,23889,415,77,2,238
"Korea, South",10/1/20,23952,416,63,1,239
"Korea, South",10/2/20,24027,420,75,4,240
"Korea, South",10/3/20,24091,421,64,1,241
"Korea, South",10/4/20,24164,422,73,1,242
"Korea, South",10/5/20,24239,422,75,0,243
"Korea, South",10/6/20,24353,425,114,3,244
"Korea, South",10/7/20,24422,427,69,2,245
"Korea, South",10/8/20,24476,428,54,1,246
"Korea, South",10/9/20,24548,430,72,2,247
"Korea, South",10/10/20,24606,432,58,2,248
"Korea, South",10/11/20,24703,433,97,1,249
"Korea, South",10/12/20,24805,434,102,1,250
"Korea, South",10/13/20,24889,438,84,4,251
"Korea, South",10/14/20,24988,439,99,1,252
"Korea, South",10/15/20,25035,441,47,2,253
"Korea, South",10/16/20,25108,443,73,2,254
"Korea, South",10/17/20,25199,444,91,1,255
"Korea, South",10/18/20,25275,444,76,0,256
"Korea, South",10/19/20,25333,447,58,3,257
"Korea, South",10/20/20,25424,450,91,3,258
"Korea, South",10/21/20,25543,453,119,3,259
"Korea, South",10/22/20,25698,455,155,2,260
"Korea, South",10/23/20,25775,457,77,2,261
"Korea, South",10/24/20,25836,457,61,0,262
"Korea, South",10/25/20,25955,457,119,0,263
"Korea, South",10/26/20,26043,460,88,3,264
"Korea, South",10/27/20,26146,461,103,1,265
"Korea, South",10/28/20,26271,462,125,1,266
"Korea, South",10/29/20,26385,463,114,1,267
"Korea, South",10/30/20,26511,464,126,1,268
"Korea, South",10/31/20,26635,466,124,2,269
"Korea, South",11/1/20,26732,468,97,2,270
"Korea, South",11/2/20,26807,472,75,4,271
"Korea, South",11/3/20,26925,474,118,2,272
"Korea, South",11/4/20,27050,475,125,1,273
"Korea, South",11/5/20,27195,476,145,1,274
"Korea, South",11/6/20,27284,477,89,1,275
"Korea, South",11/7/20,27427,478,143,1,276
"Korea, South",11/8/20,27553,480,126,2,277
"Korea, South",11/9/20,27653,485,100,5,278
"Korea, South",11/10/20,27799,487,146,2,279
"Korea, South",11/11/20,27942,487,143,0,280
"Korea, South",11/12/20,28133,488,191,1,281
"Korea, South",11/13/20,28338,492,205,4,282
"Korea, South",11/14/20,28546,493,208,1,283
"Korea, South",11/15/20,28769,494,223,1,284
"Korea, South",11/16/20,28998,494,229,0,285
"Korea, South",11/17/20,29311,496,313,2,286
"Korea, South",11/18/20,29654,498,343,2,287
"Korea, South",11/19/20,30017,501,363,3,288
"Korea, South",11/20/20,30403,503,386,2,289
"Korea, South",11/21/20,30733,505,330,2,290
"Korea, South",11/22/20,31004,509,271,4,291
"Korea, South",11/23/20,31353,510,349,1,292
"Korea, South",11/24/20,31735,513,382,3,293
"Korea, South",11/25/20,32318,515,583,2,294
"Korea, South",11/26/20,32887,516,569,1,295
"Korea, South",11/27/20,33375,522,488,6,296
"Korea, South",11/28/20,33824,523,449,1,297
"Korea, South",11/29/20,34201,526,377,3,298
"Korea, South",11/30/20,34652,526,451,0,299
"Korea, South",12/1/20,35163,526,511,0,300
"Korea, South",12/2/20,35703,529,540,3,301
"Korea, South",12/3/20,36332,536,629,7,302
"Korea, South",12/4/20,36915,540,583,4,303
"Korea, South",12/5/20,37546,545,631,5,304
"Korea, South",12/6/20,38161,549,615,4,305
"Korea, South",12/7/20,38755,552,594,3,306
"Korea, South",12/8/20,39432,556,677,4,307
"Korea, South",12/9/20,40098,564,666,8,308
"Korea, South",12/10/20,40786,572,688,8,309
"Korea, South",12/11/20,41736,578,950,6,310
"Korea, South",12/12/20,42766,580,1030,2,311
"Korea, South",12/13/20,43484,587,718,7,312
"Korea, South",12/14/20,44364,600,880,13,313
"Korea, South",12/15/20,45442,612,1078,12,314
"Korea, South",12/16/20,46453,634,1011,22,315
"Korea, South",12/17/20,47515,645,1062,11,316
"Korea, South",12/18/20,48570,659,1055,14,317
"Korea, South",12/19/20,49665,674,1095,15,318
"Korea, South",12/20/20,50591,698,926,24,319
"Korea, South",12/21/20,51460,722,869,24,320
"Korea, South",12/22/20,52550,739,1090,17,321
"Korea, South",12/23/20,53533,756,983,17,322
"Korea, South",12/24/20,54770,773,1237,17,323
"Korea, South",12/25/20,55902,793,1132,20,324
"Korea, South",12/26/20,56872,808,970,15,325
"Korea, South",12/27/20,57680,819,808,11,326
"Korea, South",12/28/20,58725,859,1045,40,327
"Korea, South",12/29/20,59773,879,1048,20,328
"Korea, South",12/30/20,60740,900,967,21,329
"Korea, South",12/31/20,61769,917,1029,17,330
"Korea, South",1/1/21,62593,942,824,25,331
"Korea, South",1/2/21,63244,962,651,20,332
"Korea, South",1/3/21,64264,981,1020,19,333
"Korea, South",1/4/21,64979,1007,715,26,334
"Korea, South",1/5/21,65818,1027,839,20,335
"Korea, South",1/6/21,66686,1046,868,19,336
"Korea, South",1/7/21,67358,1081,672,35,337
"Korea, South",1/8/21,67999,1100,641,19,338
"Korea, South",1/9/21,68664,1125,665,25,339
"Korea, South",1/10/21,69114,1140,450,15,340
"Korea, South",1/11/21,69651,1165,537,25,341
"Korea, South",1/12/21,70212,1185,561,20,342
"Korea, South",1/13/21,70728,1195,516,10,343
"Korea, South",1/14/21,71241,1217,513,22,344
"Korea, South",1/15/21,71820,1236,579,19,345
"Korea, South",1/16/21,72340,1249,520,13,346
"Korea, South",1/17/21,72729,1264,389,15,347
"Korea, South",1/18/21,73115,1283,386,19,348
"Korea, South",1/19/21,73518,1300,403,17,349
"Korea, South",1/20/21,73918,1316,400,16,350
"Korea, South",1/21/21,74262,1328,344,12,351
"Korea, South",1/22/21,74692,1337,430,9,352
"Korea, South",1/23/21,75084,1349,392,12,353
"Korea, South",1/24/21,75521,1360,437,11,354
"Korea, South",1/25/21,75875,1371,354,11,355
"Korea, South",1/26/21,76429,1378,554,7,356
"Korea, South",1/27/21,76926,1386,497,8,357
"Korea, South",1/28/21,77395,1399,469,13,358
"Korea, South",1/29/21,77850,1414,455,15,359
"Korea, South",1/30/21,78205,1420,355,6,360
"Korea, South",1/31/21,78508,1425,303,5,361
"Korea, South",2/1/21,78844,1435,336,10,362
"Korea, South",2/2/21,79311,1441,467,6,363
"Korea, South",2/3/21,79762,1448,451,7,364
"Korea, South",2/4/21,80131,1459,369,11,365
"Korea, South",2/5/21,80524,1464,393,5,366
"Korea, South",2/6/21,80896,1471,372,7,367
"Korea, South",2/7/21,81185,1474,289,3,368
"Korea, South",2/8/21,81487,1482,302,8,369
"Korea, South",2/9/21,81930,1486,443,4,370
"Korea, South",2/10/21,82434,1496,504,10,371
"Korea, South",2/11/21,82837,1507,403,11,372
"Korea, South",2/12/21,83199,1514,362,7,373
"Korea, South",2/13/21,83525,1522,326,8,374
"Korea, South",2/14/21,83869,1527,344,5,375
"Korea, South",2/15/21,84325,1534,456,7,376
"Korea, South",2/16/21,84946,1538,621,4,377
"Korea, South",2/17/21,85567,1544,621,6,378
"Korea, South",2/18/21,86128,1550,561,6,379
"Korea, South",2/19/21,86574,1553,446,3,380
"Korea, South",2/20/21,86992,1557,418,4,381
"Korea, South",2/21/21,87324,1562,332,5,382
"Korea, South",2/22/21,87681,1573,357,11,383
"Korea, South",2/23/21,88120,1576,439,3,384
"Korea, South",2/24/21,88516,1581,396,5,385
"Korea, South",2/25/21,88922,1585,406,4,386
"Korea, South",2/26/21,89321,1595,399,10,387
"Korea, South",2/27/21,89676,1603,355,8,388
"Korea, South",2/28/21,90031,1605,355,2,389
"Korea, South",3/1/21,90372,1606,341,1,390
"Korea, South",3/2/21,90816,1612,444,6,391
"Korea, South",3/3/21,91240,1619,424,7,392
"Korea, South",3/4/21,91638,1627,398,8,393
"Korea, South",3/5/21,92055,1632,417,5,394
"Korea, South",3/6/21,92471,1634,416,2,395
"Korea, South",3/7/21,92817,1642,346,8,396
"Korea, South",3/8/21,93263,1645,446,3,397
"Korea, South",3/9/21,93733,1648,470,3,398
"Korea, South",3/10/21,94198,1652,465,4,399
"Korea, South",3/11/21,94686,1662,488,10,400
"Korea, South",3/12/21,95176,1667,490,5,401
