country,date,confirmed,deaths,new_confirmed,new_deaths,tagged_day
Malta,3/15/20,21,0,3,0,1
Malta,3/16/20,30,0,9,0,2
Malta,3/17/20,38,0,8,0,3
Malta,3/18/20,38,0,0,0,4
Malta,3/19/20,53,0,15,0,5
Malta,3/20/20,64,0,11,0,6
Malta,3/21/20,73,0,9,0,7
Malta,3/22/20,90,0,17,0,8
Malta,3/23/20,107,0,17,0,9
Malta,3/24/20,110,0,3,0,10
Malta,3/25/20,129,0,19,0,11
Malta,3/26/20,134,0,5,0,12
Malta,3/27/20,139,0,5,0,13
Malta,3/28/20,149,0,10,0,14
Malta,3/29/20,151,0,2,0,15
Malta,3/30/20,156,0,5,0,16
Malta,3/31/20,169,0,13,0,17
Malta,4/1/20,188,0,19,0,18
Malta,4/2/20,196,0,8,0,19
Malta,4/3/20,202,0,6,0,20
Malta,4/4/20,213,0,11,0,21
Malta,4/5/20,227,0,14,0,22
Malta,4/6/20,241,0,14,0,23
Malta,4/7/20,293,0,52,0,24
Malta,4/8/20,299,1,6,1,25
Malta,4/9/20,337,2,38,1,26
Malta,4/10/20,350,2,13,0,27
Malta,4/11/20,370,3,20,1,28
Malta,4/12/20,378,3,8,0,29
Malta,4/13/20,384,3,6,0,30
Malta,4/14/20,393,3,9,0,31
Malta,4/15/20,399,3,6,0,32
Malta,4/16/20,412,3,13,0,33
Malta,4/17/20,422,3,10,0,34
Malta,4/18/20,426,3,4,0,35
Malta,4/19/20,427,3,1,0,36
Malta,4/20/20,431,3,4,0,37
Malta,4/21/20,443,3,12,0,38
Malta,4/22/20,444,3,1,0,39
Malta,4/23/20,445,3,1,0,40
Malta,4/24/20,447,3,2,0,41
Malta,4/25/20,448,4,1,1,42
Malta,4/26/20,448,4,0,0,43
Malta,4/27/20,450,4,2,0,44
Malta,4/28/20,458,4,8,0,45
Malta,4/29/20,463,4,5,0,46
Malta,4/30/20,465,4,2,0,47
Malta,5/1/20,467,4,2,0,48
Malta,5/2/20,468,4,1,0,49
Malta,5/3/20,477,4,9,0,50
Malta,5/4/20,480,4,3,0,51
Malta,5/5/20,482,5,2,1,52
Malta,5/6/20,484,5,2,0,53
Malta,5/7/20,486,5,2,0,54
Malta,5/8/20,489,5,3,0,55
Malta,5/9/20,490,5,1,0,56
Malta,5/10/20,496,5,6,0,57
Malta,5/11/20,503,5,7,0,58
Malta,5/12/20,506,5,3,0,59
Malta,5/13/20,508,6,2,1,60
Malta,5/14/20,522,6,14,0,61
Malta,5/15/20,532,6,10,0,62
Malta,5/16/20,546,6,14,0,63
Malta,5/17/20,553,6,7,0,64
Malta,5/18/20,558,6,5,0,65
Malta,5/19/20,569,6,11,0,66
Malta,5/20/20,584,6,15,0,67
Malta,5/21/20,599,6,15,0,68
Malta,5/22/20,600,6,1,0,69
Malta,5/23/20,609,6,9,0,70
Malta,5/24/20,610,6,1,0,71
Malta,5/25/20,611,6,1,0,72
Malta,5/26/20,611,6,0,0,73
Malta,5/27/20,612,7,1,1,74
Malta,5/28/20,616,7,4,0,75
Malta,5/29/20,616,9,0,2,76
Malta,5/30/20,618,9,2,0,77
Malta,5/31/20,618,9,0,0,78
Malta,6/1/20,619,9,1,0,79
Malta,6/2/20,620,9,1,0,80
Malta,6/3/20,622,9,2,0,81
Malta,6/4/20,622,9,0,0,82
Malta,6/5/20,625,9,3,0,83
Malta,6/6/20,627,9,2,0,84
Malta,6/7/20,629,9,2,0,85
Malta,6/8/20,630,9,1,0,86
Malta,6/9/20,632,9,2,0,87
Malta,6/10/20,635,9,3,0,88
Malta,6/11/20,640,9,5,0,89
Malta,6/12/20,645,9,5,0,90
Malta,6/13/20,646,9,1,0,91
Malta,6/14/20,649,9,3,0,92
Malta,6/15/20,650,9,1,0,93
Malta,6/16/20,656,9,6,0,94
Malta,6/17/20,662,9,6,0,95
Malta,6/18/20,663,9,1,0,96
Malta,6/19/20,663,9,0,0,97
Malta,6/20/20,664,9,1,0,98
Malta,6/21/20,665,9,1,0,99
Malta,6/22/20,665,9,0,0,100
Malta,6/23/20,665,9,0,0,101
Malta,6/24/20,665,9,0,0,102
Malta,6/25/20,668,9,3,0,103
Malta,6/26/20,670,9,2,0,104
Malta,6/27/20,670,9,0,0,105
Malta,6/28/20,670,9,0,0,106
Malta,6/29/20,670,9,0,0,107
Malta,6/30/20,670,9,0,0,108
Malta,7/1/20,671,9,1,0,109
Malta,7/2/20,671,9,0,0,110
Malta,7/3/20,672,9,1,0,111
Malta,7/4/20,672,9,0,0,112
Malta,7/5/20,672,9,0,0,113
Malta,7/6/20,672,9,0,0,114
Malta,7/7/20,673,9,1,0,115
Malta,7/8/20,673,9,0,0,116
Malta,7/9/20,674,9,1,0,117
Malta,7/10/20,674,9,0,0,118
Malta,7/11/20,674,9,0,0,119
Malta,7/12/20,674,9,0,0,120
Malta,7/13/20,674,9,0,0,121
Malta,7/14/20,674,9,0,0,122
Malta,7/15/20,674,9,0,0,123
Malta,7/16/20,674,9,0,0,124
Malta,7/17/20,674,9,0,0,125
Malta,7/18/20,675,9,1,0,126
Malta,7/19/20,677,9,2,0,127
Malta,7/20/20,677,9,0,0,128
Malta,7/21/20,677,9,0,0,129
Malta,7/22/20,679,9,2,0,130
Malta,7/23/20,680,9,1,0,131
Malta,7/24/20,686,9,6,0,132
Malta,7/25/20,686,9,0,0,133
Malta,7/26/20,700,9,14,0,134
Malta,7/27/20,701,9,1,0,135
Malta,7/28/20,708,9,7,0,136
Malta,7/29/20,720,9,12,0,137
Malta,7/30/20,814,9,94,0,138
Malta,7/31/20,824,9,10,0,139
Malta,8/1/20,845,9,21,0,140
Malta,8/2/20,860,9,15,0,141
Malta,8/3/20,874,9,14,0,142
Malta,8/4/20,890,9,16,0,143
Malta,8/5/20,926,9,36,0,144
Malta,8/6/20,946,9,20,0,145
Malta,8/7/20,995,9,49,0,146
Malta,8/8/20,1035,9,40,0,147
Malta,8/9/20,1089,9,54,0,148
Malta,8/10/20,1112,9,23,0,149
Malta,8/11/20,1141,9,29,0,150
Malta,8/12/20,1190,9,49,0,151
Malta,8/13/20,1245,9,55,0,152
Malta,8/14/20,1276,9,31,0,153
Malta,8/15/20,1348,9,72,0,154
Malta,8/16/20,1306,9,-42,0,155
Malta,8/17/20,1375,9,69,0,156
Malta,8/18/20,1423,9,48,0,157
Malta,8/19/20,1470,9,47,0,158
Malta,8/20/20,1510,9,40,0,159
Malta,8/21/20,1546,10,36,1,160
Malta,8/22/20,1577,10,31,0,161
Malta,8/23/20,1612,10,35,0,162
Malta,8/24/20,1667,10,55,0,163
Malta,8/25/20,1705,10,38,0,164
Malta,8/26/20,1751,10,46,0,165
Malta,8/27/20,1788,10,37,0,166
Malta,8/28/20,1820,10,32,0,167
Malta,8/29/20,1847,10,27,0,168
Malta,8/30/20,1862,12,15,2,169
Malta,8/31/20,1883,12,21,0,170
Malta,9/1/20,1909,12,26,0,171
Malta,9/2/20,1931,13,22,1,172
Malta,9/3/20,1965,13,34,0,173
Malta,9/4/20,1984,13,19,0,174
Malta,9/5/20,2014,14,30,1,175
Malta,9/6/20,2039,14,25,0,176
Malta,9/7/20,2076,14,37,0,177
Malta,9/8/20,2099,14,23,0,178
Malta,9/9/20,2162,14,63,0,179
Malta,9/10/20,2204,14,42,0,180
Malta,9/11/20,2247,15,43,1,181
Malta,9/12/20,2274,15,27,0,182
Malta,9/13/20,2352,15,78,0,183
Malta,9/14/20,2405,16,53,1,184
Malta,9/15/20,2454,16,49,0,185
Malta,9/16/20,2560,16,106,0,186
Malta,9/17/20,2595,16,35,0,187
Malta,9/18/20,2634,17,39,1,188
Malta,9/19/20,2699,19,65,2,189
Malta,9/20/20,2731,20,32,1,190
Malta,9/21/20,2776,23,45,3,191
Malta,9/22/20,2814,23,38,0,192
Malta,9/23/20,2856,25,42,2,193
Malta,9/24/20,2898,27,42,2,194
Malta,9/25/20,2929,29,31,2,195
Malta,9/26/20,2958,31,29,2,196
Malta,9/27/20,2979,31,21,0,197
Malta,9/28/20,3006,32,27,1,198
Malta,9/29/20,3035,34,29,2,199
Malta,9/30/20,3058,35,23,1,200
Malta,10/1/20,3095,35,37,0,201
Malta,10/2/20,3139,37,44,2,202
Malta,10/3/20,3204,38,65,1,203
Malta,10/4/20,3270,39,66,1,204
Malta,10/5/20,3327,39,57,0,205
Malta,10/6/20,3374,40,47,1,206
Malta,10/7/20,3442,41,68,1,207
Malta,10/8/20,3506,41,64,0,208
Malta,10/9/20,3581,41,75,0,209
Malta,10/10/20,3681,41,100,0,210
Malta,10/11/20,3776,41,95,0,211
Malta,10/12/20,3844,43,68,2,212
Malta,10/13/20,3937,44,93,1,213
Malta,10/14/20,4048,44,111,0,214
Malta,10/15/20,4160,45,112,1,215
Malta,10/16/20,4282,45,122,0,216
Malta,10/17/20,4486,45,204,0,217
Malta,10/18/20,4628,45,142,0,218
Malta,10/19/20,4737,45,109,0,219
Malta,10/20/20,4871,46,134,1,220
Malta,10/21/20,5026,46,155,0,221
Malta,10/22/20,5137,49,111,3,222
Malta,10/23/20,5258,49,121,0,223
Malta,10/24/20,5373,50,115,1,224
Malta,10/25/20,5498,51,125,1,225
Malta,10/26/20,5578,53,80,2,226
Malta,10/27/20,5685,55,107,2,227
Malta,10/28/20,5760,56,75,1,228
Malta,10/29/20,5866,59,106,3,229
Malta,10/30/20,5942,61,76,2,230
Malta,10/31/20,6042,62,100,1,231
Malta,11/1/20,6182,64,140,2,232
Malta,11/2/20,6400,66,218,2,233
Malta,11/3/20,6506,64,106,-2,234
Malta,11/4/20,6590,65,84,1,235
Malta,11/5/20,6764,70,174,5,236
Malta,11/6/20,6893,73,129,3,237
Malta,11/7/20,7039,74,146,1,238
Malta,11/8/20,7141,76,102,2,239
Malta,11/9/20,7243,78,102,2,240
Malta,11/10/20,7396,81,153,3,241
Malta,11/11/20,7537,88,141,7,242
Malta,11/12/20,7646,88,109,0,243
Malta,11/13/20,7796,92,150,4,244
Malta,11/14/20,7917,95,121,3,245
Malta,11/15/20,8034,97,117,2,246
Malta,11/16/20,8137,98,103,1,247
Malta,11/17/20,8247,101,110,3,248
Malta,11/18/20,8420,103,173,2,249
Malta,11/19/20,8560,104,140,1,250
Malta,11/20/20,8681,108,121,4,251
Malta,11/21/20,8822,111,141,3,252
Malta,11/22/20,8924,111,102,0,253
Malta,11/23/20,9004,113,80,2,254
Malta,11/24/20,9137,117,133,4,255
Malta,11/25/20,9253,122,116,5,256
Malta,11/26/20,9405,125,152,3,257
Malta,11/27/20,9501,128,96,3,258
Malta,11/28/20,9609,132,108,4,259
Malta,11/29/20,9752,133,143,1,260
Malta,11/30/20,9873,137,121,4,261
Malta,12/1/20,9975,141,102,4,262
Malta,12/2/20,10101,146,126,5,263
Malta,12/3/20,10197,148,96,2,264
Malta,12/4/20,10320,149,123,1,265
Malta,12/5/20,10423,149,103,0,266
Malta,12/6/20,10520,151,97,2,267
Malta,12/7/20,10659,155,139,4,268
Malta,12/8/20,10699,157,40,2,269
Malta,12/9/20,10778,160,79,3,270
Malta,12/10/20,10884,164,106,4,271
Malta,12/11/20,10980,166,96,2,272
Malta,12/12/20,11101,166,121,0,273
Malta,12/13/20,11153,169,52,3,274
Malta,12/14/20,11254,174,101,5,275
Malta,12/15/20,11303,177,49,3,276
Malta,12/16/20,11415,180,112,3,277
Malta,12/17/20,11475,182,60,2,278
Malta,12/18/20,11569,183,94,1,279
Malta,12/19/20,11621,187,52,4,280
Malta,12/20/20,11714,190,93,3,281
Malta,12/21/20,11802,194,88,4,282
Malta,12/22/20,11910,196,108,2,283
Malta,12/23/20,11992,201,82,5,284
Malta,12/24/20,12062,203,70,2,285
Malta,12/25/20,12112,203,50,0,286
Malta,12/26/20,12241,206,129,3,287
Malta,12/27/20,12325,210,84,4,288
Malta,12/28/20,12426,215,101,5,289
Malta,12/29/20,12541,215,115,0,290
Malta,12/30/20,12665,216,124,1,291
Malta,12/31/20,12774,219,109,3,292
Malta,1/1/21,12909,219,135,0,293
Malta,1/2/21,12997,220,88,1,294
Malta,1/3/21,13082,220,85,0,295
Malta,1/4/21,13230,222,148,2,296
Malta,1/5/21,13388,226,158,4,297
Malta,1/6/21,13612,227,224,1,298
Malta,1/7/21,13776,228,164,1,299
Malta,1/8/21,13967,230,191,2,300
Malta,1/9/21,14212,232,245,2,301
Malta,1/10/21,14396,233,184,1,302
Malta,1/11/21,14529,233,133,0,303
Malta,1/12/21,14769,234,240,1,304
Malta,1/13/21,14958,234,189,0,305
Malta,1/14/21,15079,235,121,1,306
Malta,1/15/21,15272,236,193,1,307
Malta,1/16/21,15447,238,175,2,308
Malta,1/17/21,15588,239,141,1,309
Malta,1/18/21,15742,241,154,2,310
Malta,1/19/21,15942,242,200,1,311
Malta,1/20/21,16129,244,187,2,312
Malta,1/21/21,16280,245,151,1,313
Malta,1/22/21,16423,248,143,3,314
Malta,1/23/21,16542,250,119,2,315
Malta,1/24/21,16658,251,116,1,316
Malta,1/25/21,16861,253,203,2,317
Malta,1/26/21,16999,255,138,2,318
Malta,1/27/21,17192,258,193,3,319
Malta,1/28/21,17400,261,208,3,320
Malta,1/29/21,17585,264,185,3,321
Malta,1/30/21,17721,265,136,1,322
Malta,1/31/21,17903,267,182,2,323
Malta,2/1/21,18027,269,124,2,324
Malta,2/2/21,18168,270,141,1,325
Malta,2/3/21,18306,273,138,3,326
Malta,2/4/21,18385,273,79,0,327
Malta,2/5/21,18442,277,57,4,328
Malta,2/6/21,18576,279,134,2,329
Malta,2/7/21,18676,282,100,3,330
Malta,2/8/21,18813,282,137,0,331
Malta,2/9/21,19015,284,202,2,332
Malta,2/10/21,19182,286,167,2,333
Malta,2/11/21,19333,286,151,0,334
Malta,2/12/21,19497,288,164,2,335
Malta,2/13/21,19651,290,154,2,336
Malta,2/14/21,19789,293,138,3,337
Malta,2/15/21,19945,295,156,2,338
Malta,2/16/21,20047,297,102,2,339
Malta,2/17/21,20246,298,199,1,340
Malta,2/18/21,20409,301,163,3,341
Malta,2/19/21,20563,301,154,0,342
Malta,2/20/21,20762,303,199,2,343
Malta,2/21/21,20892,304,130,1,344
Malta,2/22/21,21085,305,193,1,345
Malta,2/23/21,21306,306,221,1,346
Malta,2/24/21,21532,308,226,2,347
Malta,2/25/21,21724,311,192,3,348
Malta,2/26/21,21982,313,258,2,349
Malta,2/27/21,22219,313,237,0,350
Malta,2/28/21,22482,315,263,2,351
Malta,3/1/21,22657,316,175,1,352
Malta,3/2/21,22993,319,336,3,353
Malta,3/3/21,23226,321,233,2,354
Malta,3/4/21,23588,325,362,4,355
Malta,3/5/21,23871,328,283,3,356
Malta,3/6/21,24216,329,345,1,357
Malta,3/7/21,24398,334,182,5,358
Malta,3/8/21,24599,334,201,0,359
Malta,3/9/21,24847,335,248,1,360
Malta,3/10/21,25357,337,510,2,361
Malta,3/11/21,25640,341,283,4,362
Malta,3/12/21,25969,346,329,5,363
