country,date,confirmed,deaths,new_confirmed,new_deaths,tagged_day
Monaco,3/22/20,23,0,12,0,1
Monaco,3/23/20,23,0,0,0,2
Monaco,3/24/20,23,0,0,0,3
Monaco,3/25/20,31,0,8,0,4
Monaco,3/26/20,33,0,2,0,5
Monaco,3/27/20,42,0,9,0,6
Monaco,3/28/20,42,0,0,0,7
Monaco,3/29/20,46,1,4,1,8
Monaco,3/30/20,49,1,3,0,9
Monaco,3/31/20,52,1,3,0,10
Monaco,4/1/20,55,1,3,0,11
Monaco,4/2/20,60,1,5,0,12
Monaco,4/3/20,64,1,4,0,13
Monaco,4/4/20,66,1,2,0,14
Monaco,4/5/20,73,1,7,0,15
Monaco,4/6/20,77,1,4,0,16
Monaco,4/7/20,79,1,2,0,17
Monaco,4/8/20,81,1,2,0,18
Monaco,4/9/20,84,1,3,0,19
Monaco,4/10/20,90,1,6,0,20
Monaco,4/11/20,92,1,2,0,21
Monaco,4/12/20,93,1,1,0,22
Monaco,4/13/20,93,1,0,0,23
Monaco,4/14/20,93,1,0,0,24
Monaco,4/15/20,93,3,0,2,25
Monaco,4/16/20,93,3,0,0,26
Monaco,4/17/20,94,3,1,0,27
Monaco,4/18/20,94,3,0,0,28
Monaco,4/19/20,94,3,0,0,29
Monaco,4/20/20,94,3,0,0,30
Monaco,4/21/20,94,3,0,0,31
Monaco,4/22/20,94,3,0,0,32
Monaco,4/23/20,94,4,0,1,33
Monaco,4/24/20,94,4,0,0,34
Monaco,4/25/20,94,4,0,0,35
Monaco,4/26/20,94,4,0,0,36
Monaco,4/27/20,95,4,1,0,37
Monaco,4/28/20,95,4,0,0,38
Monaco,4/29/20,95,4,0,0,39
Monaco,4/30/20,95,4,0,0,40
Monaco,5/1/20,95,4,0,0,41
Monaco,5/2/20,95,4,0,0,42
Monaco,5/3/20,95,4,0,0,43
Monaco,5/4/20,95,4,0,0,44
Monaco,5/5/20,95,4,0,0,45
Monaco,5/6/20,95,4,0,0,46
Monaco,5/7/20,95,4,0,0,47
Monaco,5/8/20,95,4,0,0,48
Monaco,5/9/20,96,4,1,0,49
Monaco,5/10/20,96,4,0,0,50
Monaco,5/11/20,96,4,0,0,51
Monaco,5/12/20,96,4,0,0,52
Monaco,5/13/20,96,4,0,0,53
Monaco,5/14/20,96,4,0,0,54
Monaco,5/15/20,96,4,0,0,55
Monaco,5/16/20,96,4,0,0,56
Monaco,5/17/20,96,4,0,0,57
Monaco,5/18/20,97,4,1,0,58
Monaco,5/19/20,97,4,0,0,59
Monaco,5/20/20,97,4,0,0,60
Monaco,5/21/20,97,4,0,0,61
Monaco,5/22/20,97,4,0,0,62
Monaco,5/23/20,98,4,1,0,63
Monaco,5/24/20,98,4,0,0,64
Monaco,5/25/20,98,4,0,0,65
Monaco,5/26/20,98,4,0,0,66
Monaco,5/27/20,98,4,0,0,67
Monaco,5/28/20,98,4,0,0,68
Monaco,5/29/20,98,4,0,0,69
Monaco,5/30/20,99,4,1,0,70
Monaco,5/31/20,99,4,0,0,71
Monaco,6/1/20,99,4,0,0,72
Monaco,6/2/20,99,4,0,0,73
Monaco,6/3/20,99,4,0,0,74
Monaco,6/4/20,99,4,0,0,75
Monaco,6/5/20,99,4,0,0,76
Monaco,6/6/20,99,4,0,0,77
Monaco,6/7/20,99,4,0,0,78
Monaco,6/8/20,99,4,0,0,79
Monaco,6/9/20,99,4,0,0,80
Monaco,6/10/20,99,4,0,0,81
Monaco,6/11/20,99,4,0,0,82
Monaco,6/12/20,99,4,0,0,83
Monaco,6/13/20,99,4,0,0,84
Monaco,6/14/20,99,4,0,0,85
Monaco,6/15/20,99,4,0,0,86
Monaco,6/16/20,99,4,0,0,87
Monaco,6/17/20,99,4,0,0,88
Monaco,6/18/20,99,4,0,0,89
Monaco,6/19/20,99,4,0,0,90
Monaco,6/20/20,99,4,0,0,91
Monaco,6/21/20,100,4,1,0,92
Monaco,6/22/20,101,4,1,0,93
Monaco,6/23/20,101,4,0,0,94
Monaco,6/24/20,102,4,1,0,95
Monaco,6/25/20,102,4,0,0,96
Monaco,6/26/20,102,4,0,0,97
Monaco,6/27/20,103,4,1,0,98
Monaco,6/28/20,103,4,0,0,99
Monaco,6/29/20,103,4,0,0,100
Monaco,6/30/20,103,4,0,0,101
Monaco,7/1/20,103,4,0,0,102
Monaco,7/2/20,106,4,3,0,103
Monaco,7/3/20,106,4,0,0,104
Monaco,7/4/20,106,4,0,0,105
Monaco,7/5/20,108,4,2,0,106
Monaco,7/6/20,108,4,0,0,107
Monaco,7/7/20,108,4,0,0,108
Monaco,7/8/20,108,4,0,0,109
Monaco,7/9/20,108,4,0,0,110
Monaco,7/10/20,108,4,0,0,111
Monaco,7/11/20,109,4,1,0,112
Monaco,7/12/20,109,4,0,0,113
Monaco,7/13/20,109,4,0,0,114
Monaco,7/14/20,109,4,0,0,115
Monaco,7/15/20,109,4,0,0,116
Monaco,7/16/20,109,4,0,0,117
Monaco,7/17/20,109,4,0,0,118
Monaco,7/18/20,109,4,0,0,119
Monaco,7/19/20,109,4,0,0,120
Monaco,7/20/20,109,4,0,0,121
Monaco,7/21/20,111,4,2,0,122
Monaco,7/22/20,112,4,1,0,123
Monaco,7/23/20,114,4,2,0,124
Monaco,7/24/20,116,4,2,0,125
Monaco,7/25/20,116,4,0,0,126
Monaco,7/26/20,116,4,0,0,127
Monaco,7/27/20,116,4,0,0,128
Monaco,7/28/20,117,4,1,0,129
Monaco,7/29/20,120,4,3,0,130
Monaco,7/30/20,120,4,0,0,131
Monaco,7/31/20,120,4,0,0,132
Monaco,8/1/20,120,4,0,0,133
Monaco,8/2/20,120,4,0,0,134
Monaco,8/3/20,121,4,1,0,135
Monaco,8/4/20,123,4,2,0,136
Monaco,8/5/20,125,4,2,0,137
Monaco,8/6/20,125,4,0,0,138
Monaco,8/7/20,128,4,3,0,139
Monaco,8/8/20,131,4,3,0,140
Monaco,8/9/20,133,4,2,0,141
Monaco,8/10/20,133,4,0,0,142
Monaco,8/11/20,138,4,5,0,143
Monaco,8/12/20,141,4,3,0,144
Monaco,8/13/20,144,4,3,0,145
Monaco,8/14/20,146,4,2,0,146
Monaco,8/15/20,146,4,0,0,147
Monaco,8/16/20,146,4,0,0,148
Monaco,8/17/20,148,4,2,0,149
Monaco,8/18/20,148,4,0,0,150
Monaco,8/19/20,148,4,0,0,151
Monaco,8/20/20,150,4,2,0,152
Monaco,8/21/20,154,4,4,0,153
Monaco,8/22/20,154,4,0,0,154
Monaco,8/23/20,154,4,0,0,155
Monaco,8/24/20,154,4,0,0,156
Monaco,8/25/20,154,4,0,0,157
Monaco,8/26/20,154,4,0,0,158
Monaco,8/27/20,154,4,0,0,159
Monaco,8/28/20,154,4,0,0,160
Monaco,8/29/20,154,4,0,0,161
Monaco,8/30/20,154,4,0,0,162
Monaco,8/31/20,154,4,0,0,163
Monaco,9/1/20,154,4,0,0,164
Monaco,9/2/20,142,1,-12,-3,165
Monaco,9/3/20,143,1,1,0,166
Monaco,9/4/20,147,1,4,0,167
Monaco,9/5/20,147,1,0,0,168
Monaco,9/6/20,147,1,0,0,169
Monaco,9/7/20,153,1,6,0,170
Monaco,9/8/20,156,1,3,0,171
Monaco,9/9/20,161,1,5,0,172
Monaco,9/10/20,165,1,4,0,173
Monaco,9/11/20,168,1,3,0,174
Monaco,9/12/20,169,1,1,0,175
Monaco,9/13/20,171,1,2,0,176
Monaco,9/14/20,177,1,6,0,177
Monaco,9/15/20,178,1,1,0,178
Monaco,9/16/20,181,1,3,0,179
Monaco,9/17/20,186,1,5,0,180
Monaco,9/18/20,191,1,5,0,181
Monaco,9/19/20,192,1,1,0,182
Monaco,9/20/20,193,1,1,0,183
Monaco,9/21/20,195,1,2,0,184
Monaco,9/22/20,197,1,2,0,185
Monaco,9/23/20,199,1,2,0,186
Monaco,9/24/20,205,1,6,0,187
Monaco,9/25/20,208,2,3,1,188
Monaco,9/26/20,210,2,2,0,189
Monaco,9/27/20,210,2,0,0,190
Monaco,9/28/20,212,2,2,0,191
Monaco,9/29/20,214,2,2,0,192
Monaco,9/30/20,218,2,4,0,193
Monaco,10/1/20,219,2,1,0,194
Monaco,10/2/20,221,2,2,0,195
Monaco,10/3/20,222,2,1,0,196
Monaco,10/4/20,222,2,0,0,197
Monaco,10/5/20,223,2,1,0,198
Monaco,10/6/20,224,2,1,0,199
Monaco,10/7/20,227,2,3,0,200
Monaco,10/8/20,229,2,2,0,201
Monaco,10/9/20,233,2,4,0,202
Monaco,10/10/20,233,2,0,0,203
Monaco,10/11/20,234,2,1,0,204
Monaco,10/12/20,236,2,2,0,205
Monaco,10/13/20,241,2,5,0,206
Monaco,10/14/20,248,2,7,0,207
Monaco,10/15/20,253,2,5,0,208
Monaco,10/16/20,255,2,2,0,209
Monaco,10/17/20,260,2,5,0,210
Monaco,10/18/20,265,2,5,0,211
Monaco,10/19/20,268,2,3,0,212
Monaco,10/20/20,271,2,3,0,213
Monaco,10/21/20,273,2,2,0,214
Monaco,10/22/20,281,2,8,0,215
Monaco,10/23/20,295,2,14,0,216
Monaco,10/24/20,296,2,1,0,217
Monaco,10/25/20,306,2,10,0,218
Monaco,10/26/20,310,2,4,0,219
Monaco,10/27/20,320,2,10,0,220
Monaco,10/28/20,337,2,17,0,221
Monaco,10/29/20,347,2,10,0,222
Monaco,10/30/20,355,2,8,0,223
Monaco,10/31/20,359,2,4,0,224
Monaco,11/1/20,366,2,7,0,225
Monaco,11/2/20,375,2,9,0,226
Monaco,11/3/20,397,2,22,0,227
Monaco,11/4/20,412,2,15,0,228
Monaco,11/5/20,430,2,18,0,229
Monaco,11/6/20,454,2,24,0,230
Monaco,11/7/20,483,2,29,0,231
Monaco,11/8/20,486,2,3,0,232
Monaco,11/9/20,490,2,4,0,233
Monaco,11/10/20,512,2,22,0,234
Monaco,11/11/20,524,2,12,0,235
Monaco,11/12/20,532,2,8,0,236
Monaco,11/13/20,540,2,8,0,237
Monaco,11/14/20,545,2,5,0,238
Monaco,11/15/20,548,2,3,0,239
Monaco,11/16/20,552,2,4,0,240
Monaco,11/17/20,557,3,5,1,241
Monaco,11/18/20,565,3,8,0,242
Monaco,11/19/20,573,3,8,0,243
Monaco,11/20/20,577,3,4,0,244
Monaco,11/21/20,581,3,4,0,245
Monaco,11/22/20,582,3,1,0,246
Monaco,11/23/20,583,3,1,0,247
Monaco,11/24/20,587,3,4,0,248
Monaco,11/25/20,594,3,7,0,249
Monaco,11/26/20,600,3,6,0,250
Monaco,11/27/20,603,3,3,0,251
Monaco,11/28/20,607,3,4,0,252
Monaco,11/29/20,608,3,1,0,253
Monaco,11/30/20,609,3,1,0,254
Monaco,12/1/20,617,3,8,0,255
Monaco,12/2/20,621,3,4,0,256
Monaco,12/3/20,630,3,9,0,257
Monaco,12/4/20,630,3,0,0,258
Monaco,12/5/20,637,3,7,0,259
Monaco,12/6/20,638,3,1,0,260
Monaco,12/7/20,641,3,3,0,261
Monaco,12/8/20,648,3,7,0,262
Monaco,12/9/20,655,3,7,0,263
Monaco,12/10/20,657,3,2,0,264
Monaco,12/11/20,659,3,2,0,265
Monaco,12/12/20,668,3,9,0,266
Monaco,12/13/20,668,3,0,0,267
Monaco,12/14/20,671,3,3,0,268
Monaco,12/15/20,678,3,7,0,269
Monaco,12/16/20,685,3,7,0,270
Monaco,12/17/20,700,3,15,0,271
Monaco,12/18/20,715,3,15,0,272
Monaco,12/19/20,723,3,8,0,273
Monaco,12/20/20,728,3,5,0,274
Monaco,12/21/20,742,3,14,0,275
Monaco,12/22/20,756,3,14,0,276
Monaco,12/23/20,767,3,11,0,277
Monaco,12/24/20,783,3,16,0,278
Monaco,12/25/20,789,3,6,0,279
Monaco,12/26/20,797,3,8,0,280
Monaco,12/27/20,797,3,0,0,281
Monaco,12/28/20,801,3,4,0,282
Monaco,12/29/20,827,3,26,0,283
Monaco,12/30/20,853,3,26,0,284
Monaco,12/31/20,875,3,22,0,285
Monaco,1/1/21,885,3,10,0,286
Monaco,1/2/21,901,3,16,0,287
Monaco,1/3/21,907,3,6,0,288
Monaco,1/4/21,917,3,10,0,289
Monaco,1/5/21,947,3,30,0,290
Monaco,1/6/21,978,3,31,0,291
Monaco,1/7/21,1018,3,40,0,292
Monaco,1/8/21,1041,4,23,1,293
Monaco,1/9/21,1053,4,12,0,294
Monaco,1/10/21,1057,4,4,0,295
Monaco,1/11/21,1070,4,13,0,296
Monaco,1/12/21,1092,7,22,3,297
Monaco,1/13/21,1128,7,36,0,298
Monaco,1/14/21,1145,7,17,0,299
Monaco,1/15/21,1169,7,24,0,300
Monaco,1/16/21,1194,7,25,0,301
Monaco,1/17/21,1205,7,11,0,302
Monaco,1/18/21,1212,7,7,0,303
Monaco,1/19/21,1240,9,28,2,304
Monaco,1/20/21,1262,9,22,0,305
Monaco,1/21/21,1287,9,25,0,306
Monaco,1/22/21,1311,9,24,0,307
Monaco,1/23/21,1345,9,34,0,308
Monaco,1/24/21,1357,9,12,0,309
Monaco,1/25/21,1368,9,11,0,310
Monaco,1/26/21,1399,9,31,0,311
Monaco,1/27/21,1413,10,14,1,312
Monaco,1/28/21,1430,11,17,1,313
Monaco,1/29/21,1430,11,0,0,314
Monaco,1/30/21,1475,11,45,0,315
Monaco,1/31/21,1489,13,14,2,316
Monaco,2/1/21,1499,14,10,1,317
Monaco,2/2/21,1543,17,44,3,318
Monaco,2/3/21,1572,18,29,1,319
Monaco,2/4/21,1596,18,24,0,320
Monaco,2/5/21,1625,19,29,1,321
Monaco,2/6/21,1647,19,22,0,322
Monaco,2/7/21,1655,19,8,0,323
Monaco,2/8/21,1665,19,10,0,324
Monaco,2/9/21,1695,19,30,0,325
Monaco,2/10/21,1717,19,22,0,326
Monaco,2/11/21,1735,19,18,0,327
Monaco,2/12/21,1752,21,17,2,328
Monaco,2/13/21,1755,21,3,0,329
Monaco,2/14/21,1760,21,5,0,330
Monaco,2/15/21,1774,21,14,0,331
Monaco,2/16/21,1787,21,13,0,332
Monaco,2/17/21,1816,22,29,1,333
Monaco,2/18/21,1835,22,19,0,334
Monaco,2/19/21,1844,22,9,0,335
Monaco,2/20/21,1862,22,18,0,336
Monaco,2/21/21,1870,22,8,0,337
Monaco,2/22/21,1885,22,15,0,338
Monaco,2/23/21,1904,23,19,1,339
Monaco,2/24/21,1916,23,12,0,340
Monaco,2/25/21,1932,23,16,0,341
Monaco,2/26/21,1942,23,10,0,342
Monaco,2/27/21,1953,24,11,1,343
Monaco,2/28/21,1956,24,3,0,344
Monaco,3/1/21,1965,24,9,0,345
Monaco,3/2/21,1965,25,0,1,346
Monaco,3/3/21,1981,26,16,1,347
Monaco,3/4/21,1997,26,16,0,348
Monaco,3/5/21,2009,26,12,0,349
Monaco,3/6/21,2019,26,10,0,350
Monaco,3/7/21,2023,26,4,0,351
Monaco,3/8/21,2028,26,5,0,352
Monaco,3/9/21,2048,26,20,0,353
Monaco,3/10/21,2062,26,14,0,354
Monaco,3/11/21,2075,26,13,0,355
Monaco,3/12/21,2097,27,22,1,356
