country,date,confirmed,deaths,new_confirmed,new_deaths,tagged_day
Morocco,3/15/20,28,1,11,0,1
Morocco,3/16/20,29,1,1,0,2
Morocco,3/17/20,38,2,9,1,3
Morocco,3/18/20,49,2,11,0,4
Morocco,3/19/20,63,2,14,0,5
Morocco,3/20/20,77,3,14,1,6
Morocco,3/21/20,96,3,19,0,7
Morocco,3/22/20,115,4,19,1,8
Morocco,3/23/20,143,4,28,0,9
Morocco,3/24/20,170,5,27,1,10
Morocco,3/25/20,225,6,55,1,11
Morocco,3/26/20,275,11,50,5,12
Morocco,3/27/20,345,23,70,12,13
Morocco,3/28/20,402,25,57,2,14
Morocco,3/29/20,479,26,77,1,15
Morocco,3/30/20,556,33,77,7,16
Morocco,3/31/20,617,36,61,3,17
Morocco,4/1/20,654,39,37,3,18
Morocco,4/2/20,708,44,54,5,19
Morocco,4/3/20,791,48,83,4,20
Morocco,4/4/20,919,59,128,11,21
Morocco,4/5/20,1021,70,102,11,22
Morocco,4/6/20,1120,80,99,10,23
Morocco,4/7/20,1184,90,64,10,24
Morocco,4/8/20,1275,93,91,3,25
Morocco,4/9/20,1374,97,99,4,26
Morocco,4/10/20,1448,107,74,10,27
Morocco,4/11/20,1545,111,97,4,28
Morocco,4/12/20,1661,118,116,7,29
Morocco,4/13/20,1763,126,102,8,30
Morocco,4/14/20,1888,126,125,0,31
Morocco,4/15/20,2024,127,136,1,32
Morocco,4/16/20,2283,130,259,3,33
Morocco,4/17/20,2564,135,281,5,34
Morocco,4/18/20,2685,137,121,2,35
Morocco,4/19/20,2855,141,170,4,36
Morocco,4/20/20,3046,143,191,2,37
Morocco,4/21/20,3209,145,163,2,38
Morocco,4/22/20,3446,149,237,4,39
Morocco,4/23/20,3568,155,122,6,40
Morocco,4/24/20,3758,158,190,3,41
Morocco,4/25/20,3897,159,139,1,42
Morocco,4/26/20,4065,161,168,2,43
Morocco,4/27/20,4120,162,55,1,44
Morocco,4/28/20,4252,165,132,3,45
Morocco,4/29/20,4321,168,69,3,46
Morocco,4/30/20,4423,170,102,2,47
Morocco,5/1/20,4569,171,146,1,48
Morocco,5/2/20,4729,173,160,2,49
Morocco,5/3/20,4903,174,174,1,50
Morocco,5/4/20,5053,179,150,5,51
Morocco,5/5/20,5219,181,166,2,52
Morocco,5/6/20,5408,183,189,2,53
Morocco,5/7/20,5548,183,140,0,54
Morocco,5/8/20,5711,186,163,3,55
Morocco,5/9/20,5910,186,199,0,56
Morocco,5/10/20,6063,188,153,2,57
Morocco,5/11/20,6281,188,218,0,58
Morocco,5/12/20,6418,188,137,0,59
Morocco,5/13/20,6512,188,94,0,60
Morocco,5/14/20,6607,190,95,2,61
Morocco,5/15/20,6652,190,45,0,62
Morocco,5/16/20,6741,192,89,2,63
Morocco,5/17/20,6870,192,129,0,64
Morocco,5/18/20,6952,192,82,0,65
Morocco,5/19/20,7023,193,71,1,66
Morocco,5/20/20,7133,194,110,1,67
Morocco,5/21/20,7211,196,78,2,68
Morocco,5/22/20,7332,197,121,1,69
Morocco,5/23/20,7406,198,74,1,70
Morocco,5/24/20,7433,199,27,1,71
Morocco,5/25/20,7532,200,99,1,72
Morocco,5/26/20,7577,202,45,2,73
Morocco,5/27/20,7601,202,24,0,74
Morocco,5/28/20,7643,202,42,0,75
Morocco,5/29/20,7714,202,71,0,76
Morocco,5/30/20,7780,204,66,2,77
Morocco,5/31/20,7807,205,27,1,78
Morocco,6/1/20,7833,205,26,0,79
Morocco,6/2/20,7866,206,33,1,80
Morocco,6/3/20,7922,206,56,0,81
Morocco,6/4/20,8003,208,81,2,82
Morocco,6/5/20,8071,208,68,0,83
Morocco,6/6/20,8151,208,80,0,84
Morocco,6/7/20,8224,208,73,0,85
Morocco,6/8/20,8302,208,78,0,86
Morocco,6/9/20,8437,210,135,2,87
Morocco,6/10/20,8508,211,71,1,88
Morocco,6/11/20,8537,211,29,0,89
Morocco,6/12/20,8610,212,73,1,90
Morocco,6/13/20,8692,212,82,0,91
Morocco,6/14/20,8793,212,101,0,92
Morocco,6/15/20,8885,212,92,0,93
Morocco,6/16/20,8931,212,46,0,94
Morocco,6/17/20,8997,213,66,1,95
Morocco,6/18/20,9074,213,77,0,96
Morocco,6/19/20,9613,213,539,0,97
Morocco,6/20/20,9839,213,226,0,98
Morocco,6/21/20,9977,214,138,1,99
Morocco,6/22/20,10172,214,195,0,100
Morocco,6/23/20,10344,214,172,0,101
Morocco,6/24/20,10907,216,563,2,102
Morocco,6/25/20,11338,217,431,1,103
Morocco,6/26/20,11633,218,295,1,104
Morocco,6/27/20,11877,220,244,2,105
Morocco,6/28/20,12052,221,175,1,106
Morocco,6/29/20,12290,225,238,4,107
Morocco,6/30/20,12533,228,243,3,108
Morocco,7/1/20,12636,228,103,0,109
Morocco,7/2/20,12969,229,333,1,110
Morocco,7/3/20,13288,230,319,1,111
Morocco,7/4/20,13822,232,534,2,112
Morocco,7/5/20,14215,235,393,3,113
Morocco,7/6/20,14379,237,164,2,114
Morocco,7/7/20,14607,240,228,3,115
Morocco,7/8/20,14771,242,164,2,116
Morocco,7/9/20,15079,242,308,0,117
Morocco,7/10/20,15328,243,249,1,118
Morocco,7/11/20,15542,245,214,2,119
Morocco,7/12/20,15745,250,203,5,120
Morocco,7/13/20,15936,255,191,5,121
Morocco,7/14/20,16097,257,161,2,122
Morocco,7/15/20,16262,259,165,2,123
Morocco,7/16/20,16545,263,283,4,124
Morocco,7/17/20,16726,264,181,1,125
Morocco,7/18/20,17015,269,289,5,126
Morocco,7/19/20,17236,273,221,4,127
Morocco,7/20/20,17562,276,326,3,128
Morocco,7/21/20,17742,280,180,4,129
Morocco,7/22/20,17962,285,220,5,130
Morocco,7/23/20,18264,292,302,7,131
Morocco,7/24/20,18834,299,570,7,132
Morocco,7/25/20,19645,305,811,6,133
Morocco,7/26/20,20278,313,633,8,134
Morocco,7/27/20,20887,316,609,3,135
Morocco,7/28/20,21387,327,500,11,136
Morocco,7/29/20,22213,334,826,7,137
Morocco,7/30/20,23259,346,1046,12,138
Morocco,7/31/20,24322,353,1063,7,139
Morocco,8/1/20,25015,367,693,14,140
Morocco,8/2/20,25537,382,522,15,141
Morocco,8/3/20,26196,401,659,19,142
Morocco,8/4/20,27217,417,1021,16,143
Morocco,8/5/20,28500,435,1283,18,144
Morocco,8/6/20,29644,449,1144,14,145
Morocco,8/7/20,30662,461,1018,12,146
Morocco,8/8/20,32007,480,1345,19,147
Morocco,8/9/20,33237,498,1230,18,148
Morocco,8/10/20,34063,516,826,18,149
Morocco,8/11/20,35195,533,1132,17,150
Morocco,8/12/20,36694,556,1499,23,151
Morocco,8/13/20,37935,584,1241,28,152
Morocco,8/14/20,39241,611,1306,27,153
Morocco,8/15/20,41017,632,1776,21,154
Morocco,8/16/20,42489,658,1472,26,155
Morocco,8/17/20,43558,681,1069,23,156
Morocco,8/18/20,44803,714,1245,33,157
Morocco,8/19/20,46313,743,1510,29,158
Morocco,8/20/20,47638,775,1325,32,159
Morocco,8/21/20,49247,817,1609,42,160
Morocco,8/22/20,50812,858,1565,41,161
Morocco,8/23/20,52349,888,1537,30,162
Morocco,8/24/20,53252,920,903,32,163
Morocco,8/25/20,54528,955,1276,35,164
Morocco,8/26/20,55864,984,1336,29,165
Morocco,8/27/20,57085,1011,1221,27,166
Morocco,8/28/20,58489,1052,1404,41,167
Morocco,8/29/20,60056,1078,1567,26,168
Morocco,8/30/20,61399,1111,1343,33,169
Morocco,8/31/20,62590,1141,1191,30,170
Morocco,9/1/20,63781,1184,1191,43,171
Morocco,9/2/20,65453,1216,1672,32,172
Morocco,9/3/20,66855,1253,1402,37,173
Morocco,9/4/20,68605,1292,1750,39,174
Morocco,9/5/20,70160,1329,1555,37,175
Morocco,9/6/20,72394,1361,2234,32,176
Morocco,9/7/20,73780,1394,1386,33,177
Morocco,9/8/20,75721,1427,1941,33,178
Morocco,9/9/20,77878,1453,2157,26,179
Morocco,9/10/20,79767,1491,1889,38,180
Morocco,9/11/20,82197,1524,2430,33,181
Morocco,9/12/20,84435,1553,2238,29,182
Morocco,9/13/20,86686,1578,2251,25,183
Morocco,9/14/20,88203,1614,1517,36,184
Morocco,9/15/20,90324,1648,2121,34,185
Morocco,9/16/20,92016,1686,1692,38,186
Morocco,9/17/20,94504,1714,2488,28,187
Morocco,9/18/20,97264,1755,2760,41,188
Morocco,9/19/20,99816,1795,2552,40,189
Morocco,9/20/20,101743,1830,1927,35,190
Morocco,9/21/20,103119,1855,1376,25,191
Morocco,9/22/20,105346,1889,2227,34,192
Morocco,9/23/20,107743,1918,2397,29,193
Morocco,9/24/20,110099,1956,2356,38,194
Morocco,9/25/20,112522,1998,2423,42,195
Morocco,9/26/20,115241,2041,2719,43,196
Morocco,9/27/20,117685,2069,2444,28,197
Morocco,9/28/20,119107,2113,1422,44,198
Morocco,9/29/20,121183,2152,2076,39,199
Morocco,9/30/20,123653,2194,2470,42,200
Morocco,10/1/20,126044,2229,2391,35,201
Morocco,10/2/20,128565,2263,2521,34,202
Morocco,10/3/20,131228,2293,2663,30,203
Morocco,10/4/20,133272,2330,2044,37,204
Morocco,10/5/20,134695,2369,1423,39,205
Morocco,10/6/20,137248,2410,2553,41,206
Morocco,10/7/20,140024,2439,2776,29,207
Morocco,10/8/20,142953,2486,2929,47,208
Morocco,10/9/20,146398,2530,3445,44,209
Morocco,10/10/20,149841,2572,3443,42,210
Morocco,10/11/20,152404,2605,2563,33,211
Morocco,10/12/20,153761,2636,1357,31,212
Morocco,10/13/20,156946,2685,3185,49,213
Morocco,10/14/20,160333,2726,3387,41,214
Morocco,10/15/20,163650,2772,3317,46,215
Morocco,10/16/20,167148,2818,3498,46,216
Morocco,10/17/20,170911,2878,3763,60,217
Morocco,10/18/20,173632,2928,2721,50,218
Morocco,10/19/20,175749,2976,2117,48,219
Morocco,10/20/20,179003,3027,3254,51,220
Morocco,10/21/20,182580,3079,3577,52,221
Morocco,10/22/20,186731,3132,4151,53,222
Morocco,10/23/20,190416,3205,3685,73,223
Morocco,10/24/20,194461,3255,4045,50,224
Morocco,10/25/20,197481,3301,3020,46,225
Morocco,10/26/20,199745,3373,2264,72,226
Morocco,10/27/20,203733,3445,3988,72,227
Morocco,10/28/20,207718,3506,3985,61,228
Morocco,10/29/20,212038,3572,4320,66,229
Morocco,10/30/20,215294,3625,3256,53,230
Morocco,10/31/20,219084,3695,3790,70,231
Morocco,11/1/20,222544,3762,3460,67,232
Morocco,11/2/20,225070,3826,2526,64,233
Morocco,11/3/20,229565,3900,4495,74,234
Morocco,11/4/20,235310,3982,5745,82,235
Morocco,11/5/20,240951,4059,5641,77,236
Morocco,11/6/20,246349,4127,5398,68,237
Morocco,11/7/20,252185,4197,5836,70,238
Morocco,11/8/20,256781,4272,4596,75,239
Morocco,11/9/20,259951,4356,3170,84,240
Morocco,11/10/20,265165,4425,5214,69,241
Morocco,11/11/20,270626,4506,5461,81,242
Morocco,11/12/20,276821,4570,6195,64,243
Morocco,11/13/20,282336,4631,5515,61,244
Morocco,11/14/20,288211,4697,5875,66,245
Morocco,11/15/20,293177,4779,4966,82,246
Morocco,11/16/20,296189,4850,3012,71,247
Morocco,11/17/20,301604,4932,5415,82,248
Morocco,11/18/20,306995,5013,5391,81,249
Morocco,11/19/20,311554,5090,4559,77,250
Morocco,11/20/20,316260,5182,4706,92,251
Morocco,11/21/20,320962,5256,4702,74,252
Morocco,11/22/20,324941,5316,3979,60,253
Morocco,11/23/20,327528,5396,2587,80,254
Morocco,11/24/20,331527,5469,3999,73,255
Morocco,11/25/20,336506,5539,4979,70,256
Morocco,11/26/20,340684,5619,4178,80,257
Morocco,11/27/20,345276,5689,4592,70,258
Morocco,11/28/20,349688,5739,4412,50,259
Morocco,11/29/20,353803,5789,4115,50,260
Morocco,11/30/20,356336,5846,2533,57,261
Morocco,12/1/20,359844,5915,3508,69,262
Morocco,12/2/20,364190,5985,4346,70,263
Morocco,12/3/20,368624,6063,4434,78,264
Morocco,12/4/20,372620,6136,3996,73,265
Morocco,12/5/20,376738,6184,4118,48,266
Morocco,12/6/20,379657,6245,2919,61,267
Morocco,12/7/20,381188,6320,1531,75,268
Morocco,12/8/20,384088,6370,2900,50,269
Morocco,12/9/20,388184,6427,4096,57,270
Morocco,12/10/20,391529,6492,3345,65,271
Morocco,12/11/20,394564,6542,3035,50,272
Morocco,12/12/20,397597,6589,3033,47,273
Morocco,12/13/20,399609,6624,2012,35,274
Morocco,12/14/20,400826,6659,1217,35,275
Morocco,12/15/20,403619,6711,2793,52,276
Morocco,12/16/20,406970,6749,3351,38,277
Morocco,12/17/20,409746,6804,2776,55,278
Morocco,12/18/20,412393,6854,2647,50,279
Morocco,12/19/20,415226,6909,2833,55,280
Morocco,12/20/20,417125,6957,1899,48,281
Morocco,12/21/20,418002,7000,877,43,282
Morocco,12/22/20,420648,7030,2646,30,283
Morocco,12/23/20,423214,7086,2566,56,284
Morocco,12/24/20,425864,7130,2650,44,285
Morocco,12/25/20,428193,7170,2329,40,286
Morocco,12/26/20,430562,7204,2369,34,287
Morocco,12/27/20,432079,7240,1517,36,288
Morocco,12/28/20,433029,7272,950,32,289
Morocco,12/29/20,435189,7314,2160,42,290
Morocco,12/30/20,437332,7355,2143,41,291
Morocco,12/31/20,439193,7388,1861,33,292
Morocco,1/1/21,440970,7425,1777,37,293
Morocco,1/2/21,442141,7452,1171,27,294
Morocco,1/3/21,443146,7485,1005,33,295
Morocco,1/4/21,443802,7538,656,53,296
Morocco,1/5/21,445439,7581,1637,43,297
Morocco,1/6/21,447081,7618,1642,37,298
Morocco,1/7/21,448678,7645,1597,27,299
Morocco,1/8/21,450221,7685,1543,40,300
Morocco,1/9/21,451637,7709,1416,24,301
Morocco,1/10/21,452532,7743,895,34,302
Morocco,1/11/21,452988,7767,456,24,303
Morocco,1/12/21,453789,7784,801,17,304
Morocco,1/13/21,455055,7810,1266,26,305
Morocco,1/14/21,456334,7854,1279,44,306
Morocco,1/15/21,457625,7888,1291,34,307
Morocco,1/16/21,458865,7911,1240,23,308
Morocco,1/17/21,459671,7942,806,31,309
Morocco,1/18/21,460144,7977,473,35,310
Morocco,1/19/21,461390,8011,1246,34,311
Morocco,1/20/21,462542,8043,1152,32,312
Morocco,1/21/21,463706,8076,1164,33,313
Morocco,1/22/21,464844,8105,1138,29,314
Morocco,1/23/21,465769,8128,925,23,315
Morocco,1/24/21,466289,8150,520,22,316
Morocco,1/25/21,466626,8172,337,22,317
Morocco,1/26/21,467493,8187,867,15,318
Morocco,1/27/21,468383,8207,890,20,319
Morocco,1/28/21,469139,8224,756,17,320
Morocco,1/29/21,469990,8246,851,22,321
Morocco,1/30/21,470691,8259,701,13,322
Morocco,1/31/21,471157,8275,466,16,323
Morocco,2/1/21,471438,8287,281,12,324
Morocco,2/2/21,472273,8309,835,22,325
Morocco,2/3/21,473047,8323,774,14,326
Morocco,2/4/21,473667,8351,620,28,327
Morocco,2/5/21,474379,8368,712,17,328
Morocco,2/6/21,474966,8381,587,13,329
Morocco,2/7/21,475355,8394,389,13,330
Morocco,2/8/21,475589,8408,234,14,331
Morocco,2/9/21,476125,8424,536,16,332
Morocco,2/10/21,476689,8436,564,12,333
Morocco,2/11/21,477160,8440,471,4,334
Morocco,2/12/21,477656,8450,496,10,335
Morocco,2/13/21,478135,8460,479,10,336
Morocco,2/14/21,478474,8477,339,17,337
Morocco,2/15/21,478595,8491,121,14,338
Morocco,2/16/21,479071,8504,476,13,339
Morocco,2/17/21,479579,8517,508,13,340
Morocco,2/18/21,480056,8524,477,7,341
Morocco,2/19/21,480504,8540,448,16,342
Morocco,2/20/21,480948,8548,444,8,343
Morocco,2/21/21,481155,8554,207,6,344
Morocco,2/22/21,481263,8559,108,5,345
Morocco,2/23/21,481709,8574,446,15,346
Morocco,2/24/21,482128,8592,419,18,347
Morocco,2/25/21,482514,8598,386,6,348
Morocco,2/26/21,482994,8608,480,10,349
Morocco,2/27/21,483410,8615,416,7,350
Morocco,2/28/21,483654,8623,244,8,351
Morocco,3/1/21,483766,8637,112,14,352
Morocco,3/2/21,484159,8645,393,8,353
Morocco,3/3/21,484753,8653,594,8,354
Morocco,3/4/21,485147,8669,394,16,355
Morocco,3/5/21,485567,8673,420,4,356
Morocco,3/6/21,485974,8676,407,3,357
Morocco,3/7/21,486223,8682,249,6,358
Morocco,3/8/21,486325,8683,102,1,359
Morocco,3/9/21,486833,8695,508,12,360
Morocco,3/10/21,487286,8705,453,10,361
Morocco,3/11/21,487750,8712,464,7,362
Morocco,3/12/21,488181,8716,431,4,363
