country,date,confirmed,deaths,new_confirmed,new_deaths,tagged_day
Namibia,5/24/20,21,0,1,0,1
Namibia,5/25/20,21,0,0,0,2
Namibia,5/26/20,21,0,0,0,3
Namibia,5/27/20,22,0,1,0,4
Namibia,5/28/20,22,0,0,0,5
Namibia,5/29/20,23,0,1,0,6
Namibia,5/30/20,23,0,0,0,7
Namibia,5/31/20,24,0,1,0,8
Namibia,6/1/20,25,0,1,0,9
Namibia,6/2/20,25,0,0,0,10
Namibia,6/3/20,25,0,0,0,11
Namibia,6/4/20,25,0,0,0,12
Namibia,6/5/20,25,0,0,0,13
Namibia,6/6/20,29,0,4,0,14
Namibia,6/7/20,29,0,0,0,15
Namibia,6/8/20,31,0,2,0,16
Namibia,6/9/20,31,0,0,0,17
Namibia,6/10/20,31,0,0,0,18
Namibia,6/11/20,31,0,0,0,19
Namibia,6/12/20,31,0,0,0,20
Namibia,6/13/20,32,0,1,0,21
Namibia,6/14/20,32,0,0,0,22
Namibia,6/15/20,32,0,0,0,23
Namibia,6/16/20,34,0,2,0,24
Namibia,6/17/20,36,0,2,0,25
Namibia,6/18/20,39,0,3,0,26
Namibia,6/19/20,45,0,6,0,27
Namibia,6/20/20,46,0,1,0,28
Namibia,6/21/20,55,0,9,0,29
Namibia,6/22/20,63,0,8,0,30
Namibia,6/23/20,72,0,9,0,31
Namibia,6/24/20,76,0,4,0,32
Namibia,6/25/20,102,0,26,0,33
Namibia,6/26/20,121,0,19,0,34
Namibia,6/27/20,136,0,15,0,35
Namibia,6/28/20,183,0,47,0,36
Namibia,6/29/20,196,0,13,0,37
Namibia,6/30/20,205,0,9,0,38
Namibia,7/1/20,285,0,80,0,39
Namibia,7/2/20,293,0,8,0,40
Namibia,7/3/20,350,0,57,0,41
Namibia,7/4/20,375,0,25,0,42
Namibia,7/5/20,412,0,37,0,43
Namibia,7/6/20,485,0,73,0,44
Namibia,7/7/20,539,0,54,0,45
Namibia,7/8/20,593,0,54,0,46
Namibia,7/9/20,615,0,22,0,47
Namibia,7/10/20,668,1,53,1,48
Namibia,7/11/20,668,1,0,0,49
Namibia,7/12/20,785,1,117,0,50
Namibia,7/13/20,861,1,76,0,51
Namibia,7/14/20,864,2,3,1,52
Namibia,7/15/20,960,2,96,0,53
Namibia,7/16/20,1032,2,72,0,54
Namibia,7/17/20,1078,2,46,0,55
Namibia,7/18/20,1203,2,125,0,56
Namibia,7/19/20,1247,3,44,1,57
Namibia,7/20/20,1344,4,97,1,58
Namibia,7/21/20,1366,7,22,3,59
Namibia,7/22/20,1402,7,36,0,60
Namibia,7/23/20,1522,7,120,0,61
Namibia,7/24/20,1618,7,96,0,62
Namibia,7/25/20,1687,7,69,0,63
Namibia,7/26/20,1775,8,88,1,64
Namibia,7/27/20,1843,8,68,0,65
Namibia,7/28/20,1917,8,74,0,66
Namibia,7/29/20,1986,9,69,1,67
Namibia,7/30/20,2052,10,66,1,68
Namibia,7/31/20,2129,10,77,0,69
Namibia,8/1/20,2224,11,95,1,70
Namibia,8/2/20,2294,11,70,0,71
Namibia,8/3/20,2406,12,112,1,72
Namibia,8/4/20,2470,12,64,0,73
Namibia,8/5/20,2540,12,70,0,74
Namibia,8/6/20,2652,15,112,3,75
Namibia,8/7/20,2802,16,150,1,76
Namibia,8/8/20,2802,16,0,0,77
Namibia,8/9/20,2949,19,147,3,78
Namibia,8/10/20,3101,19,152,0,79
Namibia,8/11/20,3229,19,128,0,80
Namibia,8/12/20,3406,22,177,3,81
Namibia,8/13/20,3544,27,138,5,82
Namibia,8/14/20,3726,31,182,4,83
Namibia,8/15/20,3907,35,181,4,84
Namibia,8/16/20,4154,35,247,0,85
Namibia,8/17/20,4344,36,190,1,86
Namibia,8/18/20,4464,37,120,1,87
Namibia,8/19/20,4665,39,201,2,88
Namibia,8/20/20,4912,41,247,2,89
Namibia,8/21/20,5227,42,315,1,90
Namibia,8/22/20,5538,46,311,4,91
Namibia,8/23/20,5854,52,316,6,92
Namibia,8/24/20,6030,56,176,4,93
Namibia,8/25/20,6160,57,130,1,94
Namibia,8/26/20,6431,59,271,2,95
Namibia,8/27/20,6712,60,281,1,96
Namibia,8/28/20,6906,65,194,5,97
Namibia,8/29/20,7116,69,210,4,98
Namibia,8/30/20,7365,72,249,3,99
Namibia,8/31/20,7550,75,185,3,100
Namibia,9/1/20,7692,81,142,6,101
Namibia,9/2/20,7844,82,152,1,102
Namibia,9/3/20,8082,86,238,4,103
Namibia,9/4/20,8323,87,241,1,104
Namibia,9/5/20,8514,87,191,0,105
Namibia,9/6/20,8685,89,171,2,106
Namibia,9/7/20,8810,91,125,2,107
Namibia,9/8/20,8928,91,118,0,108
Namibia,9/9/20,9108,93,180,2,109
Namibia,9/10/20,9256,96,148,3,110
Namibia,9/11/20,9437,98,181,2,111
Namibia,9/12/20,9604,98,167,0,112
Namibia,9/13/20,9719,101,115,3,113
Namibia,9/14/20,9818,103,99,2,114
Namibia,9/15/20,9901,106,83,3,115
Namibia,9/16/20,9964,108,63,2,116
Namibia,9/17/20,10078,108,114,0,117
Namibia,9/18/20,10207,108,129,0,118
Namibia,9/19/20,10292,111,85,3,119
Namibia,9/20/20,10377,112,85,1,120
Namibia,9/21/20,10526,113,149,1,121
Namibia,9/22/20,10607,116,81,3,122
Namibia,9/23/20,10663,117,56,1,123
Namibia,9/24/20,10740,119,77,2,124
Namibia,9/25/20,10835,119,95,0,125
Namibia,9/26/20,10918,120,83,1,126
Namibia,9/27/20,11033,120,115,0,127
Namibia,9/28/20,11121,121,88,1,128
Namibia,9/29/20,11140,121,19,0,129
Namibia,9/30/20,11265,121,125,0,130
Namibia,10/1/20,11373,123,108,2,131
Namibia,10/2/20,11480,123,107,0,132
Namibia,10/3/20,11572,123,92,0,133
Namibia,10/4/20,11626,123,54,0,134
Namibia,10/5/20,11654,125,28,2,135
Namibia,10/6/20,11673,125,19,0,136
Namibia,10/7/20,11714,126,41,1,137
Namibia,10/8/20,11781,127,67,1,138
Namibia,10/9/20,11829,127,48,0,139
Namibia,10/10/20,11891,128,62,1,140
Namibia,10/11/20,11936,128,45,0,141
Namibia,10/12/20,11989,129,53,1,142
Namibia,10/13/20,12000,129,11,0,143
Namibia,10/14/20,12069,130,69,1,144
Namibia,10/15/20,12103,130,34,0,145
Namibia,10/16/20,12215,131,112,1,146
Namibia,10/17/20,12263,131,48,0,147
Namibia,10/18/20,12293,131,30,0,148
Namibia,10/19/20,12326,131,33,0,149
Namibia,10/20/20,12367,132,41,1,150
Namibia,10/21/20,12406,133,39,1,151
Namibia,10/22/20,12460,133,54,0,152
Namibia,10/23/20,12501,133,41,0,153
Namibia,10/24/20,12579,133,78,0,154
Namibia,10/25/20,12660,133,81,0,155
Namibia,10/26/20,12675,133,15,0,156
Namibia,10/27/20,12729,133,54,0,157
Namibia,10/28/20,12806,133,77,0,158
Namibia,10/29/20,12858,133,52,0,159
Namibia,10/30/20,12907,133,49,0,160
Namibia,10/31/20,12935,133,28,0,161
Namibia,11/1/20,12988,133,53,0,162
Namibia,11/2/20,13012,133,24,0,163
Namibia,11/3/20,13030,133,18,0,164
Namibia,11/4/20,13046,133,16,0,165
Namibia,11/5/20,13090,133,44,0,166
Namibia,11/6/20,13143,133,53,0,167
Namibia,11/7/20,13170,134,27,1,168
Namibia,11/8/20,13211,134,41,0,169
Namibia,11/9/20,13240,134,29,0,170
Namibia,11/10/20,13253,134,13,0,171
Namibia,11/11/20,13292,134,39,0,172
Namibia,11/12/20,13345,135,53,1,173
Namibia,11/13/20,13372,138,27,3,174
Namibia,11/14/20,13449,138,77,0,175
Namibia,11/15/20,13508,138,59,0,176
Namibia,11/16/20,13555,138,47,0,177
Namibia,11/17/20,13566,140,11,2,178
Namibia,11/18/20,13610,140,44,0,179
Namibia,11/19/20,13662,141,52,1,180
Namibia,11/20/20,13712,143,50,2,181
Namibia,11/21/20,13811,145,99,2,182
Namibia,11/22/20,13865,145,54,0,183
Namibia,11/23/20,13897,145,32,0,184
Namibia,11/24/20,13938,145,41,0,185
Namibia,11/25/20,14006,145,68,0,186
Namibia,11/26/20,14155,147,149,2,187
Namibia,11/27/20,14207,149,52,2,188
Namibia,11/28/20,14285,150,78,1,189
Namibia,11/29/20,14345,151,60,1,190
Namibia,11/30/20,14380,151,35,0,191
Namibia,12/1/20,14416,151,36,0,192
Namibia,12/2/20,14477,151,61,0,193
Namibia,12/3/20,14599,151,122,0,194
Namibia,12/4/20,14804,152,205,1,195
Namibia,12/5/20,14950,152,146,0,196
Namibia,12/6/20,15078,152,128,0,197
Namibia,12/7/20,15219,152,141,0,198
Namibia,12/8/20,15298,153,79,1,199
Namibia,12/9/20,15472,155,174,2,200
Namibia,12/10/20,15773,158,301,3,201
Namibia,12/11/20,16097,160,324,2,202
Namibia,12/12/20,16269,160,172,0,203
Namibia,12/13/20,16536,160,267,0,204
Namibia,12/14/20,16726,163,190,3,205
Namibia,12/15/20,16913,164,187,1,206
Namibia,12/16/20,17276,164,363,0,207
Namibia,12/17/20,17607,164,331,0,208
Namibia,12/18/20,18041,169,434,5,209
Namibia,12/19/20,18437,171,396,2,210
Namibia,12/20/20,18714,177,277,6,211
Namibia,12/21/20,19299,180,585,3,212
Namibia,12/22/20,19629,181,330,1,213
Namibia,12/23/20,19984,183,355,2,214
Namibia,12/24/20,20579,187,595,4,215
Namibia,12/25/20,21262,187,683,0,216
Namibia,12/26/20,21398,187,136,0,217
Namibia,12/27/20,21923,191,525,4,218
Namibia,12/28/20,22287,193,364,2,219
Namibia,12/29/20,22851,195,564,2,220
Namibia,12/30/20,23333,196,482,1,221
Namibia,12/31/20,23941,205,608,9,222
Namibia,1/1/21,24545,208,604,3,223
Namibia,1/2/21,24654,213,109,5,224
Namibia,1/3/21,25116,215,462,2,225
Namibia,1/4/21,25386,218,270,3,226
Namibia,1/5/21,25887,222,501,4,227
Namibia,1/6/21,26319,235,432,13,228
Namibia,1/7/21,26682,240,363,5,229
Namibia,1/8/21,27255,245,573,5,230
Namibia,1/9/21,27723,251,468,6,231
Namibia,1/10/21,28259,254,536,3,232
Namibia,1/11/21,28602,261,343,7,233
Namibia,1/12/21,28871,264,269,3,234
Namibia,1/13/21,29183,271,312,7,235
Namibia,1/14/21,29570,275,387,4,236
Namibia,1/15/21,29889,280,319,5,237
Namibia,1/16/21,30198,280,309,0,238
Namibia,1/17/21,30363,285,165,5,239
Namibia,1/18/21,30753,293,390,8,240
Namibia,1/19/21,30995,296,242,3,241
Namibia,1/20/21,31253,301,258,5,242
Namibia,1/21/21,31515,310,262,9,243
Namibia,1/22/21,31848,311,333,1,244
Namibia,1/23/21,32213,317,365,6,245
Namibia,1/24/21,32425,319,212,2,246
Namibia,1/25/21,32650,319,225,0,247
Namibia,1/26/21,32957,328,307,9,248
Namibia,1/27/21,33265,332,308,4,249
Namibia,1/28/21,33459,332,194,0,250
Namibia,1/29/21,33696,342,237,10,251
Namibia,1/30/21,33832,350,136,8,252
Namibia,1/31/21,33944,352,112,2,253
Namibia,2/1/21,34168,353,224,1,254
Namibia,2/2/21,34270,355,102,2,255
Namibia,2/3/21,34372,359,102,4,256
Namibia,2/4/21,34519,364,147,5,257
Namibia,2/5/21,34615,370,96,6,258
Namibia,2/6/21,34844,371,229,1,259
Namibia,2/7/21,34973,375,129,4,260
Namibia,2/8/21,35070,375,97,0,261
Namibia,2/9/21,35201,377,131,2,262
Namibia,2/10/21,35242,378,41,1,263
Namibia,2/11/21,35353,382,111,4,264
Namibia,2/12/21,35554,384,201,2,265
Namibia,2/13/21,35797,386,243,2,266
Namibia,2/14/21,35952,388,155,2,267
Namibia,2/15/21,36225,389,273,1,268
Namibia,2/16/21,36366,392,141,3,269
Namibia,2/17/21,36440,394,74,2,270
Namibia,2/18/21,36680,394,240,0,271
Namibia,2/19/21,36993,399,313,5,272
Namibia,2/20/21,37295,402,302,3,273
Namibia,2/21/21,37483,402,188,0,274
Namibia,2/22/21,37742,406,259,4,275
Namibia,2/23/21,37896,411,154,5,276
Namibia,2/24/21,37976,413,80,2,277
Namibia,2/25/21,38206,416,230,3,278
Namibia,2/26/21,38424,418,218,2,279
Namibia,2/27/21,38642,420,218,2,280
Namibia,2/28/21,38845,424,203,4,281
Namibia,3/1/21,39033,428,188,4,282
Namibia,3/2/21,39182,430,149,2,283
Namibia,3/3/21,39297,434,115,4,284
Namibia,3/4/21,39466,436,169,2,285
Namibia,3/5/21,39676,437,210,1,286
Namibia,3/6/21,39877,437,201,0,287
Namibia,3/7/21,40030,438,153,1,288
Namibia,3/8/21,40187,439,157,1,289
Namibia,3/9/21,40337,444,150,5,290
Namibia,3/10/21,40451,448,114,4,291
Namibia,3/11/21,40631,450,180,2,292
Namibia,3/12/21,40810,456,179,6,293
