country,date,confirmed,deaths,new_confirmed,new_deaths,tagged_day
Nepal,4/17/20,30,0,14,0,1
Nepal,4/18/20,31,0,1,0,2
Nepal,4/19/20,31,0,0,0,3
Nepal,4/20/20,31,0,0,0,4
Nepal,4/21/20,43,0,12,0,5
Nepal,4/22/20,45,0,2,0,6
Nepal,4/23/20,48,0,3,0,7
Nepal,4/24/20,49,0,1,0,8
Nepal,4/25/20,49,0,0,0,9
Nepal,4/26/20,52,0,3,0,10
Nepal,4/27/20,52,0,0,0,11
Nepal,4/28/20,54,0,2,0,12
Nepal,4/29/20,57,0,3,0,13
Nepal,4/30/20,57,0,0,0,14
Nepal,5/1/20,59,0,2,0,15
Nepal,5/2/20,59,0,0,0,16
Nepal,5/3/20,75,0,16,0,17
Nepal,5/4/20,75,0,0,0,18
Nepal,5/5/20,82,0,7,0,19
Nepal,5/6/20,99,0,17,0,20
Nepal,5/7/20,101,0,2,0,21
Nepal,5/8/20,102,0,1,0,22
Nepal,5/9/20,110,0,8,0,23
Nepal,5/10/20,110,0,0,0,24
Nepal,5/11/20,134,0,24,0,25
Nepal,5/12/20,217,0,83,0,26
Nepal,5/13/20,250,0,33,0,27
Nepal,5/14/20,249,0,-1,0,28
Nepal,5/15/20,267,0,18,0,29
Nepal,5/16/20,291,1,24,1,30
Nepal,5/17/20,295,2,4,1,31
Nepal,5/18/20,375,2,80,0,32
Nepal,5/19/20,402,2,27,0,33
Nepal,5/20/20,427,2,25,0,34
Nepal,5/21/20,457,3,30,1,35
Nepal,5/22/20,516,3,59,0,36
Nepal,5/23/20,584,3,68,0,37
Nepal,5/24/20,603,3,19,0,38
Nepal,5/25/20,682,4,79,1,39
Nepal,5/26/20,772,4,90,0,40
Nepal,5/27/20,886,4,114,0,41
Nepal,5/28/20,1042,5,156,1,42
Nepal,5/29/20,1212,6,170,1,43
Nepal,5/30/20,1401,6,189,0,44
Nepal,5/31/20,1572,8,171,2,45
Nepal,6/1/20,1811,8,239,0,46
Nepal,6/2/20,2099,8,288,0,47
Nepal,6/3/20,2300,9,201,1,48
Nepal,6/4/20,2634,10,334,1,49
Nepal,6/5/20,2912,11,278,1,50
Nepal,6/6/20,3235,13,323,2,51
Nepal,6/7/20,3448,13,213,0,52
Nepal,6/8/20,3762,14,314,1,53
Nepal,6/9/20,4086,15,324,1,54
Nepal,6/10/20,4364,15,278,0,55
Nepal,6/11/20,4614,15,250,0,56
Nepal,6/12/20,5062,16,448,1,57
Nepal,6/13/20,5335,18,273,2,58
Nepal,6/14/20,5760,19,425,1,59
Nepal,6/15/20,6211,19,451,0,60
Nepal,6/16/20,6591,19,380,0,61
Nepal,6/17/20,7177,20,586,1,62
Nepal,6/18/20,7848,22,671,2,63
Nepal,6/19/20,8274,22,426,0,64
Nepal,6/20/20,8605,22,331,0,65
Nepal,6/21/20,9026,23,421,1,66
Nepal,6/22/20,9561,23,535,0,67
Nepal,6/23/20,10099,24,538,1,68
Nepal,6/24/20,10728,24,629,0,69
Nepal,6/25/20,11162,26,434,2,70
Nepal,6/26/20,11755,27,593,1,71
Nepal,6/27/20,12309,28,554,1,72
Nepal,6/28/20,12772,28,463,0,73
Nepal,6/29/20,13248,29,476,1,74
Nepal,6/30/20,13564,29,316,0,75
Nepal,7/1/20,14046,30,482,1,76
Nepal,7/2/20,14519,31,473,1,77
Nepal,7/3/20,15259,32,740,1,78
Nepal,7/4/20,15491,34,232,2,79
Nepal,7/5/20,15784,34,293,0,80
Nepal,7/6/20,15964,35,180,1,81
Nepal,7/7/20,16168,35,204,0,82
Nepal,7/8/20,16423,35,255,0,83
Nepal,7/9/20,16531,35,108,0,84
Nepal,7/10/20,16649,35,118,0,85
Nepal,7/11/20,16719,38,70,3,86
Nepal,7/12/20,16801,38,82,0,87
Nepal,7/13/20,16945,38,144,0,88
Nepal,7/14/20,17061,38,116,0,89
Nepal,7/15/20,17177,39,116,1,90
Nepal,7/16/20,17344,39,167,0,91
Nepal,7/17/20,17445,40,101,1,92
Nepal,7/18/20,17502,40,57,0,93
Nepal,7/19/20,17658,40,156,0,94
Nepal,7/20/20,17844,40,186,0,95
Nepal,7/21/20,17994,40,150,0,96
Nepal,7/22/20,18094,42,100,2,97
Nepal,7/23/20,18241,43,147,1,98
Nepal,7/24/20,18374,44,133,1,99
Nepal,7/25/20,18483,45,109,1,100
Nepal,7/26/20,18613,45,130,0,101
Nepal,7/27/20,18752,48,139,3,102
Nepal,7/28/20,19063,49,311,1,103
Nepal,7/29/20,19273,49,210,0,104
Nepal,7/30/20,19547,52,274,3,105
Nepal,7/31/20,19771,56,224,4,106
Nepal,8/1/20,20086,56,315,0,107
Nepal,8/2/20,20332,57,246,1,108
Nepal,8/3/20,20750,57,418,0,109
Nepal,8/4/20,21009,58,259,1,110
Nepal,8/5/20,21390,60,381,2,111
Nepal,8/6/20,21750,65,360,5,112
Nepal,8/7/20,22214,70,464,5,113
Nepal,8/8/20,22592,73,378,3,114
Nepal,8/9/20,22972,75,380,2,115
Nepal,8/10/20,23310,79,338,4,116
Nepal,8/11/20,23948,83,638,4,117
Nepal,8/12/20,24432,91,484,8,118
Nepal,8/13/20,24957,95,525,4,119
Nepal,8/14/20,25551,99,594,4,120
Nepal,8/15/20,26019,102,468,3,121
Nepal,8/16/20,26660,104,641,2,122
Nepal,8/17/20,27241,107,581,3,123
Nepal,8/18/20,28257,114,1016,7,124
Nepal,8/19/20,28938,120,681,6,125
Nepal,8/20/20,29645,126,707,6,126
Nepal,8/21/20,30483,137,838,11,127
Nepal,8/22/20,31117,146,634,9,128
Nepal,8/23/20,31935,149,818,3,129
Nepal,8/24/20,32678,157,743,8,130
Nepal,8/25/20,33533,164,855,7,131
Nepal,8/26/20,34418,175,885,11,132
Nepal,8/27/20,35529,183,1111,8,133
Nepal,8/28/20,36456,195,927,12,134
Nepal,8/29/20,37340,207,884,12,135
Nepal,8/30/20,38561,221,1221,14,136
Nepal,8/31/20,39460,228,899,7,137
Nepal,9/1/20,40529,239,1069,11,138
Nepal,9/2/20,41649,251,1120,12,139
Nepal,9/3/20,42877,257,1228,6,140
Nepal,9/4/20,44236,271,1359,14,141
Nepal,9/5/20,45277,280,1041,9,142
Nepal,9/6/20,46257,289,980,9,143
Nepal,9/7/20,47236,300,979,11,144
Nepal,9/8/20,48138,306,902,6,145
Nepal,9/9/20,49219,312,1081,6,146
Nepal,9/10/20,50465,317,1246,5,147
Nepal,9/11/20,51919,322,1454,5,148
Nepal,9/12/20,53120,336,1201,14,149
Nepal,9/13/20,54159,345,1039,9,150
Nepal,9/14/20,55329,360,1170,15,151
Nepal,9/15/20,56788,371,1459,11,152
Nepal,9/16/20,58327,379,1539,8,153
Nepal,9/17/20,59573,383,1246,4,154
Nepal,9/18/20,61593,390,2020,7,155
Nepal,9/19/20,62797,401,1204,11,156
Nepal,9/20/20,64122,411,1325,10,157
Nepal,9/21/20,65276,427,1154,16,158
Nepal,9/22/20,66632,429,1356,2,159
Nepal,9/23/20,67804,436,1172,7,160
Nepal,9/24/20,69301,453,1497,17,161
Nepal,9/25/20,70614,459,1313,6,162
Nepal,9/26/20,71821,467,1207,8,163
Nepal,9/27/20,73394,477,1573,10,164
Nepal,9/28/20,74745,481,1351,4,165
Nepal,9/29/20,76258,491,1513,10,166
Nepal,9/30/20,77817,498,1559,7,167
Nepal,10/1/20,79728,509,1911,11,168
Nepal,10/2/20,82450,520,2722,11,169
Nepal,10/3/20,84570,528,2120,8,170
Nepal,10/4/20,86823,535,2253,7,171
Nepal,10/5/20,89263,554,2440,19,172
Nepal,10/6/20,90814,563,1551,9,173
Nepal,10/7/20,94253,578,3439,15,174
Nepal,10/8/20,98617,590,4364,12,175
Nepal,10/9/20,100676,600,2059,10,176
Nepal,10/10/20,105684,614,5008,14,177
Nepal,10/11/20,107755,636,2071,22,178
Nepal,10/12/20,111802,645,4047,9,179
Nepal,10/13/20,115358,663,3556,18,180
Nepal,10/14/20,117996,675,2638,12,181
Nepal,10/15/20,121745,694,3749,19,182
Nepal,10/16/20,126137,715,4392,21,183
Nepal,10/17/20,129304,727,3167,12,184
Nepal,10/18/20,132246,739,2942,12,185
Nepal,10/19/20,136036,757,3790,18,186
Nepal,10/20/20,139129,765,3093,8,187
Nepal,10/21/20,144872,791,5743,26,188
Nepal,10/22/20,148509,812,3637,21,189
Nepal,10/23/20,153008,829,4499,17,190
Nepal,10/24/20,155233,842,2225,13,191
Nepal,10/25/20,158089,847,2856,5,192
Nepal,10/26/20,159830,862,1741,15,193
Nepal,10/27/20,160400,876,570,14,194
Nepal,10/28/20,162354,887,1954,11,195
Nepal,10/29/20,164718,904,2364,17,196
Nepal,10/30/20,168235,920,3517,16,197
Nepal,10/31/20,170743,937,2508,17,198
Nepal,11/1/20,173567,960,2824,23,199
Nepal,11/2/20,176500,984,2933,24,200
Nepal,11/3/20,179614,1004,3114,20,201
Nepal,11/4/20,182923,1034,3309,30,202
Nepal,11/5/20,185974,1052,3051,18,203
Nepal,11/6/20,188883,1070,2909,18,204
Nepal,11/7/20,191636,1087,2753,17,205
Nepal,11/8/20,194453,1108,2817,21,206
Nepal,11/9/20,197024,1126,2571,18,207
Nepal,11/10/20,199760,1148,2736,22,208
Nepal,11/11/20,202329,1174,2569,26,209
Nepal,11/12/20,204242,1189,1913,15,210
Nepal,11/13/20,206353,1202,2111,13,211
Nepal,11/14/20,208299,1215,1946,13,212
Nepal,11/15/20,209776,1221,1477,6,213
Nepal,11/16/20,210973,1230,1197,9,214
Nepal,11/17/20,211475,1247,502,17,215
Nepal,11/18/20,212917,1259,1442,12,216
Nepal,11/19/20,215020,1276,2103,17,217
Nepal,11/20/20,216965,1298,1945,22,218
Nepal,11/21/20,218639,1305,1674,7,219
Nepal,11/22/20,220308,1321,1669,16,220
Nepal,11/23/20,222288,1337,1980,16,221
Nepal,11/24/20,224078,1361,1790,24,222
Nepal,11/25/20,226026,1389,1948,28,223
Nepal,11/26/20,227640,1412,1614,23,224
Nepal,11/27/20,229343,1435,1703,23,225
Nepal,11/28/20,230723,1454,1380,19,226
Nepal,11/29/20,231978,1479,1255,25,227
Nepal,11/30/20,233452,1508,1474,29,228
Nepal,12/1/20,233452,1529,0,21,229
Nepal,12/2/20,236246,1538,2794,9,230
Nepal,12/3/20,237589,1551,1343,13,231
Nepal,12/4/20,238861,1567,1272,16,232
Nepal,12/5/20,239885,1577,1024,10,233
Nepal,12/6/20,240981,1594,1096,17,234
Nepal,12/7/20,241995,1614,1014,20,235
Nepal,12/8/20,243377,1637,1382,23,236
Nepal,12/9/20,244433,1651,1056,14,237
Nepal,12/10/20,245650,1663,1217,12,238
Nepal,12/11/20,246694,1674,1044,11,239
Nepal,12/12/20,247593,1689,899,15,240
Nepal,12/13/20,248423,1698,830,9,241
Nepal,12/14/20,249244,1716,821,18,242
Nepal,12/15/20,250180,1730,936,14,243
Nepal,12/16/20,250916,1743,736,13,244
Nepal,12/17/20,251692,1749,776,6,245
Nepal,12/18/20,252474,1765,782,16,246
Nepal,12/19/20,253184,1777,710,12,247
Nepal,12/20/20,253772,1788,588,11,248
Nepal,12/21/20,254514,1795,742,7,249
Nepal,12/22/20,255236,1798,722,3,250
Nepal,12/23/20,255979,1803,743,5,251
Nepal,12/24/20,256592,1808,613,5,252
Nepal,12/25/20,257200,1816,608,8,253
Nepal,12/26/20,257700,1819,500,3,254
Nepal,12/27/20,258181,1825,481,6,255
Nepal,12/28/20,258840,1832,659,7,256
Nepal,12/29/20,259548,1840,708,8,257
Nepal,12/30/20,260059,1847,511,7,258
Nepal,12/31/20,260593,1856,534,9,259
Nepal,1/1/21,261019,1864,426,8,260
Nepal,1/2/21,261438,1870,419,6,261
Nepal,1/3/21,261859,1878,421,8,262
Nepal,1/4/21,262262,1885,403,7,263
Nepal,1/5/21,262784,1893,522,8,264
Nepal,1/6/21,263193,1899,409,6,265
Nepal,1/7/21,263605,1903,412,4,266
Nepal,1/8/21,264159,1909,554,6,267
Nepal,1/9/21,264521,1912,362,3,268
Nepal,1/10/21,264780,1917,259,5,269
Nepal,1/11/21,265268,1927,488,10,270
Nepal,1/12/21,265698,1932,430,5,271
Nepal,1/13/21,266143,1937,445,5,272
Nepal,1/14/21,266546,1943,403,6,273
Nepal,1/15/21,266816,1948,270,5,274
Nepal,1/16/21,267056,1954,240,6,275
Nepal,1/17/21,267322,1959,266,5,276
Nepal,1/18/21,267644,1965,322,6,277
Nepal,1/19/21,267992,1969,348,4,278
Nepal,1/20/21,268310,1975,318,6,279
Nepal,1/21/21,268646,1979,336,4,280
Nepal,1/22/21,268948,1986,302,7,281
Nepal,1/23/21,269180,1994,232,8,282
Nepal,1/24/21,269450,2001,270,7,283
Nepal,1/25/21,269789,2011,339,10,284
Nepal,1/26/21,270092,2017,303,6,285
Nepal,1/27/21,270375,2020,283,3,286
Nepal,1/28/21,270588,2020,213,0,287
Nepal,1/29/21,270745,2025,157,5,288
Nepal,1/30/21,270854,2027,109,2,289
Nepal,1/31/21,270959,2029,105,2,290
Nepal,2/1/21,271118,2029,159,0,291
Nepal,2/2/21,271289,2030,171,1,292
Nepal,2/3/21,271431,2031,142,1,293
Nepal,2/4/21,271602,2033,171,2,294
Nepal,2/5/21,271707,2035,105,2,295
Nepal,2/6/21,271806,2035,99,0,296
Nepal,2/7/21,271925,2038,119,3,297
Nepal,2/8/21,272055,2045,130,7,298
Nepal,2/9/21,272215,2047,160,2,299
Nepal,2/10/21,272349,2047,134,0,300
Nepal,2/11/21,272430,2052,81,5,301
Nepal,2/12/21,272557,2054,127,2,302
Nepal,2/13/21,272614,2054,57,0,303
Nepal,2/14/21,272718,2054,104,0,304
Nepal,2/15/21,272840,2055,122,1,305
Nepal,2/16/21,272945,2055,105,0,306
Nepal,2/17/21,273070,2055,125,0,307
Nepal,2/18/21,273166,2058,96,3,308
Nepal,2/19/21,273263,2061,97,3,309
Nepal,2/20/21,273351,2061,88,0,310
Nepal,2/21/21,273431,2061,80,0,311
Nepal,2/22/21,273556,2061,125,0,312
Nepal,2/23/21,273666,2065,110,4,313
Nepal,2/24/21,273760,2684,94,619,314
Nepal,2/25/21,273872,2685,112,1,315
Nepal,2/26/21,273984,2771,112,86,316
Nepal,2/27/21,274065,2773,81,2,317
Nepal,2/28/21,274143,2774,78,1,318
Nepal,3/1/21,274216,2777,73,3,319
Nepal,3/2/21,274294,2777,78,0,320
Nepal,3/3/21,274381,2778,87,1,321
Nepal,3/4/21,274488,2778,107,0,322
Nepal,3/5/21,274608,3010,120,232,323
Nepal,3/6/21,274655,3010,47,0,324
Nepal,3/7/21,274721,3010,66,0,325
Nepal,3/8/21,274810,3011,89,1,326
Nepal,3/9/21,274869,3012,59,1,327
Nepal,3/10/21,274973,3012,104,0,328
Nepal,3/11/21,275070,3012,97,0,329
Nepal,3/12/21,275118,3012,48,0,330
