country,date,confirmed,deaths,new_confirmed,new_deaths,tagged_day
North Macedonia,3/17/20,26,0,8,0,1
North Macedonia,3/18/20,35,0,9,0,2
North Macedonia,3/19/20,48,0,13,0,3
North Macedonia,3/20/20,67,0,19,0,4
North Macedonia,3/21/20,85,0,18,0,5
North Macedonia,3/22/20,115,1,30,1,6
North Macedonia,3/23/20,136,2,21,1,7
North Macedonia,3/24/20,148,2,12,0,8
North Macedonia,3/25/20,177,3,29,1,9
North Macedonia,3/26/20,201,3,24,0,10
North Macedonia,3/27/20,219,3,18,0,11
North Macedonia,3/28/20,241,4,22,1,12
North Macedonia,3/29/20,259,6,18,2,13
North Macedonia,3/30/20,285,7,26,1,14
North Macedonia,3/31/20,329,9,44,2,15
North Macedonia,4/1/20,354,11,25,2,16
North Macedonia,4/2/20,384,11,30,0,17
North Macedonia,4/3/20,430,12,46,1,18
North Macedonia,4/4/20,483,17,53,5,19
North Macedonia,4/5/20,555,18,72,1,20
North Macedonia,4/6/20,570,23,15,5,21
North Macedonia,4/7/20,599,26,29,3,22
North Macedonia,4/8/20,617,29,18,3,23
North Macedonia,4/9/20,663,30,46,1,24
North Macedonia,4/10/20,711,32,48,2,25
North Macedonia,4/11/20,760,34,49,2,26
North Macedonia,4/12/20,828,34,68,0,27
North Macedonia,4/13/20,854,38,26,4,28
North Macedonia,4/14/20,908,44,54,6,29
North Macedonia,4/15/20,974,45,66,1,30
North Macedonia,4/16/20,1081,46,107,1,31
North Macedonia,4/17/20,1117,49,36,3,32
North Macedonia,4/18/20,1170,49,53,0,33
North Macedonia,4/19/20,1207,51,37,2,34
North Macedonia,4/20/20,1225,54,18,3,35
North Macedonia,4/21/20,1231,55,6,1,36
North Macedonia,4/22/20,1259,56,28,1,37
North Macedonia,4/23/20,1300,56,41,0,38
North Macedonia,4/24/20,1326,57,26,1,39
North Macedonia,4/25/20,1367,59,41,2,40
North Macedonia,4/26/20,1386,61,19,2,41
North Macedonia,4/27/20,1399,65,13,4,42
North Macedonia,4/28/20,1421,71,22,6,43
North Macedonia,4/29/20,1442,73,21,2,44
North Macedonia,4/30/20,1465,77,23,4,45
North Macedonia,5/1/20,1494,81,29,4,46
North Macedonia,5/2/20,1506,82,12,1,47
North Macedonia,5/3/20,1511,84,5,2,48
North Macedonia,5/4/20,1518,85,7,1,49
North Macedonia,5/5/20,1526,86,8,1,50
North Macedonia,5/6/20,1539,88,13,2,51
North Macedonia,5/7/20,1572,89,33,1,52
North Macedonia,5/8/20,1586,90,14,1,53
North Macedonia,5/9/20,1622,91,36,1,54
North Macedonia,5/10/20,1642,91,20,0,55
North Macedonia,5/11/20,1664,91,22,0,56
North Macedonia,5/12/20,1674,92,10,1,57
North Macedonia,5/13/20,1694,95,20,3,58
North Macedonia,5/14/20,1723,95,29,0,59
North Macedonia,5/15/20,1740,97,17,2,60
North Macedonia,5/16/20,1762,98,22,1,61
North Macedonia,5/17/20,1792,101,30,3,62
North Macedonia,5/18/20,1817,104,25,3,63
North Macedonia,5/19/20,1839,106,22,2,64
North Macedonia,5/20/20,1858,110,19,4,65
North Macedonia,5/21/20,1898,111,40,1,66
North Macedonia,5/22/20,1921,112,23,1,67
North Macedonia,5/23/20,1941,113,20,1,68
North Macedonia,5/24/20,1978,113,37,0,69
North Macedonia,5/25/20,1999,113,21,0,70
North Macedonia,5/26/20,2014,116,15,3,71
North Macedonia,5/27/20,2039,119,25,3,72
North Macedonia,5/28/20,2077,121,38,2,73
North Macedonia,5/29/20,2129,126,52,5,74
North Macedonia,5/30/20,2164,131,35,5,75
North Macedonia,5/31/20,2226,133,62,2,76
North Macedonia,6/1/20,2315,140,89,7,77
North Macedonia,6/2/20,2391,141,76,1,78
North Macedonia,6/3/20,2492,145,101,4,79
North Macedonia,6/4/20,2611,147,119,2,80
North Macedonia,6/5/20,2790,149,179,2,81
North Macedonia,6/6/20,2915,151,125,2,82
North Macedonia,6/7/20,3025,153,110,2,83
North Macedonia,6/8/20,3152,156,127,3,84
North Macedonia,6/9/20,3239,157,87,1,85
North Macedonia,6/10/20,3364,164,125,7,86
North Macedonia,6/11/20,3538,169,174,5,87
North Macedonia,6/12/20,3701,171,163,2,88
North Macedonia,6/13/20,3895,179,194,8,89
North Macedonia,6/14/20,4057,188,162,9,90
North Macedonia,6/15/20,4157,193,100,5,91
North Macedonia,6/16/20,4299,201,142,8,92
North Macedonia,6/17/20,4482,210,183,9,93
North Macedonia,6/18/20,4664,216,182,6,94
North Macedonia,6/19/20,4820,222,156,6,95
North Macedonia,6/20/20,5005,233,185,11,96
North Macedonia,6/21/20,5106,238,101,5,97
North Macedonia,6/22/20,5196,247,90,9,98
North Macedonia,6/23/20,5311,251,115,4,99
North Macedonia,6/24/20,5445,259,134,8,100
North Macedonia,6/25/20,5595,265,150,6,101
North Macedonia,6/26/20,5758,268,163,3,102
North Macedonia,6/27/20,5906,277,148,9,103
North Macedonia,6/28/20,6080,286,174,9,104
North Macedonia,6/29/20,6209,298,129,12,105
North Macedonia,6/30/20,6334,302,125,4,106
North Macedonia,7/1/20,6454,306,120,4,107
North Macedonia,7/2/20,6625,321,171,15,108
North Macedonia,7/3/20,6787,328,162,7,109
North Macedonia,7/4/20,6932,334,145,6,110
North Macedonia,7/5/20,7046,341,114,7,111
North Macedonia,7/6/20,7124,346,78,5,112
North Macedonia,7/7/20,7244,351,120,5,113
North Macedonia,7/8/20,7406,359,162,8,114
North Macedonia,7/9/20,7572,362,166,3,115
North Macedonia,7/10/20,7777,368,205,6,116
North Macedonia,7/11/20,7975,376,198,8,117
North Macedonia,7/12/20,8111,382,136,6,118
North Macedonia,7/13/20,8197,385,86,3,119
North Macedonia,7/14/20,8332,389,135,4,120
North Macedonia,7/15/20,8530,393,198,4,121
North Macedonia,7/16/20,8623,401,93,8,122
North Macedonia,7/17/20,8786,406,163,5,123
North Macedonia,7/18/20,9026,414,240,8,124
North Macedonia,7/19/20,9153,422,127,8,125
North Macedonia,7/20/20,9249,432,96,10,126
North Macedonia,7/21/20,9412,432,163,0,127
North Macedonia,7/22/20,9547,442,135,10,128
North Macedonia,7/23/20,9669,445,122,3,129
North Macedonia,7/24/20,9797,451,128,6,130
North Macedonia,7/25/20,9934,460,137,9,131
North Macedonia,7/26/20,10086,460,152,0,132
North Macedonia,7/27/20,10213,466,127,6,133
North Macedonia,7/28/20,10315,471,102,5,134
North Macedonia,7/29/20,10503,476,188,5,135
North Macedonia,7/30/20,10617,480,114,4,136
North Macedonia,7/31/20,10754,486,137,6,137
North Macedonia,8/1/20,10891,493,137,7,138
North Macedonia,8/2/20,11054,497,163,4,139
North Macedonia,8/3/20,11128,500,74,3,140
North Macedonia,8/4/20,11202,505,74,5,141
North Macedonia,8/5/20,11289,511,87,6,142
North Macedonia,8/6/20,11399,517,110,6,143
North Macedonia,8/7/20,11554,519,155,2,144
North Macedonia,8/8/20,11754,523,200,4,145
North Macedonia,8/9/20,11839,527,85,4,146
North Macedonia,8/10/20,11942,528,103,1,147
North Macedonia,8/11/20,12083,529,141,1,148
North Macedonia,8/12/20,12217,530,134,1,149
North Macedonia,8/13/20,12357,532,140,2,150
North Macedonia,8/14/20,12515,535,158,3,151
North Macedonia,8/15/20,12653,539,138,4,152
North Macedonia,8/16/20,12739,544,86,5,153
North Macedonia,8/17/20,12840,547,101,3,154
North Macedonia,8/18/20,12970,549,130,2,155
North Macedonia,8/19/20,13076,551,106,2,156
North Macedonia,8/20/20,13194,554,118,3,157
North Macedonia,8/21/20,13308,557,114,3,158
North Macedonia,8/22/20,13458,563,150,6,159
North Macedonia,8/23/20,13595,564,137,1,160
North Macedonia,8/24/20,13673,568,78,4,161
North Macedonia,8/25/20,13799,573,126,5,162
North Macedonia,8/26/20,13914,578,115,5,163
North Macedonia,8/27/20,14004,585,90,7,164
North Macedonia,8/28/20,14163,590,159,5,165
North Macedonia,8/29/20,14293,596,130,6,166
North Macedonia,8/30/20,14330,600,37,4,167
North Macedonia,8/31/20,14341,603,11,3,168
North Macedonia,9/1/20,14455,604,114,1,169
North Macedonia,9/2/20,14600,606,145,2,170
North Macedonia,9/3/20,14762,606,162,0,171
North Macedonia,9/4/20,14871,609,109,3,172
North Macedonia,9/5/20,14998,614,127,5,173
North Macedonia,9/6/20,15090,617,92,3,174
North Macedonia,9/7/20,15127,623,37,6,175
North Macedonia,9/8/20,15226,631,99,8,176
North Macedonia,9/9/20,15293,634,67,3,177
North Macedonia,9/10/20,15414,637,121,3,178
North Macedonia,9/11/20,15555,642,141,5,179
North Macedonia,9/12/20,15694,646,139,4,180
North Macedonia,9/13/20,15791,648,97,2,181
North Macedonia,9/14/20,15827,652,36,4,182
North Macedonia,9/15/20,15925,661,98,9,183
North Macedonia,9/16/20,16088,668,163,7,184
North Macedonia,9/17/20,16274,675,186,7,185
North Macedonia,9/18/20,16417,683,143,8,186
North Macedonia,9/19/20,16557,689,140,6,187
North Macedonia,9/20/20,16735,693,178,4,188
North Macedonia,9/21/20,16780,700,45,7,189
North Macedonia,9/22/20,16867,705,87,5,190
North Macedonia,9/23/20,17049,710,182,5,191
North Macedonia,9/24/20,17200,712,151,2,192
North Macedonia,9/25/20,17343,721,143,9,193
North Macedonia,9/26/20,17483,722,140,1,194
North Macedonia,9/27/20,17629,725,146,3,195
North Macedonia,9/28/20,17674,729,45,4,196
North Macedonia,9/29/20,17786,737,112,8,197
North Macedonia,9/30/20,17977,739,191,2,198
North Macedonia,10/1/20,18138,743,161,4,199
North Macedonia,10/2/20,18363,749,225,6,200
North Macedonia,10/3/20,18602,753,239,4,201
North Macedonia,10/4/20,18790,756,188,3,202
North Macedonia,10/5/20,18873,760,83,4,203
North Macedonia,10/6/20,19096,768,223,8,204
North Macedonia,10/7/20,19413,772,317,4,205
North Macedonia,10/8/20,19777,775,364,3,206
North Macedonia,10/9/20,20163,781,386,6,207
North Macedonia,10/10/20,20555,785,392,4,208
North Macedonia,10/11/20,20937,792,382,7,209
North Macedonia,10/12/20,21113,797,176,5,210
North Macedonia,10/13/20,21193,800,80,3,211
North Macedonia,10/14/20,21636,809,443,9,212
North Macedonia,10/15/20,22170,815,534,6,213
North Macedonia,10/16/20,22607,821,437,6,214
North Macedonia,10/17/20,23201,824,594,3,215
North Macedonia,10/18/20,23628,834,427,10,216
North Macedonia,10/19/20,23788,846,160,12,217
North Macedonia,10/20/20,24196,850,408,4,218
North Macedonia,10/21/20,24836,862,640,12,219
North Macedonia,10/22/20,25473,874,637,12,220
North Macedonia,10/23/20,25991,883,518,9,221
North Macedonia,10/24/20,26394,897,403,14,222
North Macedonia,10/25/20,26954,919,560,22,223
North Macedonia,10/26/20,27199,934,245,15,224
North Macedonia,10/27/20,27827,949,628,15,225
North Macedonia,10/28/20,28697,963,870,14,226
North Macedonia,10/29/20,29558,977,861,14,227
North Macedonia,10/30/20,30488,982,930,5,228
North Macedonia,10/31/20,31572,994,1084,12,229
North Macedonia,11/1/20,32436,1004,864,10,230
North Macedonia,11/2/20,32997,1025,561,21,231
North Macedonia,11/3/20,33908,1049,911,24,232
North Macedonia,11/4/20,35097,1071,1189,22,233
North Macedonia,11/5/20,36372,1084,1275,13,234
North Macedonia,11/6/20,37499,1096,1127,12,235
North Macedonia,11/7/20,38782,1110,1283,14,236
North Macedonia,11/8/20,39760,1136,978,26,237
North Macedonia,11/9/20,40275,1156,515,20,238
North Macedonia,11/10/20,41222,1186,947,30,239
North Macedonia,11/11/20,42540,1212,1318,26,240
North Macedonia,11/12/20,43835,1238,1295,26,241
North Macedonia,11/13/20,44898,1263,1063,25,242
North Macedonia,11/14/20,46062,1281,1164,18,243
North Macedonia,11/15/20,47050,1305,988,24,244
North Macedonia,11/16/20,47636,1345,586,40,245
North Macedonia,11/17/20,48613,1376,977,31,246
North Macedonia,11/18/20,50015,1397,1402,21,247
North Macedonia,11/19/20,51213,1423,1198,26,248
North Macedonia,11/20/20,52449,1462,1236,39,249
North Macedonia,11/21/20,53631,1487,1182,25,250
North Macedonia,11/22/20,54743,1511,1112,24,251
North Macedonia,11/23/20,55127,1546,384,35,252
North Macedonia,11/24/20,56164,1561,1037,15,253
North Macedonia,11/25/20,57451,1600,1287,39,254
North Macedonia,11/26/20,58608,1630,1157,30,255
North Macedonia,11/27/20,59701,1658,1093,28,256
North Macedonia,11/28/20,60723,1699,1022,41,257
North Macedonia,11/29/20,61543,1731,820,32,258
North Macedonia,11/30/20,61878,1763,335,32,259
North Macedonia,12/1/20,62945,1792,1067,29,260
North Macedonia,12/2/20,63890,1825,945,33,261
North Macedonia,12/3/20,65231,1847,1341,22,262
North Macedonia,12/4/20,66330,1877,1099,30,263
North Macedonia,12/5/20,67311,1901,981,24,264
North Macedonia,12/6/20,67968,1924,657,23,265
North Macedonia,12/7/20,68332,1949,364,25,266
North Macedonia,12/8/20,69452,1977,1120,28,267
North Macedonia,12/9/20,69954,2023,502,46,268
North Macedonia,12/10/20,70883,2051,929,28,269
North Macedonia,12/11/20,72044,2077,1161,26,270
North Macedonia,12/12/20,73025,2096,981,19,271
North Macedonia,12/13/20,73638,2121,613,25,272
North Macedonia,12/14/20,73851,2147,213,26,273
North Macedonia,12/15/20,74732,2169,881,22,274
North Macedonia,12/16/20,75597,2194,865,25,275
North Macedonia,12/17/20,76251,2225,654,31,276
North Macedonia,12/18/20,77134,2254,883,29,277
North Macedonia,12/19/20,77949,2274,815,20,278
North Macedonia,12/20/20,78305,2292,356,18,279
North Macedonia,12/21/20,78434,2314,129,22,280
North Macedonia,12/22/20,79190,2340,756,26,281
North Macedonia,12/23/20,79815,2354,625,14,282
North Macedonia,12/24/20,80407,2375,592,21,283
North Macedonia,12/25/20,80896,2401,489,26,284
North Macedonia,12/26/20,81425,2427,529,26,285
North Macedonia,12/27/20,81721,2445,296,18,286
North Macedonia,12/28/20,81804,2456,83,11,287
North Macedonia,12/29/20,82301,2473,497,17,288
North Macedonia,12/30/20,82794,2488,493,15,289
North Macedonia,12/31/20,83329,2503,535,15,290
North Macedonia,1/1/21,83743,2510,414,7,291
North Macedonia,1/2/21,83789,2522,46,12,292
North Macedonia,1/3/21,84024,2530,235,8,293
North Macedonia,1/4/21,84129,2550,105,20,294
North Macedonia,1/5/21,84709,2559,580,9,295
North Macedonia,1/6/21,85328,2571,619,12,296
North Macedonia,1/7/21,85494,2581,166,10,297
North Macedonia,1/8/21,85594,2592,100,11,298
North Macedonia,1/9/21,86150,2614,556,22,299
North Macedonia,1/10/21,86494,2622,344,8,300
North Macedonia,1/11/21,86597,2635,103,13,301
North Macedonia,1/12/21,87117,2647,520,12,302
North Macedonia,1/13/21,87590,2657,473,10,303
North Macedonia,1/14/21,87986,2672,396,15,304
North Macedonia,1/15/21,88389,2682,403,10,305
North Macedonia,1/16/21,88749,2696,360,14,306
North Macedonia,1/17/21,88938,2702,189,6,307
North Macedonia,1/18/21,88992,2715,54,13,308
North Macedonia,1/19/21,89392,2726,400,11,309
North Macedonia,1/20/21,89463,2739,71,13,310
North Macedonia,1/21/21,89817,2754,354,15,311
North Macedonia,1/22/21,90124,2768,307,14,312
North Macedonia,1/23/21,90471,2779,347,11,313
North Macedonia,1/24/21,90654,2785,183,6,314
North Macedonia,1/25/21,90717,2791,63,6,315
North Macedonia,1/26/21,91161,2812,444,21,316
North Macedonia,1/27/21,91555,2821,394,9,317
North Macedonia,1/28/21,91891,2831,336,10,318
North Macedonia,1/29/21,92193,2841,302,10,319
North Macedonia,1/30/21,92518,2848,325,7,320
North Macedonia,1/31/21,92693,2855,175,7,321
North Macedonia,2/1/21,92753,2866,60,11,322
North Macedonia,2/2/21,93160,2873,407,7,323
North Macedonia,2/3/21,93510,2893,350,20,324
North Macedonia,2/4/21,93882,2900,372,7,325
North Macedonia,2/5/21,94196,2908,314,8,326
North Macedonia,2/6/21,94599,2916,403,8,327
North Macedonia,2/7/21,94798,2924,199,8,328
North Macedonia,2/8/21,94871,2946,73,22,329
North Macedonia,2/9/21,95347,2955,476,9,330
North Macedonia,2/10/21,95736,2959,389,4,331
North Macedonia,2/11/21,96152,2966,416,7,332
North Macedonia,2/12/21,96518,2971,366,5,333
North Macedonia,2/13/21,96872,2976,354,5,334
North Macedonia,2/14/21,97052,2989,180,13,335
North Macedonia,2/15/21,97101,2998,49,9,336
North Macedonia,2/16/21,97456,3003,355,5,337
North Macedonia,2/17/21,97803,3010,347,7,338
North Macedonia,2/18/21,98174,3018,371,8,339
North Macedonia,2/19/21,98584,3037,410,19,340
North Macedonia,2/20/21,99031,3047,447,10,341
North Macedonia,2/21/21,99285,3063,254,16,342
North Macedonia,2/22/21,99408,3076,123,13,343
North Macedonia,2/23/21,99917,3085,509,9,344
North Macedonia,2/24/21,100632,3098,715,13,345
North Macedonia,2/25/21,101214,3111,582,13,346
North Macedonia,2/26/21,101762,3119,548,8,347
North Macedonia,2/27/21,102482,3126,720,7,348
North Macedonia,2/28/21,102787,3137,305,11,349
North Macedonia,3/1/21,103020,3144,233,7,350
North Macedonia,3/2/21,103746,3151,726,7,351
North Macedonia,3/3/21,104548,3156,802,5,352
North Macedonia,3/4/21,105269,3165,721,9,353
North Macedonia,3/5/21,106110,3176,841,11,354
North Macedonia,3/6/21,106832,3185,722,9,355
North Macedonia,3/7/21,107163,3195,331,10,356
North Macedonia,3/8/21,107479,3206,316,11,357
North Macedonia,3/9/21,108350,3228,871,22,358
North Macedonia,3/10/21,109262,3244,912,16,359
North Macedonia,3/11/21,110209,3265,947,21,360
North Macedonia,3/12/21,111077,3280,868,15,361
