country,date,confirmed,deaths,new_confirmed,new_deaths,tagged_day
Romania,3/10/20,25,0,10,0,1
Romania,3/11/20,45,0,20,0,2
Romania,3/12/20,49,0,4,0,3
Romania,3/13/20,89,0,40,0,4
Romania,3/14/20,123,0,34,0,5
Romania,3/15/20,131,0,8,0,6
Romania,3/16/20,158,0,27,0,7
Romania,3/17/20,184,0,26,0,8
Romania,3/18/20,260,0,76,0,9
Romania,3/19/20,277,0,17,0,10
Romania,3/20/20,308,0,31,0,11
Romania,3/21/20,367,0,59,0,12
Romania,3/22/20,433,3,66,3,13
Romania,3/23/20,576,7,143,4,14
Romania,3/24/20,794,11,218,4,15
Romania,3/25/20,906,17,112,6,16
Romania,3/26/20,1029,23,123,6,17
Romania,3/27/20,1292,26,263,3,18
Romania,3/28/20,1452,37,160,11,19
Romania,3/29/20,1815,43,363,6,20
Romania,3/30/20,2109,65,294,22,21
Romania,3/31/20,2245,82,136,17,22
Romania,4/1/20,2460,92,215,10,23
Romania,4/2/20,2738,115,278,23,24
Romania,4/3/20,3183,133,445,18,25
Romania,4/4/20,3613,146,430,13,26
Romania,4/5/20,3864,151,251,5,27
Romania,4/6/20,4057,176,193,25,28
Romania,4/7/20,4417,197,360,21,29
Romania,4/8/20,4761,220,344,23,30
Romania,4/9/20,5202,248,441,28,31
Romania,4/10/20,5467,270,265,22,32
Romania,4/11/20,5990,291,523,21,33
Romania,4/12/20,6300,316,310,25,34
Romania,4/13/20,6633,331,333,15,35
Romania,4/14/20,6879,351,246,20,36
Romania,4/15/20,7216,372,337,21,37
Romania,4/16/20,7707,392,491,20,38
Romania,4/17/20,8067,411,360,19,39
Romania,4/18/20,8418,421,351,10,40
Romania,4/19/20,8746,451,328,30,41
Romania,4/20/20,8936,478,190,27,42
Romania,4/21/20,9242,498,306,20,43
Romania,4/22/20,9710,524,468,26,44
Romania,4/23/20,10096,545,386,21,45
Romania,4/24/20,10417,567,321,22,46
Romania,4/25/20,10635,601,218,34,47
Romania,4/26/20,11036,619,401,18,48
Romania,4/27/20,11339,641,303,22,49
Romania,4/28/20,11616,663,277,22,50
Romania,4/29/20,11978,693,362,30,51
Romania,4/30/20,12240,717,262,24,52
Romania,5/1/20,12567,744,327,27,53
Romania,5/2/20,12732,771,165,27,54
Romania,5/3/20,13163,790,431,19,55
Romania,5/4/20,13512,818,349,28,56
Romania,5/5/20,13837,841,325,23,57
Romania,5/6/20,14107,864,270,23,58
Romania,5/7/20,14499,888,392,24,59
Romania,5/8/20,14811,923,312,35,60
Romania,5/9/20,15131,939,320,16,61
Romania,5/10/20,15362,961,231,22,62
Romania,5/11/20,15588,982,226,21,63
Romania,5/12/20,15778,1002,190,20,64
Romania,5/13/20,16002,1036,224,34,65
Romania,5/14/20,16247,1053,245,17,66
Romania,5/15/20,16437,1070,190,17,67
Romania,5/16/20,16704,1094,267,24,68
Romania,5/17/20,16871,1107,167,13,69
Romania,5/18/20,17036,1120,165,13,70
Romania,5/19/20,17191,1137,155,17,71
Romania,5/20/20,17387,1147,196,10,72
Romania,5/21/20,17585,1156,198,9,73
Romania,5/22/20,17712,1166,127,10,74
Romania,5/23/20,17857,1176,145,10,75
Romania,5/24/20,18070,1185,213,9,76
Romania,5/25/20,18283,1205,213,20,77
Romania,5/26/20,18429,1216,146,11,78
Romania,5/27/20,18594,1227,165,11,79
Romania,5/28/20,18791,1235,197,8,80
Romania,5/29/20,18982,1248,191,13,81
Romania,5/30/20,19133,1259,151,11,82
Romania,5/31/20,19257,1266,124,7,83
Romania,6/1/20,19398,1276,141,10,84
Romania,6/2/20,19517,1288,119,12,85
Romania,6/3/20,19669,1296,152,8,86
Romania,6/4/20,19907,1305,238,9,87
Romania,6/5/20,20103,1316,196,11,88
Romania,6/6/20,20290,1322,187,6,89
Romania,6/7/20,20479,1333,189,11,90
Romania,6/8/20,20604,1339,125,6,91
Romania,6/9/20,20749,1354,145,15,92
Romania,6/10/20,20945,1360,196,6,93
Romania,6/11/20,21182,1369,237,9,94
Romania,6/12/20,21404,1380,222,11,95
Romania,6/13/20,21679,1394,275,14,96
Romania,6/14/20,21999,1410,320,16,97
Romania,6/15/20,22165,1427,166,17,98
Romania,6/16/20,22415,1437,250,10,99
Romania,6/17/20,22760,1451,345,14,100
Romania,6/18/20,23080,1473,320,22,101
Romania,6/19/20,23400,1484,320,11,102
Romania,6/20/20,23730,1500,330,16,103
Romania,6/21/20,24045,1512,315,12,104
Romania,6/22/20,24291,1523,246,11,105
Romania,6/23/20,24505,1539,214,16,106
Romania,6/24/20,24826,1555,321,16,107
Romania,6/25/20,25286,1565,460,10,108
Romania,6/26/20,25697,1579,411,14,109
Romania,6/27/20,26022,1589,325,10,110
Romania,6/28/20,26313,1612,291,23,111
Romania,6/29/20,26582,1634,269,22,112
Romania,6/30/20,26970,1651,388,17,113
Romania,7/1/20,27296,1667,326,16,114
Romania,7/2/20,27746,1687,450,20,115
Romania,7/3/20,28166,1708,420,21,116
Romania,7/4/20,28582,1731,416,23,117
Romania,7/5/20,28973,1750,391,19,118
Romania,7/6/20,29223,1768,250,18,119
Romania,7/7/20,29620,1799,397,31,120
Romania,7/8/20,30175,1817,555,18,121
Romania,7/9/20,30789,1834,614,17,122
Romania,7/10/20,31381,1847,592,13,123
Romania,7/11/20,32079,1871,698,24,124
Romania,7/12/20,32535,1884,456,13,125
Romania,7/13/20,32948,1901,413,17,126
Romania,7/14/20,33585,1931,637,30,127
Romania,7/15/20,34226,1952,641,21,128
Romania,7/16/20,35003,1971,777,19,129
Romania,7/17/20,35802,1988,799,17,130
Romania,7/18/20,36691,2009,889,21,131
Romania,7/19/20,37458,2026,767,17,132
Romania,7/20/20,38139,2038,681,12,133
Romania,7/21/20,39133,2074,994,36,134
Romania,7/22/20,40163,2101,1030,27,135
Romania,7/23/20,41275,2126,1112,25,136
Romania,7/24/20,42394,2150,1119,24,137
Romania,7/25/20,43678,2165,1284,15,138
Romania,7/26/20,44798,2187,1120,22,139
Romania,7/27/20,45902,2206,1104,19,140
Romania,7/28/20,47053,2239,1151,33,141
Romania,7/29/20,48235,2269,1182,30,142
Romania,7/30/20,49591,2304,1356,35,143
Romania,7/31/20,50886,2343,1295,39,144
Romania,8/1/20,52111,2379,1225,36,145
Romania,8/2/20,53186,2413,1075,34,146
Romania,8/3/20,54009,2432,823,19,147
Romania,8/4/20,55241,2480,1232,48,148
Romania,8/5/20,56550,2521,1309,41,149
Romania,8/6/20,57895,2566,1345,45,150
Romania,8/7/20,59273,2616,1378,50,151
Romania,8/8/20,60623,2659,1350,43,152
Romania,8/9/20,61768,2700,1145,41,153
Romania,8/10/20,62547,2729,779,29,154
Romania,8/11/20,63762,2764,1215,35,155
Romania,8/12/20,65177,2807,1415,43,156
Romania,8/13/20,66631,2860,1454,53,157
Romania,8/14/20,68046,2904,1415,44,158
Romania,8/15/20,69374,2954,1328,50,159
Romania,8/16/20,70461,2991,1087,37,160
Romania,8/17/20,71194,3029,733,38,161
Romania,8/18/20,72208,3074,1014,45,162
Romania,8/19/20,73617,3106,1409,32,163
Romania,8/20/20,74963,3154,1346,48,164
Romania,8/21/20,76355,3196,1392,42,165
Romania,8/22/20,77544,3233,1189,37,166
Romania,8/23/20,78505,3272,961,39,167
Romania,8/24/20,79330,3309,825,37,168
Romania,8/25/20,80390,3367,1060,58,169
Romania,8/26/20,81646,3421,1256,54,170
Romania,8/27/20,83150,3459,1504,38,171
Romania,8/28/20,84468,3507,1318,48,172
Romania,8/29/20,85833,3539,1365,32,173
Romania,8/30/20,86785,3578,952,39,174
Romania,8/31/20,87540,3621,755,43,175
Romania,9/1/20,88593,3681,1053,60,176
Romania,9/2/20,89891,3721,1298,40,177
Romania,9/3/20,91256,3765,1365,44,178
Romania,9/4/20,92595,3812,1339,47,179
Romania,9/5/20,93864,3850,1269,38,180
Romania,9/6/20,95014,3893,1150,43,181
Romania,9/7/20,95897,3926,883,33,182
Romania,9/8/20,97033,3967,1136,41,183
Romania,9/9/20,98304,4018,1271,51,184
Romania,9/10/20,99684,4065,1380,47,185
Romania,9/11/20,101075,4100,1391,35,186
Romania,9/12/20,102386,4127,1311,27,187
Romania,9/13/20,103495,4163,1109,36,188
Romania,9/14/20,104187,4185,692,22,189
Romania,9/15/20,105298,4236,1111,51,190
Romania,9/16/20,107011,4285,1713,49,191
Romania,9/17/20,108690,4312,1679,27,192
Romania,9/18/20,110217,4360,1527,48,193
Romania,9/19/20,111550,4402,1333,42,194
Romania,9/20/20,112781,4435,1231,33,195
Romania,9/21/20,113589,4458,808,23,196
Romania,9/22/20,114648,4503,1059,45,197
Romania,9/23/20,116415,4550,1767,47,198
Romania,9/24/20,118054,4591,1639,41,199
Romania,9/25/20,119683,4633,1629,42,200
Romania,9/26/20,121235,4687,1552,54,201
Romania,9/27/20,122673,4718,1438,31,202
Romania,9/28/20,123944,4748,1271,30,203
Romania,9/29/20,125414,4792,1470,44,204
Romania,9/30/20,127572,4825,2158,33,205
Romania,10/1/20,129658,4862,2086,37,206
Romania,10/2/20,132001,4915,2343,53,207
Romania,10/3/20,134065,4947,2064,32,208
Romania,10/4/20,135900,5003,1835,56,209
Romania,10/5/20,137491,5048,1591,45,210
Romania,10/6/20,139612,5121,2121,73,211
Romania,10/7/20,142570,5203,2958,82,212
Romania,10/8/20,145700,5247,3130,44,213
Romania,10/9/20,148886,5299,3186,52,214
Romania,10/10/20,152403,5358,3517,59,215
Romania,10/11/20,155283,5411,2880,53,216
Romania,10/12/20,157352,5467,2069,56,217
Romania,10/13/20,160461,5535,3109,68,218
Romania,10/14/20,164477,5601,4016,66,219
Romania,10/15/20,168490,5674,4013,73,220
Romania,10/16/20,172516,5749,4026,75,221
Romania,10/17/20,176468,5812,3952,63,222
Romania,10/18/20,180388,5872,3920,60,223
Romania,10/19/20,182854,5931,2466,59,224
Romania,10/20/20,186254,5996,3400,65,225
Romania,10/21/20,191102,6065,4848,69,226
Romania,10/22/20,196004,6163,4902,98,227
Romania,10/23/20,201032,6245,5028,82,228
Romania,10/24/20,205793,6318,4761,73,229
Romania,10/25/20,209648,6391,3855,73,230
Romania,10/26/20,212492,6470,2844,79,231
Romania,10/27/20,217216,6574,4724,104,232
Romania,10/28/20,222559,6681,5343,107,233
Romania,10/29/20,229040,6764,6481,83,234
Romania,10/30/20,235586,6867,6546,103,235
Romania,10/31/20,241339,6968,5753,101,236
Romania,11/1/20,246663,7067,5324,99,237
Romania,11/2/20,250704,7153,4041,86,238
Romania,11/3/20,258437,7273,7733,120,239
Romania,11/4/20,267088,7419,8651,146,240
Romania,11/5/20,276802,7540,9714,121,241
Romania,11/6/20,287062,7663,10260,123,242
Romania,11/7/20,296999,7793,9937,130,243
Romania,11/8/20,303751,7879,6752,86,244
Romania,11/9/20,306991,8009,3240,130,245
Romania,11/10/20,314295,8186,7304,177,246
Romania,11/11/20,324094,8389,9799,203,247
Romania,11/12/20,334236,8510,10142,121,248
Romania,11/13/20,343725,8684,9489,174,249
Romania,11/14/20,353185,8813,9460,129,250
Romania,11/15/20,360281,8926,7096,113,251
Romania,11/16/20,365212,9075,4931,149,252
Romania,11/17/20,373474,9261,8262,186,253
Romania,11/18/20,383743,9429,10269,168,254
Romania,11/19/20,393851,9596,10108,167,255
Romania,11/20/20,403123,9756,9272,160,256
Romania,11/21/20,412808,9916,9685,160,257
Romania,11/22/20,418645,10047,5837,131,258
Romania,11/23/20,422852,10177,4207,130,259
Romania,11/24/20,430605,10373,7753,196,260
Romania,11/25/20,440344,10541,9739,168,261
Romania,11/26/20,449349,10712,9005,171,262
Romania,11/27/20,457848,10884,8499,172,263
Romania,11/28/20,465982,11045,8134,161,264
Romania,11/29/20,471536,11193,5554,148,265
Romania,11/30/20,475362,11331,3826,138,266
Romania,12/1/20,479634,11530,4272,199,267
Romania,12/2/20,484550,11665,4916,135,268
Romania,12/3/20,492211,11876,7661,211,269
Romania,12/4/20,500273,12052,8062,176,270
Romania,12/5/20,508345,12186,8072,134,271
Romania,12/6/20,513576,12320,5231,134,272
Romania,12/7/20,517236,12447,3660,127,273
Romania,12/8/20,524675,12660,7439,213,274
Romania,12/9/20,532040,12821,7365,161,275
Romania,12/10/20,539107,12948,7067,127,276
Romania,12/11/20,545567,13116,6460,168,277
Romania,12/12/20,551900,13264,6333,148,278
Romania,12/13/20,556335,13385,4435,121,279
Romania,12/14/20,559587,13494,3252,109,280
Romania,12/15/20,565758,13698,6171,204,281
Romania,12/16/20,571749,13862,5991,164,282
Romania,12/17/20,577446,13969,5697,107,283
Romania,12/18/20,582786,14157,5340,188,284
Romania,12/19/20,587944,14296,5158,139,285
Romania,12/20/20,591294,14394,3350,98,286
Romania,12/21/20,593783,14481,2489,87,287
Romania,12/22/20,598792,14636,5009,155,288
Romania,12/23/20,604251,14766,5459,130,289
Romania,12/24/20,608561,14912,4310,146,290
Romania,12/25/20,612373,15023,3812,111,291
Romania,12/26/20,613760,15108,1387,85,292
Romania,12/27/20,615809,15230,2049,122,293
Romania,12/28/20,618429,15334,2620,104,294
Romania,12/29/20,623066,15469,4637,135,295
Romania,12/30/20,627941,15596,4875,127,296
Romania,12/31/20,632263,15767,4322,171,297
Romania,1/1/21,636201,15841,3938,74,298
Romania,1/2/21,637395,15919,1194,78,299
Romania,1/3/21,640429,15979,3034,60,300
Romania,1/4/21,643559,16057,3130,78,301
Romania,1/5/21,648288,16178,4729,121,302
Romania,1/6/21,654007,16299,5719,121,303
Romania,1/7/21,658958,16410,4951,111,304
Romania,1/8/21,663799,16506,4841,96,305
Romania,1/9/21,668202,16592,4403,86,306
Romania,1/10/21,671284,16654,3082,62,307
Romania,1/11/21,673271,16725,1987,71,308
Romania,1/12/21,676968,16881,3697,156,309
Romania,1/13/21,681392,16969,4424,88,310
Romania,1/14/21,684917,17035,3525,66,311
Romania,1/15/21,688270,17098,3353,63,312
Romania,1/16/21,691488,17164,3218,66,313
Romania,1/17/21,693644,17221,2156,57,314
Romania,1/18/21,695153,17271,1509,50,315
Romania,1/19/21,697898,17369,2745,98,316
Romania,1/20/21,700898,17485,3000,116,317
Romania,1/21/21,703776,17554,2878,69,318
Romania,1/22/21,706475,17628,2699,74,319
Romania,1/23/21,709194,17722,2719,94,320
Romania,1/24/21,711010,17776,1816,54,321
Romania,1/25/21,712561,17841,1551,65,322
Romania,1/26/21,715438,17938,2877,97,323
Romania,1/27/21,718612,18015,3174,77,324
Romania,1/28/21,721513,18105,2901,90,325
Romania,1/29/21,724250,18196,2737,91,326
Romania,1/30/21,726918,18264,2668,68,327
Romania,1/31/21,728743,18335,1825,71,328
Romania,2/1/21,730056,18402,1313,67,329
Romania,2/2/21,732732,18513,2676,111,330
Romania,2/3/21,735484,18600,2752,87,331
Romania,2/4/21,738152,18675,2668,75,332
Romania,2/5/21,740732,18748,2580,73,333
Romania,2/6/21,743343,18809,2611,61,334
Romania,2/7/21,745318,18881,1975,72,335
Romania,2/8/21,746637,18961,1319,80,336
Romania,2/9/21,749434,19056,2797,95,337
Romania,2/10/21,752482,19135,3048,79,338
Romania,2/11/21,755126,19200,2644,65,339
Romania,2/12/21,757676,19277,2550,77,340
Romania,2/13/21,760091,19325,2415,48,341
Romania,2/14/21,761963,19366,1872,41,342
Romania,2/15/21,763294,19445,1331,79,343
Romania,2/16/21,765970,19526,2676,81,344
Romania,2/17/21,768785,19588,2815,62,345
Romania,2/18/21,771843,19659,3058,71,346
Romania,2/19/21,774555,19738,2712,79,347
Romania,2/20/21,777276,19795,2721,57,348
Romania,2/21/21,779695,19847,2419,52,349
Romania,2/22/21,781329,19894,1634,47,350
Romania,2/23/21,784711,20013,3382,119,351
Romania,2/24/21,788048,20086,3337,73,352
Romania,2/25/21,791971,20167,3923,81,353
Romania,2/26/21,795732,20233,3761,66,354
Romania,2/27/21,799164,20287,3432,54,355
Romania,2/28/21,801994,20350,2830,63,356
Romania,3/1/21,804090,20403,2096,53,357
Romania,3/2/21,808040,20509,3950,106,358
Romania,3/3/21,812318,20586,4278,77,359
Romania,3/4/21,816589,20684,4271,98,360
Romania,3/5/21,820931,20785,4342,101,361
Romania,3/6/21,824995,20854,4064,69,362
Romania,3/7/21,828283,20900,3288,46,363
Romania,3/8/21,830563,20963,2280,63,364
Romania,3/9/21,835552,21056,4989,93,365
Romania,3/10/21,840116,21156,4564,100,366
Romania,3/11/21,845352,21252,5236,96,367
Romania,3/12/21,850362,21360,5010,108,368
