country,date,confirmed,deaths,new_confirmed,new_deaths,tagged_day
South Africa,3/13/20,24,0,7,0,1
South Africa,3/14/20,38,0,14,0,2
South Africa,3/15/20,51,0,13,0,3
South Africa,3/16/20,62,0,11,0,4
South Africa,3/17/20,62,0,0,0,5
South Africa,3/18/20,116,0,54,0,6
South Africa,3/19/20,150,0,34,0,7
South Africa,3/20/20,202,0,52,0,8
South Africa,3/21/20,240,0,38,0,9
South Africa,3/22/20,274,0,34,0,10
South Africa,3/23/20,402,0,128,0,11
South Africa,3/24/20,554,0,152,0,12
South Africa,3/25/20,709,0,155,0,13
South Africa,3/26/20,927,0,218,0,14
South Africa,3/27/20,1170,1,243,1,15
South Africa,3/28/20,1187,1,17,0,16
South Africa,3/29/20,1280,2,93,1,17
South Africa,3/30/20,1326,3,46,1,18
South Africa,3/31/20,1353,5,27,2,19
South Africa,4/1/20,1380,5,27,0,20
South Africa,4/2/20,1462,5,82,0,21
South Africa,4/3/20,1505,9,43,4,22
South Africa,4/4/20,1585,9,80,0,23
South Africa,4/5/20,1655,11,70,2,24
South Africa,4/6/20,1686,12,31,1,25
South Africa,4/7/20,1749,13,63,1,26
South Africa,4/8/20,1845,18,96,5,27
South Africa,4/9/20,1934,18,89,0,28
South Africa,4/10/20,2003,24,69,6,29
South Africa,4/11/20,2028,25,25,1,30
South Africa,4/12/20,2173,25,145,0,31
South Africa,4/13/20,2272,27,99,2,32
South Africa,4/14/20,2415,27,143,0,33
South Africa,4/15/20,2506,34,91,7,34
South Africa,4/16/20,2605,48,99,14,35
South Africa,4/17/20,2783,50,178,2,36
South Africa,4/18/20,3034,52,251,2,37
South Africa,4/19/20,3158,54,124,2,38
South Africa,4/20/20,3300,58,142,4,39
South Africa,4/21/20,3465,58,165,0,40
South Africa,4/22/20,3635,65,170,7,41
South Africa,4/23/20,3953,75,318,10,42
South Africa,4/24/20,4220,79,267,4,43
South Africa,4/25/20,4361,86,141,7,44
South Africa,4/26/20,4546,87,185,1,45
South Africa,4/27/20,4793,90,247,3,46
South Africa,4/28/20,4996,93,203,3,47
South Africa,4/29/20,5350,103,354,10,48
South Africa,4/30/20,5647,103,297,0,49
South Africa,5/1/20,5951,116,304,13,50
South Africa,5/2/20,6336,123,385,7,51
South Africa,5/3/20,6783,131,447,8,52
South Africa,5/4/20,7220,138,437,7,53
South Africa,5/5/20,7572,148,352,10,54
South Africa,5/6/20,7808,153,236,5,55
South Africa,5/7/20,8232,161,424,8,56
South Africa,5/8/20,8895,178,663,17,57
South Africa,5/9/20,9420,186,525,8,58
South Africa,5/10/20,10015,194,595,8,59
South Africa,5/11/20,10652,206,637,12,60
South Africa,5/12/20,11350,206,698,0,61
South Africa,5/13/20,12074,219,724,13,62
South Africa,5/14/20,12739,238,665,19,63
South Africa,5/15/20,13524,247,785,9,64
South Africa,5/16/20,14355,261,831,14,65
South Africa,5/17/20,15515,264,1160,3,66
South Africa,5/18/20,16433,286,918,22,67
South Africa,5/19/20,17200,312,767,26,68
South Africa,5/20/20,18003,339,803,27,69
South Africa,5/21/20,19137,369,1134,30,70
South Africa,5/22/20,20125,397,988,28,71
South Africa,5/23/20,21343,407,1218,10,72
South Africa,5/24/20,22583,429,1240,22,73
South Africa,5/25/20,23615,481,1032,52,74
South Africa,5/26/20,24264,524,649,43,75
South Africa,5/27/20,25937,552,1673,28,76
South Africa,5/28/20,27403,577,1466,25,77
South Africa,5/29/20,29240,611,1837,34,78
South Africa,5/30/20,30967,643,1727,32,79
South Africa,5/31/20,32683,683,1716,40,80
South Africa,6/1/20,34357,705,1674,22,81
South Africa,6/2/20,35812,755,1455,50,82
South Africa,6/3/20,37525,792,1713,37,83
South Africa,6/4/20,40792,848,3267,56,84
South Africa,6/5/20,43434,908,2642,60,85
South Africa,6/6/20,45973,952,2539,44,86
South Africa,6/7/20,48285,998,2312,46,87
South Africa,6/8/20,50879,1080,2594,82,88
South Africa,6/9/20,52991,1162,2112,82,89
South Africa,6/10/20,55421,1210,2430,48,90
South Africa,6/11/20,58568,1284,3147,74,91
South Africa,6/12/20,61927,1354,3359,70,92
South Africa,6/13/20,65736,1423,3809,69,93
South Africa,6/14/20,70038,1480,4302,57,94
South Africa,6/15/20,73533,1568,3495,88,95
South Africa,6/16/20,76334,1625,2801,57,96
South Africa,6/17/20,80412,1674,4078,49,97
South Africa,6/18/20,83890,1737,3478,63,98
South Africa,6/19/20,87715,1831,3825,94,99
South Africa,6/20/20,92681,1877,4966,46,100
South Africa,6/21/20,97302,1930,4621,53,101
South Africa,6/22/20,101590,1991,4288,61,102
South Africa,6/23/20,106108,2102,4518,111,103
South Africa,6/24/20,111796,2205,5688,103,104
South Africa,6/25/20,118375,2292,6579,87,105
South Africa,6/26/20,124590,2340,6215,48,106
South Africa,6/27/20,131800,2413,7210,73,107
South Africa,6/28/20,138134,2456,6334,43,108
South Africa,6/29/20,144264,2529,6130,73,109
South Africa,6/30/20,151209,2657,6945,128,110
South Africa,7/1/20,159333,2749,8124,92,111
South Africa,7/2/20,168061,2844,8728,95,112
South Africa,7/3/20,177124,2952,9063,108,113
South Africa,7/4/20,187977,3026,10853,74,114
South Africa,7/5/20,196750,3199,8773,173,115
South Africa,7/6/20,205721,3310,8971,111,116
South Africa,7/7/20,215855,3502,10134,192,117
South Africa,7/8/20,224665,3602,8810,100,118
South Africa,7/9/20,238339,3720,13674,118,119
South Africa,7/10/20,250687,3860,12348,140,120
South Africa,7/11/20,264184,3971,13497,111,121
South Africa,7/12/20,276242,4079,12058,108,122
South Africa,7/13/20,287796,4172,11554,93,123
South Africa,7/14/20,298292,4346,10496,174,124
South Africa,7/15/20,311049,4453,12757,107,125
South Africa,7/16/20,324221,4669,13172,216,126
South Africa,7/17/20,337594,4804,13373,135,127
South Africa,7/18/20,350879,4948,13285,144,128
South Africa,7/19/20,364328,5033,13449,85,129
South Africa,7/20/20,373628,5173,9300,140,130
South Africa,7/21/20,381798,5368,8170,195,131
South Africa,7/22/20,394948,5940,13150,572,132
South Africa,7/23/20,408052,6093,13104,153,133
South Africa,7/24/20,421996,6343,13944,250,134
South Africa,7/25/20,434200,6655,12204,312,135
South Africa,7/26/20,445433,6769,11233,114,136
South Africa,7/27/20,452529,7067,7096,298,137
South Africa,7/28/20,459761,7257,7232,190,138
South Africa,7/29/20,471123,7497,11362,240,139
South Africa,7/30/20,482169,7812,11046,315,140
South Africa,7/31/20,493183,8005,11014,193,141
South Africa,8/1/20,503290,8153,10107,148,142
South Africa,8/2/20,511485,8366,8195,213,143
South Africa,8/3/20,516862,8539,5377,173,144
South Africa,8/4/20,521318,8884,4456,345,145
South Africa,8/5/20,529877,9298,8559,414,146
South Africa,8/6/20,538184,9604,8307,306,147
South Africa,8/7/20,545476,9909,7292,305,148
South Africa,8/8/20,553188,10210,7712,301,149
South Africa,8/9/20,559859,10408,6671,198,150
South Africa,8/10/20,563598,10621,3739,213,151
South Africa,8/11/20,566109,10751,2511,130,152
South Africa,8/12/20,568919,11010,2810,259,153
South Africa,8/13/20,572865,11270,3946,260,154
South Africa,8/14/20,579140,11556,6275,286,155
South Africa,8/15/20,583653,11677,4513,121,156
South Africa,8/16/20,587345,11839,3692,162,157
South Africa,8/17/20,589886,11982,2541,143,158
South Africa,8/18/20,592144,12264,2258,282,159
South Africa,8/19/20,596060,12423,3916,159,160
South Africa,8/20/20,599940,12618,3880,195,161
South Africa,8/21/20,603338,12843,3398,225,162
South Africa,8/22/20,607045,12987,3707,144,163
South Africa,8/23/20,609773,13059,2728,72,164
South Africa,8/24/20,611450,13159,1677,100,165
South Africa,8/25/20,613017,13308,1567,149,166
South Africa,8/26/20,615701,13502,2684,194,167
South Africa,8/27/20,618286,13628,2585,126,168
South Africa,8/28/20,620132,13743,1846,115,169
South Africa,8/29/20,622551,13981,2419,238,170
South Africa,8/30/20,625056,14028,2505,47,171
South Africa,8/31/20,627041,14149,1985,121,172
South Africa,9/1/20,628259,14263,1218,114,173
South Africa,9/2/20,630595,14389,2336,126,174
South Africa,9/3/20,633015,14563,2420,174,175
South Africa,9/4/20,635078,14678,2063,115,176
South Africa,9/5/20,636884,14779,1806,101,177
South Africa,9/6/20,638517,14889,1633,110,178
South Africa,9/7/20,639362,15004,845,115,179
South Africa,9/8/20,640441,15086,1079,82,180
South Africa,9/9/20,642431,15168,1990,82,181
South Africa,9/10/20,644438,15265,2007,97,182
South Africa,9/11/20,646398,15378,1960,113,183
South Africa,9/12/20,648214,15427,1816,49,184
South Africa,9/13/20,649793,15447,1579,20,185
South Africa,9/14/20,650749,15499,956,52,186
South Africa,9/15/20,651521,15641,772,142,187
South Africa,9/16/20,653444,15705,1923,64,188
South Africa,9/17/20,655572,15772,2128,67,189
South Africa,9/18/20,657627,15857,2055,85,190
South Africa,9/19/20,659656,15940,2029,83,191
South Africa,9/20/20,661211,15953,1555,13,192
South Africa,9/21/20,661936,15992,725,39,193
South Africa,9/22/20,663282,16118,1346,126,194
South Africa,9/23/20,665188,16206,1906,88,195
South Africa,9/24/20,667049,16283,1861,77,196
South Africa,9/25/20,668529,16312,1480,29,197
South Africa,9/26/20,669498,16376,969,64,198
South Africa,9/27/20,670766,16398,1268,22,199
South Africa,9/28/20,671669,16586,903,188,200
South Africa,9/29/20,672572,16667,903,81,201
South Africa,9/30/20,674339,16734,1767,67,202
South Africa,10/1/20,676084,16866,1745,132,203
South Africa,10/2/20,677833,16909,1749,43,204
South Africa,10/3/20,679716,16938,1883,29,205
South Africa,10/4/20,681289,16976,1573,38,206
South Africa,10/5/20,682215,17016,926,40,207
South Africa,10/6/20,683242,17103,1027,87,208
South Africa,10/7/20,685155,17248,1913,145,209
South Africa,10/8/20,686891,17408,1736,160,210
South Africa,10/9/20,688352,17547,1461,139,211
South Africa,10/10/20,690896,17673,2544,126,212
South Africa,10/11/20,692471,17780,1575,107,213
South Africa,10/12/20,693359,17863,888,83,214
South Africa,10/13/20,694537,18028,1178,165,215
South Africa,10/14/20,696414,18151,1877,123,216
South Africa,10/15/20,698184,18309,1770,158,217
South Africa,10/16/20,700203,18370,2019,61,218
South Africa,10/17/20,702131,18408,1928,38,219
South Africa,10/18/20,703793,18471,1662,63,220
South Africa,10/19/20,705254,18492,1461,21,221
South Africa,10/20/20,706304,18656,1050,164,222
South Africa,10/21/20,708359,18741,2055,85,223
South Africa,10/22/20,710515,18843,2156,102,224
South Africa,10/23/20,712412,18891,1897,48,225
South Africa,10/24/20,714246,18944,1834,53,226
South Africa,10/25/20,715868,18968,1622,24,227
South Africa,10/26/20,716759,19008,891,40,228
South Africa,10/27/20,717851,19053,1092,45,229
South Africa,10/28/20,719714,19111,1863,58,230
South Africa,10/29/20,721770,19164,2056,53,231
South Africa,10/30/20,723682,19230,1912,66,232
South Africa,10/31/20,725452,19276,1770,46,233
South Africa,11/1/20,726823,19411,1371,135,234
South Africa,11/2/20,727595,19465,772,54,235
South Africa,11/3/20,728836,19539,1241,74,236
South Africa,11/4/20,730548,19585,1712,46,237
South Africa,11/5/20,732414,19677,1866,92,238
South Africa,11/6/20,734175,19749,1761,72,239
South Africa,11/7/20,735906,19789,1731,40,240
South Africa,11/8/20,737278,19809,1372,20,241
South Africa,11/9/20,738525,19845,1247,36,242
South Africa,11/10/20,740254,19951,1729,106,243
South Africa,11/11/20,742394,20011,2140,60,244
South Africa,11/12/20,744732,20076,2338,65,245
South Africa,11/13/20,746945,20153,2213,77,246
South Africa,11/14/20,749182,20206,2237,53,247
South Africa,11/15/20,751024,20241,1842,35,248
South Africa,11/16/20,752269,20314,1245,73,249
South Africa,11/17/20,754256,20432,1987,118,250
South Africa,11/18/20,757144,20556,2888,124,251
South Africa,11/19/20,759658,20671,2514,115,252
South Africa,11/20/20,762763,20759,3105,88,253
South Africa,11/21/20,765409,20845,2646,86,254
South Africa,11/22/20,767679,20903,2270,58,255
South Africa,11/23/20,769759,20968,2080,65,256
South Africa,11/24/20,772252,21083,2493,115,257
South Africa,11/25/20,775502,21201,3250,118,258
South Africa,11/26/20,778571,21289,3069,88,259
South Africa,11/27/20,781941,21378,3370,89,260
South Africa,11/28/20,785139,21439,3198,61,261
South Africa,11/29/20,787702,21477,2563,38,262
South Africa,11/30/20,790004,21535,2302,58,263
South Africa,12/1/20,792299,21644,2295,109,264
South Africa,12/2/20,796472,21709,4173,65,265
South Africa,12/3/20,800872,21803,4400,94,266
South Africa,12/4/20,805804,21963,4932,160,267
South Africa,12/5/20,810449,22067,4645,104,268
South Africa,12/6/20,814565,22206,4116,139,269
South Africa,12/7/20,817878,22249,3313,43,270
South Africa,12/8/20,821889,22432,4011,183,271
South Africa,12/9/20,828598,22574,6709,142,272
South Africa,12/10/20,836764,22747,8166,173,273
South Africa,12/11/20,845083,22952,8319,205,274
South Africa,12/12/20,852965,23106,7882,154,275
South Africa,12/13/20,860964,23276,7999,170,276
South Africa,12/14/20,866127,23451,5163,175,277
South Africa,12/15/20,873679,23661,7552,210,278
South Africa,12/16/20,883687,23827,10008,166,279
South Africa,12/17/20,892813,24011,9126,184,280
South Africa,12/18/20,901538,24285,8725,274,281
South Africa,12/19/20,912477,24539,10939,254,282
South Africa,12/20/20,921922,24691,9445,152,283
South Africa,12/21/20,930711,24907,8789,216,284
South Africa,12/22/20,940212,25246,9501,339,285
South Africa,12/23/20,954258,25657,14046,411,286
South Africa,12/24/20,968563,25983,14305,326,287
South Africa,12/25/20,983359,26276,14796,293,288
South Africa,12/26/20,994911,26521,11552,245,289
South Africa,12/27/20,1004413,26735,9502,214,290
South Africa,12/28/20,1011871,27071,7458,336,291
South Africa,12/29/20,1021451,27568,9580,497,292
South Africa,12/30/20,1039161,28033,17710,465,293
South Africa,12/31/20,1057161,28469,18000,436,294
South Africa,1/1/21,1073887,28887,16726,418,295
South Africa,1/2/21,1088889,29175,15002,288,296
South Africa,1/3/21,1100748,29577,11859,402,297
South Africa,1/4/21,1113349,30011,12601,434,298
South Africa,1/5/21,1127759,30524,14410,513,299
South Africa,1/6/21,1149591,31368,21832,844,300
South Africa,1/7/21,1170590,31809,20999,441,301
South Africa,1/8/21,1192570,32425,21980,616,302
South Africa,1/9/21,1214176,32824,21606,399,303
South Africa,1/10/21,1231597,33163,17421,339,304
South Africa,1/11/21,1246643,33579,15046,416,305
South Africa,1/12/21,1259748,34334,13105,755,306
South Africa,1/13/21,1278303,35140,18555,806,307
South Africa,1/14/21,1296806,35852,18503,712,308
South Africa,1/15/21,1311686,36467,14880,615,309
South Africa,1/16/21,1325659,36851,13973,384,310
South Africa,1/17/21,1337926,37105,12267,254,311
South Africa,1/18/21,1346936,37449,9010,344,312
South Africa,1/19/21,1356716,38288,9780,839,313
South Africa,1/20/21,1369426,38854,12710,566,314
South Africa,1/21/21,1380807,39501,11381,647,315
South Africa,1/22/21,1392568,40076,11761,575,316
South Africa,1/23/21,1404839,40574,12271,498,317
South Africa,1/24/21,1412986,40874,8147,300,318
South Africa,1/25/21,1417537,41117,4551,243,319
South Africa,1/26/21,1423578,41797,6041,680,320
South Africa,1/27/21,1430648,42550,7070,753,321
South Africa,1/28/21,1437798,43105,7150,555,322
South Africa,1/29/21,1443939,43633,6141,528,323
South Africa,1/30/21,1449236,43951,5297,318,324
South Africa,1/31/21,1453761,44164,4525,213,325
South Africa,2/1/21,1456309,44399,2548,235,326
South Africa,2/2/21,1458958,44946,2649,547,327
South Africa,2/3/21,1463016,45344,4058,398,328
South Africa,2/4/21,1466767,45605,3751,261,329
South Africa,2/5/21,1470516,45902,3749,297,330
South Africa,2/6/21,1473700,46180,3184,278,331
South Africa,2/7/21,1476135,46290,2435,110,332
South Africa,2/8/21,1477511,46473,1376,183,333
South Africa,2/9/21,1479253,46869,1742,396,334
South Africa,2/10/21,1482412,47145,3159,276,335
South Africa,2/11/21,1484900,47382,2488,237,336
South Africa,2/12/21,1487681,47670,2781,288,337
South Africa,2/13/21,1490063,47821,2382,151,338
South Africa,2/14/21,1491807,47899,1744,78,339
South Africa,2/15/21,1492909,48094,1102,195,340
South Africa,2/16/21,1494119,48313,1210,219,341
South Africa,2/17/21,1496439,48478,2320,165,342
South Africa,2/18/21,1498766,48708,2327,230,343
South Africa,2/19/21,1500677,48859,1911,151,344
South Africa,2/20/21,1502367,48940,1690,81,345
South Africa,2/21/21,1503796,49053,1429,113,346
South Africa,2/22/21,1504588,49150,792,97,347
South Africa,2/23/21,1505586,49413,998,263,348
South Africa,2/24/21,1507448,49523,1862,110,349
South Africa,2/25/21,1509124,49667,1676,144,350
South Africa,2/26/21,1510778,49784,1654,117,351
South Africa,2/27/21,1512225,49941,1447,157,352
South Africa,2/28/21,1513393,49993,1168,52,353
South Africa,3/1/21,1513959,50077,566,84,354
South Africa,3/2/21,1514815,50271,856,194,355
South Africa,3/3/21,1516262,50366,1447,95,356
South Africa,3/4/21,1517666,50462,1404,96,357
South Africa,3/5/21,1518979,50566,1313,104,358
South Africa,3/6/21,1520206,50647,1227,81,359
South Africa,3/7/21,1521068,50678,862,31,360
South Africa,3/8/21,1521706,50803,638,125,361
South Africa,3/9/21,1522697,50906,991,103,362
South Africa,3/10/21,1524174,51015,1477,109,363
South Africa,3/11/21,1525648,51110,1474,95,364
South Africa,3/12/21,1526873,51179,1225,69,365
