country,date,confirmed,deaths,new_confirmed,new_deaths,tagged_day
Sweden,3/3/20,32,0,13,0,1
Sweden,3/4/20,62,0,30,0,2
Sweden,3/5/20,87,0,25,0,3
Sweden,3/6/20,146,0,59,0,4
Sweden,3/7/20,179,0,33,0,5
Sweden,3/8/20,225,0,46,0,6
Sweden,3/9/20,326,0,101,0,7
Sweden,3/10/20,424,1,98,1,8
Sweden,3/11/20,620,1,196,0,9
Sweden,3/12/20,771,2,151,1,10
Sweden,3/13/20,923,3,152,1,11
Sweden,3/14/20,994,5,71,2,12
Sweden,3/15/20,1063,7,69,2,13
Sweden,3/16/20,1146,8,83,1,14
Sweden,3/17/20,1265,14,119,6,15
Sweden,3/18/20,1410,21,145,7,16
Sweden,3/19/20,1553,30,143,9,17
Sweden,3/20/20,1733,38,180,8,18
Sweden,3/21/20,1868,49,135,11,19
Sweden,3/22/20,1986,60,118,11,20
Sweden,3/23/20,2168,81,182,21,21
Sweden,3/24/20,2398,103,230,22,22
Sweden,3/25/20,2712,134,314,31,23
Sweden,3/26/20,2998,166,286,32,24
Sweden,3/27/20,3363,201,365,35,25
Sweden,3/28/20,3663,239,300,38,26
Sweden,3/29/20,3943,284,280,45,27
Sweden,3/30/20,4359,332,416,48,28
Sweden,3/31/20,4834,385,475,53,29
Sweden,4/1/20,5320,455,486,70,30
Sweden,4/2/20,5874,535,554,80,31
Sweden,4/3/20,6475,605,601,70,32
Sweden,4/4/20,6832,373,357,-232,33
Sweden,4/5/20,7172,401,340,28,34
Sweden,4/6/20,7561,477,389,76,35
Sweden,4/7/20,8299,591,738,114,36
Sweden,4/8/20,8954,687,655,96,37
Sweden,4/9/20,9599,793,645,106,38
Sweden,4/10/20,10053,870,454,77,39
Sweden,4/11/20,10448,887,395,17,40
Sweden,4/12/20,10912,899,464,12,41
Sweden,4/13/20,11349,919,437,20,42
Sweden,4/14/20,11828,1033,479,114,43
Sweden,4/15/20,12432,1203,604,170,44
Sweden,4/16/20,13055,1333,623,130,45
Sweden,4/17/20,13743,1400,688,67,46
Sweden,4/18/20,14275,1511,532,111,47
Sweden,4/19/20,14663,1540,388,29,48
Sweden,4/20/20,15124,1580,461,40,49
Sweden,4/21/20,15831,1765,707,185,50
Sweden,4/22/20,16553,1937,722,172,51
Sweden,4/23/20,17311,2021,758,84,52
Sweden,4/24/20,18090,2152,779,131,53
Sweden,4/25/20,18563,2192,473,40,54
Sweden,4/26/20,18863,2194,300,2,55
Sweden,4/27/20,19426,2274,563,80,56
Sweden,4/28/20,20168,2355,742,81,57
Sweden,4/29/20,20966,2462,798,107,58
Sweden,4/30/20,21601,2586,635,124,59
Sweden,5/1/20,22133,2653,532,67,60
Sweden,5/2/20,22432,2669,299,16,61
Sweden,5/3/20,22693,2679,261,10,62
Sweden,5/4/20,23169,2769,476,90,63
Sweden,5/5/20,23826,2854,657,85,64
Sweden,5/6/20,24572,2941,746,87,65
Sweden,5/7/20,25359,3040,787,99,66
Sweden,5/8/20,26059,3175,700,135,67
Sweden,5/9/20,26568,3220,509,45,68
Sweden,5/10/20,26846,3225,278,5,69
Sweden,5/11/20,27301,3256,455,31,70
Sweden,5/12/20,28055,3313,754,57,71
Sweden,5/13/20,28755,3460,700,147,72
Sweden,5/14/20,29415,3529,660,69,73
Sweden,5/15/20,30103,3646,688,117,74
Sweden,5/16/20,30461,3674,358,28,75
Sweden,5/17/20,30720,3679,259,5,76
Sweden,5/18/20,31151,3698,431,19,77
Sweden,5/19/20,31818,3743,667,45,78
Sweden,5/20/20,32626,3831,808,88,79
Sweden,5/21/20,33236,3871,610,40,80
Sweden,5/22/20,33768,3925,532,54,81
Sweden,5/23/20,34171,3992,403,67,82
Sweden,5/24/20,34381,3998,210,6,83
Sweden,5/25/20,34871,4029,490,31,84
Sweden,5/26/20,35617,4125,746,96,85
Sweden,5/27/20,36417,4220,800,95,86
Sweden,5/28/20,37191,4266,774,46,87
Sweden,5/29/20,37964,4350,773,84,88
Sweden,5/30/20,38396,4395,432,45,89
Sweden,5/31/20,38661,4395,265,0,90
Sweden,6/1/20,39309,4403,648,8,91
Sweden,6/2/20,40210,4468,901,65,92
Sweden,6/3/20,41256,4542,1046,74,93
Sweden,6/4/20,42295,4562,1039,20,94
Sweden,6/5/20,43441,4639,1146,77,95
Sweden,6/6/20,44224,4656,783,17,96
Sweden,6/7/20,44686,4659,462,3,97
Sweden,6/8/20,45363,4694,677,35,98
Sweden,6/9/20,46299,4717,936,23,99
Sweden,6/10/20,47736,4795,1437,78,100
Sweden,6/11/20,49030,4814,1294,19,101
Sweden,6/12/20,50367,4854,1337,40,102
Sweden,6/13/20,51409,4874,1042,20,103
Sweden,6/14/20,51827,4874,418,0,104
Sweden,6/15/20,52511,4891,684,17,105
Sweden,6/16/20,53729,4939,1218,48,106
Sweden,6/17/20,55186,5041,1457,102,107
Sweden,6/18/20,56682,5053,1496,12,108
Sweden,6/19/20,57895,5053,1213,0,109
Sweden,6/20/20,58597,5053,702,0,110
Sweden,6/21/20,58918,5053,321,0,111
Sweden,6/22/20,59718,5053,800,0,112
Sweden,6/23/20,61030,5161,1312,108,113
Sweden,6/24/20,62728,5209,1698,48,114
Sweden,6/25/20,64009,5230,1281,21,115
Sweden,6/26/20,65212,5280,1203,50,116
Sweden,6/27/20,65972,5280,760,0,117
Sweden,6/28/20,66392,5280,420,0,118
Sweden,6/29/20,67119,5280,727,0,119
Sweden,6/30/20,67924,5333,805,53,120
Sweden,7/1/20,68608,5370,684,37,121
Sweden,7/2/20,69297,5411,689,41,122
Sweden,7/3/20,69996,5420,699,9,123
Sweden,7/4/20,70366,5420,370,0,124
Sweden,7/5/20,70681,5420,315,0,125
Sweden,7/6/20,70932,5420,251,0,126
Sweden,7/7/20,71210,5447,278,27,127
Sweden,7/8/20,71747,5482,537,35,128
Sweden,7/9/20,72082,5500,335,18,129
Sweden,7/10/20,72459,5526,377,26,130
Sweden,7/11/20,72773,5526,314,0,131
Sweden,7/12/20,72879,5526,106,0,132
Sweden,7/13/20,73049,5526,170,0,133
Sweden,7/14/20,73364,5545,315,19,134
Sweden,7/15/20,73663,5572,299,27,135
Sweden,7/16/20,73936,5593,273,21,136
Sweden,7/17/20,74235,5619,299,26,137
Sweden,7/18/20,74435,5619,200,0,138
Sweden,7/19/20,74545,5619,110,0,139
Sweden,7/20/20,74676,5619,131,0,140
Sweden,7/21/20,74902,5646,226,27,141
Sweden,7/22/20,75199,5667,297,21,142
Sweden,7/23/20,75419,5676,220,9,143
Sweden,7/24/20,75681,5697,262,21,144
Sweden,7/25/20,75819,5697,138,0,145
Sweden,7/26/20,75861,5697,42,0,146
Sweden,7/27/20,75932,5697,71,0,147
Sweden,7/28/20,76215,5702,283,5,148
Sweden,7/29/20,76516,5730,301,28,149
Sweden,7/30/20,76818,5739,302,9,150
Sweden,7/31/20,77076,5743,258,4,151
Sweden,8/1/20,77379,5743,303,0,152
Sweden,8/2/20,77417,5743,38,0,153
Sweden,8/3/20,77582,5743,165,0,154
Sweden,8/4/20,77916,5747,334,4,155
Sweden,8/5/20,78341,5760,425,13,156
Sweden,8/6/20,78719,5766,378,6,157
Sweden,8/7/20,79099,5763,380,-3,158
Sweden,8/8/20,79359,5763,260,0,159
Sweden,8/9/20,79432,5763,73,0,160
Sweden,8/10/20,79628,5763,196,0,161
Sweden,8/11/20,80045,5770,417,7,162
Sweden,8/12/20,80489,5774,444,4,163
Sweden,8/13/20,80851,5776,362,2,164
Sweden,8/14/20,81195,5783,344,7,165
Sweden,8/15/20,81421,5783,226,0,166
Sweden,8/16/20,81484,5783,63,0,167
Sweden,8/17/20,81658,5783,174,0,168
Sweden,8/18/20,81972,5790,314,7,169
Sweden,8/19/20,82323,5802,351,12,170
Sweden,8/20/20,82656,5805,333,3,171
Sweden,8/21/20,82954,5810,298,5,172
Sweden,8/22/20,83114,5810,160,0,173
Sweden,8/23/20,83171,5810,57,0,174
Sweden,8/24/20,83353,5810,182,0,175
Sweden,8/25/20,83578,5814,225,4,176
Sweden,8/26/20,83824,5817,246,3,177
Sweden,8/27/20,83958,5820,134,3,178
Sweden,8/28/20,83958,5821,0,1,179
Sweden,8/29/20,83958,5821,0,0,180
Sweden,8/30/20,83958,5821,0,0,181
Sweden,8/31/20,84379,5821,421,0,182
Sweden,9/1/20,84521,5813,142,-8,183
Sweden,9/2/20,84532,5820,11,7,184
Sweden,9/3/20,84729,5832,197,12,185
Sweden,9/4/20,84985,5835,256,3,186
Sweden,9/5/20,84985,5835,0,0,187
Sweden,9/6/20,84985,5835,0,0,188
Sweden,9/7/20,85558,5835,573,0,189
Sweden,9/8/20,85707,5838,149,3,190
Sweden,9/9/20,85880,5842,173,4,191
Sweden,9/10/20,86194,5843,314,1,192
Sweden,9/11/20,86505,5846,311,3,193
Sweden,9/12/20,86505,5846,0,0,194
Sweden,9/13/20,86505,5846,0,0,195
Sweden,9/14/20,86505,5846,0,0,196
Sweden,9/15/20,87345,5846,840,0,197
Sweden,9/16/20,87575,5860,230,14,198
Sweden,9/17/20,87885,5864,310,4,199
Sweden,9/18/20,88237,5865,352,1,200
Sweden,9/19/20,88237,5865,0,0,201
Sweden,9/20/20,88237,5865,0,0,202
Sweden,9/21/20,88237,5865,0,0,203
Sweden,9/22/20,89436,5865,1199,0,204
Sweden,9/23/20,89756,5876,320,11,205
Sweden,9/24/20,90289,5878,533,2,206
Sweden,9/25/20,90923,5880,634,2,207
Sweden,9/26/20,90923,5880,0,0,208
Sweden,9/27/20,90923,5880,0,0,209
Sweden,9/28/20,90923,5880,0,0,210
Sweden,9/29/20,92466,5880,1543,0,211
Sweden,9/30/20,92863,5893,397,13,212
Sweden,10/1/20,93615,5893,752,0,213
Sweden,10/2/20,94283,5895,668,2,214
Sweden,10/3/20,94283,5895,0,0,215
Sweden,10/4/20,94283,5895,0,0,216
Sweden,10/5/20,94283,5895,0,0,217
Sweden,10/6/20,96145,5895,1862,0,218
Sweden,10/7/20,96677,5892,532,-3,219
Sweden,10/8/20,97532,5892,855,0,220
Sweden,10/9/20,98451,5894,919,2,221
Sweden,10/10/20,98451,5894,0,0,222
Sweden,10/11/20,98451,5894,0,0,223
Sweden,10/12/20,98451,5894,0,0,224
Sweden,10/13/20,100654,5894,2203,0,225
Sweden,10/14/20,101332,5907,678,13,226
Sweden,10/15/20,102407,5910,1075,3,227
Sweden,10/16/20,103200,5918,793,8,228
Sweden,10/17/20,103200,5918,0,0,229
Sweden,10/18/20,103200,5918,0,0,230
Sweden,10/19/20,103200,5918,0,0,231
Sweden,10/20/20,106380,5918,3180,0,232
Sweden,10/21/20,107355,5929,975,11,233
Sweden,10/22/20,108969,5930,1614,1,234
Sweden,10/23/20,110594,5933,1625,3,235
Sweden,10/24/20,110594,5933,0,0,236
Sweden,10/25/20,110594,5933,0,0,237
Sweden,10/26/20,110594,5933,0,0,238
Sweden,10/27/20,115785,5933,5191,0,239
Sweden,10/28/20,117913,5927,2128,-6,240
Sweden,10/29/20,121167,5934,3254,7,241
Sweden,10/30/20,124355,5938,3188,4,242
Sweden,10/31/20,124355,5938,0,0,243
Sweden,11/1/20,124355,5938,0,0,244
Sweden,11/2/20,124355,5938,0,0,245
Sweden,11/3/20,134532,5938,10177,0,246
Sweden,11/4/20,137730,5997,3198,59,247
Sweden,11/5/20,141764,6002,4034,5,248
Sweden,11/6/20,146461,6022,4697,20,249
Sweden,11/7/20,146461,6022,0,0,250
Sweden,11/8/20,146461,6022,0,0,251
Sweden,11/9/20,146461,6022,0,0,252
Sweden,11/10/20,162240,6022,15779,0,253
Sweden,11/11/20,166707,6082,4467,60,254
Sweden,11/12/20,171365,6122,4658,40,255
Sweden,11/13/20,177355,6164,5990,42,256
Sweden,11/14/20,177355,6164,0,0,257
Sweden,11/15/20,177355,6164,0,0,258
Sweden,11/16/20,177355,6164,0,0,259
Sweden,11/17/20,192439,6164,15084,0,260
Sweden,11/18/20,196446,6321,4007,157,261
Sweden,11/19/20,201055,6340,4609,19,262
Sweden,11/20/20,208295,6406,7240,66,263
Sweden,11/21/20,208295,6406,0,0,264
Sweden,11/22/20,208295,6406,0,0,265
Sweden,11/23/20,208295,6406,0,0,266
Sweden,11/24/20,225560,6406,17265,0,267
Sweden,11/25/20,230514,6555,4954,149,268
Sweden,11/26/20,236355,6622,5841,67,269
Sweden,11/27/20,243129,6681,6774,59,270
Sweden,11/28/20,243129,6681,0,0,271
Sweden,11/29/20,243129,6681,0,0,272
Sweden,11/30/20,243129,6681,0,0,273
Sweden,12/1/20,260758,6681,17629,0,274
Sweden,12/2/20,266158,6972,5400,291,275
Sweden,12/3/20,272643,7007,6485,35,276
Sweden,12/4/20,278912,7067,6269,60,277
Sweden,12/5/20,278912,7067,0,0,278
Sweden,12/6/20,278912,7067,0,0,279
Sweden,12/7/20,278912,7067,0,0,280
Sweden,12/8/20,297732,7067,18820,0,281
Sweden,12/9/20,304793,7296,7061,229,282
Sweden,12/10/20,312728,7354,7935,58,283
Sweden,12/11/20,320098,7514,7370,160,284
Sweden,12/12/20,320098,7514,0,0,285
Sweden,12/13/20,320098,7514,0,0,286
Sweden,12/14/20,320098,7514,0,0,287
Sweden,12/15/20,341029,7514,20931,0,288
Sweden,12/16/20,348585,7802,7556,288,289
Sweden,12/17/20,357466,7893,8881,91,290
Sweden,12/18/20,367120,7993,9654,100,291
Sweden,12/19/20,367120,7993,0,0,292
Sweden,12/20/20,367120,7993,0,0,293
Sweden,12/21/20,367120,7993,0,0,294
Sweden,12/22/20,389439,7993,22319,0,295
Sweden,12/23/20,396048,8279,6609,286,296
Sweden,12/24/20,396048,8279,0,0,297
Sweden,12/25/20,396048,8279,0,0,298
Sweden,12/26/20,396048,8279,0,0,299
Sweden,12/27/20,396048,8279,0,0,300
Sweden,12/28/20,396048,8279,0,0,301
Sweden,12/29/20,428533,8279,32485,0,302
Sweden,12/30/20,437379,8727,8846,448,303
Sweden,12/31/20,437379,8727,0,0,304
Sweden,1/1/21,437379,8727,0,0,305
Sweden,1/2/21,437379,8727,0,0,306
Sweden,1/3/21,437379,8727,0,0,307
Sweden,1/4/21,437379,8727,0,0,308
Sweden,1/5/21,469748,8965,32369,238,309
Sweden,1/6/21,469748,8965,0,0,310
Sweden,1/7/21,482284,9262,12536,297,311
Sweden,1/8/21,489471,9433,7187,171,312
Sweden,1/9/21,489471,9433,0,0,313
Sweden,1/10/21,489471,9433,0,0,314
Sweden,1/11/21,489471,9433,0,0,315
Sweden,1/12/21,506866,9433,17395,0,316
Sweden,1/13/21,512203,9834,5337,401,317
Sweden,1/14/21,518783,10185,6580,351,318
Sweden,1/15/21,523486,10323,4703,138,319
Sweden,1/16/21,523486,10323,0,0,320
Sweden,1/17/21,523486,10323,0,0,321
Sweden,1/18/21,523486,10323,0,0,322
Sweden,1/19/21,533265,10323,9779,0,323
Sweden,1/20/21,537967,10797,4702,474,324
Sweden,1/21/21,542952,10921,4985,124,325
Sweden,1/22/21,547166,11005,4214,84,326
Sweden,1/23/21,547166,11005,0,0,327
Sweden,1/24/21,547166,11005,0,0,328
Sweden,1/25/21,547166,11005,0,0,329
Sweden,1/26/21,556289,11247,9123,242,330
Sweden,1/27/21,560472,11425,4183,178,331
Sweden,1/28/21,564557,11520,4085,95,332
Sweden,1/29/21,566957,11591,2400,71,333
Sweden,1/30/21,566957,11591,0,0,334
Sweden,1/31/21,566957,11591,0,0,335
Sweden,2/1/21,566957,11591,0,0,336
Sweden,2/2/21,576606,11815,9649,224,337
Sweden,2/3/21,580916,11939,4310,124,338
Sweden,2/4/21,584674,12028,3758,89,339
Sweden,2/5/21,588062,12115,3388,87,340
Sweden,2/6/21,588062,12115,0,0,341
Sweden,2/7/21,588062,12115,0,0,342
Sweden,2/8/21,588062,12115,0,0,343
Sweden,2/9/21,596174,12188,8112,73,344
Sweden,2/10/21,600244,12326,4070,138,345
Sweden,2/11/21,604577,12370,4333,44,346
Sweden,2/12/21,608411,12428,3834,58,347
Sweden,2/13/21,608411,12428,0,0,348
Sweden,2/14/21,608411,12428,0,0,349
Sweden,2/15/21,608411,12428,0,0,350
Sweden,2/16/21,617869,12487,9458,59,351
Sweden,2/17/21,622102,12569,4233,82,352
Sweden,2/18/21,627022,12598,4920,29,353
Sweden,2/19/21,631166,12649,4144,51,354
Sweden,2/20/21,631166,12649,0,0,355
Sweden,2/21/21,631166,12649,0,0,356
Sweden,2/22/21,631166,12649,0,0,357
Sweden,2/23/21,642099,12713,10933,64,358
Sweden,2/24/21,647470,12793,5371,80,359
Sweden,2/25/21,652465,12798,4995,5,360
Sweden,2/26/21,657309,12826,4844,28,361
Sweden,2/27/21,657309,12826,0,0,362
Sweden,2/28/21,657309,12826,0,0,363
Sweden,3/1/21,657309,12826,0,0,364
Sweden,3/2/21,669113,12882,11804,56,365
Sweden,3/3/21,675292,12964,6179,82,366
Sweden,3/4/21,680130,12977,4838,13,367
Sweden,3/5/21,684961,13003,4831,26,368
Sweden,3/6/21,684961,13003,0,0,369
Sweden,3/7/21,684961,13003,0,0,370
Sweden,3/8/21,684961,13003,0,0,371
Sweden,3/9/21,695975,13042,11014,39,372
Sweden,3/10/21,701892,13088,5917,46,373
Sweden,3/11/21,707192,13111,5300,23,374
Sweden,3/12/21,712527,13146,5335,35,375
