country,date,confirmed,deaths,new_confirmed,new_deaths,tagged_day
United Arab Emirates,2/29/20,21,0,2,0,1
United Arab Emirates,3/1/20,21,0,0,0,2
United Arab Emirates,3/2/20,21,0,0,0,3
United Arab Emirates,3/3/20,27,0,6,0,4
United Arab Emirates,3/4/20,27,0,0,0,5
United Arab Emirates,3/5/20,29,0,2,0,6
United Arab Emirates,3/6/20,29,0,0,0,7
United Arab Emirates,3/7/20,45,0,16,0,8
United Arab Emirates,3/8/20,45,0,0,0,9
United Arab Emirates,3/9/20,45,0,0,0,10
United Arab Emirates,3/10/20,74,0,29,0,11
United Arab Emirates,3/11/20,74,0,0,0,12
United Arab Emirates,3/12/20,85,0,11,0,13
United Arab Emirates,3/13/20,85,0,0,0,14
United Arab Emirates,3/14/20,85,0,0,0,15
United Arab Emirates,3/15/20,98,0,13,0,16
United Arab Emirates,3/16/20,98,0,0,0,17
United Arab Emirates,3/17/20,98,0,0,0,18
United Arab Emirates,3/18/20,113,0,15,0,19
United Arab Emirates,3/19/20,140,0,27,0,20
United Arab Emirates,3/20/20,140,2,0,2,21
United Arab Emirates,3/21/20,153,2,13,0,22
United Arab Emirates,3/22/20,153,2,0,0,23
United Arab Emirates,3/23/20,198,2,45,0,24
United Arab Emirates,3/24/20,248,2,50,0,25
United Arab Emirates,3/25/20,333,2,85,0,26
United Arab Emirates,3/26/20,333,2,0,0,27
United Arab Emirates,3/27/20,405,2,72,0,28
United Arab Emirates,3/28/20,468,2,63,0,29
United Arab Emirates,3/29/20,570,3,102,1,30
United Arab Emirates,3/30/20,611,5,41,2,31
United Arab Emirates,3/31/20,664,6,53,1,32
United Arab Emirates,4/1/20,814,8,150,2,33
United Arab Emirates,4/2/20,1024,8,210,0,34
United Arab Emirates,4/3/20,1264,9,240,1,35
United Arab Emirates,4/4/20,1505,10,241,1,36
United Arab Emirates,4/5/20,1799,10,294,0,37
United Arab Emirates,4/6/20,2076,11,277,1,38
United Arab Emirates,4/7/20,2359,12,283,1,39
United Arab Emirates,4/8/20,2659,12,300,0,40
United Arab Emirates,4/9/20,2990,14,331,2,41
United Arab Emirates,4/10/20,3360,16,370,2,42
United Arab Emirates,4/11/20,3736,20,376,4,43
United Arab Emirates,4/12/20,4123,22,387,2,44
United Arab Emirates,4/13/20,4521,25,398,3,45
United Arab Emirates,4/14/20,4933,28,412,3,46
United Arab Emirates,4/15/20,5365,33,432,5,47
United Arab Emirates,4/16/20,5825,35,460,2,48
United Arab Emirates,4/17/20,6302,37,477,2,49
United Arab Emirates,4/18/20,6302,37,0,0,50
United Arab Emirates,4/19/20,6781,41,479,4,51
United Arab Emirates,4/20/20,7265,43,484,2,52
United Arab Emirates,4/21/20,7755,46,490,3,53
United Arab Emirates,4/22/20,8238,52,483,6,54
United Arab Emirates,4/23/20,8756,56,518,4,55
United Arab Emirates,4/24/20,9281,64,525,8,56
United Arab Emirates,4/25/20,9813,71,532,7,57
United Arab Emirates,4/26/20,10349,76,536,5,58
United Arab Emirates,4/27/20,10839,82,490,6,59
United Arab Emirates,4/28/20,11380,89,541,7,60
United Arab Emirates,4/29/20,11929,98,549,9,61
United Arab Emirates,4/30/20,12481,105,552,7,62
United Arab Emirates,5/1/20,13038,111,557,6,63
United Arab Emirates,5/2/20,13599,119,561,8,64
United Arab Emirates,5/3/20,14163,126,564,7,65
United Arab Emirates,5/4/20,14730,137,567,11,66
United Arab Emirates,5/5/20,15192,146,462,9,67
United Arab Emirates,5/6/20,15738,157,546,11,68
United Arab Emirates,5/7/20,16240,165,502,8,69
United Arab Emirates,5/8/20,16793,174,553,9,70
United Arab Emirates,5/9/20,17417,185,624,11,71
United Arab Emirates,5/10/20,18198,198,781,13,72
United Arab Emirates,5/11/20,18878,201,680,3,73
United Arab Emirates,5/12/20,19661,203,783,2,74
United Arab Emirates,5/13/20,20386,206,725,3,75
United Arab Emirates,5/14/20,21084,208,698,2,76
United Arab Emirates,5/15/20,21831,210,747,2,77
United Arab Emirates,5/16/20,22627,214,796,4,78
United Arab Emirates,5/17/20,23358,220,731,6,79
United Arab Emirates,5/18/20,24190,224,832,4,80
United Arab Emirates,5/19/20,25063,227,873,3,81
United Arab Emirates,5/20/20,26004,233,941,6,82
United Arab Emirates,5/21/20,26898,237,894,4,83
United Arab Emirates,5/22/20,27892,241,994,4,84
United Arab Emirates,5/23/20,28704,244,812,3,85
United Arab Emirates,5/24/20,29485,245,781,1,86
United Arab Emirates,5/25/20,30307,248,822,3,87
United Arab Emirates,5/26/20,31086,253,779,5,88
United Arab Emirates,5/27/20,31969,255,883,2,89
United Arab Emirates,5/28/20,32532,258,563,3,90
United Arab Emirates,5/29/20,33170,260,638,2,91
United Arab Emirates,5/30/20,33896,262,726,2,92
United Arab Emirates,5/31/20,34557,264,661,2,93
United Arab Emirates,6/1/20,35192,266,635,2,94
United Arab Emirates,6/2/20,35788,269,596,3,95
United Arab Emirates,6/3/20,36359,270,571,1,96
United Arab Emirates,6/4/20,37018,273,659,3,97
United Arab Emirates,6/5/20,37642,274,624,1,98
United Arab Emirates,6/6/20,38268,275,626,1,99
United Arab Emirates,6/7/20,38808,276,540,1,100
United Arab Emirates,6/8/20,39376,281,568,5,101
United Arab Emirates,6/9/20,39904,283,528,2,102
United Arab Emirates,6/10/20,40507,284,603,1,103
United Arab Emirates,6/11/20,40986,286,479,2,104
United Arab Emirates,6/12/20,41499,287,513,1,105
United Arab Emirates,6/13/20,41990,288,491,1,106
United Arab Emirates,6/14/20,42294,289,304,1,107
United Arab Emirates,6/15/20,42636,291,342,2,108
United Arab Emirates,6/16/20,42982,293,346,2,109
United Arab Emirates,6/17/20,43364,295,382,2,110
United Arab Emirates,6/18/20,43752,298,388,3,111
United Arab Emirates,6/19/20,44145,300,393,2,112
United Arab Emirates,6/20/20,44533,301,388,1,113
United Arab Emirates,6/21/20,44925,302,392,1,114
United Arab Emirates,6/22/20,45303,303,378,1,115
United Arab Emirates,6/23/20,45683,305,380,2,116
United Arab Emirates,6/24/20,46133,307,450,2,117
United Arab Emirates,6/25/20,46563,308,430,1,118
United Arab Emirates,6/26/20,46973,310,410,2,119
United Arab Emirates,6/27/20,47360,311,387,1,120
United Arab Emirates,6/28/20,47797,313,437,2,121
United Arab Emirates,6/29/20,48246,314,449,1,122
United Arab Emirates,6/30/20,48667,315,421,1,123
United Arab Emirates,7/1/20,49069,316,402,1,124
United Arab Emirates,7/2/20,49469,317,400,1,125
United Arab Emirates,7/3/20,50141,318,672,1,126
United Arab Emirates,7/4/20,50857,321,716,3,127
United Arab Emirates,7/5/20,51540,323,683,2,128
United Arab Emirates,7/6/20,52068,324,528,1,129
United Arab Emirates,7/7/20,52600,326,532,2,130
United Arab Emirates,7/8/20,53045,327,445,1,131
United Arab Emirates,7/9/20,53577,328,532,1,132
United Arab Emirates,7/10/20,54050,330,473,2,133
United Arab Emirates,7/11/20,54453,331,403,1,134
United Arab Emirates,7/12/20,54854,333,401,2,135
United Arab Emirates,7/13/20,55198,334,344,1,136
United Arab Emirates,7/14/20,55573,335,375,1,137
United Arab Emirates,7/15/20,55848,335,275,0,138
United Arab Emirates,7/16/20,56129,335,281,0,139
United Arab Emirates,7/17/20,56422,337,293,2,140
United Arab Emirates,7/18/20,56711,338,289,1,141
United Arab Emirates,7/19/20,56922,339,211,1,142
United Arab Emirates,7/20/20,57193,340,271,1,143
United Arab Emirates,7/21/20,57498,341,305,1,144
United Arab Emirates,7/22/20,57734,342,236,1,145
United Arab Emirates,7/23/20,57988,342,254,0,146
United Arab Emirates,7/24/20,58249,343,261,1,147
United Arab Emirates,7/25/20,58562,343,313,0,148
United Arab Emirates,7/26/20,58913,344,351,1,149
United Arab Emirates,7/27/20,59177,345,264,1,150
United Arab Emirates,7/28/20,59546,347,369,2,151
United Arab Emirates,7/29/20,59921,347,375,0,152
United Arab Emirates,7/30/20,60223,349,302,2,153
United Arab Emirates,7/31/20,60506,351,283,2,154
United Arab Emirates,8/1/20,60760,351,254,0,155
United Arab Emirates,8/2/20,60999,351,239,0,156
United Arab Emirates,8/3/20,61163,351,164,0,157
United Arab Emirates,8/4/20,61352,351,189,0,158
United Arab Emirates,8/5/20,61606,353,254,2,159
United Arab Emirates,8/6/20,61845,354,239,1,160
United Arab Emirates,8/7/20,62061,356,216,2,161
United Arab Emirates,8/8/20,62300,356,239,0,162
United Arab Emirates,8/9/20,62525,357,225,1,163
United Arab Emirates,8/10/20,62704,357,179,0,164
United Arab Emirates,8/11/20,62966,358,262,1,165
United Arab Emirates,8/12/20,63212,358,246,0,166
United Arab Emirates,8/13/20,63489,358,277,0,167
United Arab Emirates,8/14/20,63819,359,330,1,168
United Arab Emirates,8/15/20,64102,361,283,2,169
United Arab Emirates,8/16/20,64312,364,210,3,170
United Arab Emirates,8/17/20,64541,364,229,0,171
United Arab Emirates,8/18/20,64906,366,365,2,172
United Arab Emirates,8/19/20,65341,367,435,1,173
United Arab Emirates,8/20/20,65802,369,461,2,174
United Arab Emirates,8/21/20,66193,370,391,1,175
United Arab Emirates,8/22/20,66617,372,424,2,176
United Arab Emirates,8/23/20,67007,375,390,3,177
United Arab Emirates,8/24/20,67282,376,275,1,178
United Arab Emirates,8/25/20,67621,377,339,1,179
United Arab Emirates,8/26/20,68020,378,399,1,180
United Arab Emirates,8/27/20,68511,378,491,0,181
United Arab Emirates,8/28/20,68901,379,390,1,182
United Arab Emirates,8/29/20,69328,379,427,0,183
United Arab Emirates,8/30/20,69690,382,362,3,184
United Arab Emirates,8/31/20,70231,384,541,2,185
United Arab Emirates,9/1/20,70805,384,574,0,186
United Arab Emirates,9/2/20,71540,387,735,3,187
United Arab Emirates,9/3/20,72154,387,614,0,188
United Arab Emirates,9/4/20,72766,387,612,0,189
United Arab Emirates,9/5/20,73471,388,705,1,190
United Arab Emirates,9/6/20,73984,388,513,0,191
United Arab Emirates,9/7/20,74454,390,470,2,192
United Arab Emirates,9/8/20,75098,391,644,1,193
United Arab Emirates,9/9/20,75981,393,883,2,194
United Arab Emirates,9/10/20,76911,398,930,5,195
United Arab Emirates,9/11/20,77842,398,931,0,196
United Arab Emirates,9/12/20,78849,399,1007,1,197
United Arab Emirates,9/13/20,79489,399,640,0,198
United Arab Emirates,9/14/20,80266,399,777,0,199
United Arab Emirates,9/15/20,80940,401,674,2,200
United Arab Emirates,9/16/20,81782,402,842,1,201
United Arab Emirates,9/17/20,82568,402,786,0,202
United Arab Emirates,9/18/20,83433,403,865,1,203
United Arab Emirates,9/19/20,84242,404,809,1,204
United Arab Emirates,9/20/20,84916,404,674,0,205
United Arab Emirates,9/21/20,85595,405,679,1,206
United Arab Emirates,9/22/20,86447,405,852,0,207
United Arab Emirates,9/23/20,87530,406,1083,1,208
United Arab Emirates,9/24/20,88532,407,1002,1,209
United Arab Emirates,9/25/20,89540,409,1008,2,210
United Arab Emirates,9/26/20,90618,411,1078,2,211
United Arab Emirates,9/27/20,91469,412,851,1,212
United Arab Emirates,9/28/20,92095,413,626,1,213
United Arab Emirates,9/29/20,93090,416,995,3,214
United Arab Emirates,9/30/20,94190,419,1100,3,215
United Arab Emirates,10/1/20,95348,421,1158,2,216
United Arab Emirates,10/2/20,96529,424,1181,3,217
United Arab Emirates,10/3/20,97760,426,1231,2,218
United Arab Emirates,10/4/20,98801,426,1041,0,219
United Arab Emirates,10/5/20,99733,429,932,3,220
United Arab Emirates,10/6/20,100794,435,1061,6,221
United Arab Emirates,10/7/20,101840,436,1046,1,222
United Arab Emirates,10/8/20,102929,438,1089,2,223
United Arab Emirates,10/9/20,104004,442,1075,4,224
United Arab Emirates,10/10/20,105133,443,1129,1,225
United Arab Emirates,10/11/20,106229,445,1096,2,226
United Arab Emirates,10/12/20,107293,446,1064,1,227
United Arab Emirates,10/13/20,108608,448,1315,2,228
United Arab Emirates,10/14/20,110039,450,1431,2,229
United Arab Emirates,10/15/20,111437,452,1398,2,230
United Arab Emirates,10/16/20,112849,455,1412,3,231
United Arab Emirates,10/17/20,114387,459,1538,4,232
United Arab Emirates,10/18/20,115602,463,1215,4,233
United Arab Emirates,10/19/20,116517,466,915,3,234
United Arab Emirates,10/20/20,117594,470,1077,4,235
United Arab Emirates,10/21/20,119132,472,1538,2,236
United Arab Emirates,10/22/20,120710,474,1578,2,237
United Arab Emirates,10/23/20,122273,475,1563,1,238
United Arab Emirates,10/24/20,123764,475,1491,0,239
United Arab Emirates,10/25/20,125123,477,1359,2,240
United Arab Emirates,10/26/20,126234,480,1111,3,241
United Arab Emirates,10/27/20,127624,482,1390,2,242
United Arab Emirates,10/28/20,129024,485,1400,3,243
United Arab Emirates,10/29/20,130336,488,1312,3,244
United Arab Emirates,10/30/20,131508,490,1172,2,245
United Arab Emirates,10/31/20,132629,495,1121,5,246
United Arab Emirates,11/1/20,133907,496,1278,1,247
United Arab Emirates,11/2/20,135141,497,1234,1,248
United Arab Emirates,11/3/20,136149,503,1008,6,249
United Arab Emirates,11/4/20,137310,505,1161,2,250
United Arab Emirates,11/5/20,138599,508,1289,3,251
United Arab Emirates,11/6/20,139891,510,1292,2,252
United Arab Emirates,11/7/20,141032,514,1141,4,253
United Arab Emirates,11/8/20,142143,514,1111,0,254
United Arab Emirates,11/9/20,143289,515,1146,1,255
United Arab Emirates,11/10/20,144385,518,1096,3,256
United Arab Emirates,11/11/20,145599,520,1214,2,257
United Arab Emirates,11/12/20,146735,523,1136,3,258
United Arab Emirates,11/13/20,147961,528,1226,5,259
United Arab Emirates,11/14/20,149135,528,1174,0,260
United Arab Emirates,11/15/20,150345,530,1210,2,261
United Arab Emirates,11/16/20,151554,534,1209,4,262
United Arab Emirates,11/17/20,152809,538,1255,4,263
United Arab Emirates,11/18/20,154101,542,1292,4,264
United Arab Emirates,11/19/20,155254,544,1153,2,265
United Arab Emirates,11/20/20,156523,547,1269,3,266
United Arab Emirates,11/21/20,157785,548,1262,1,267
United Arab Emirates,11/22/20,158990,552,1205,4,268
United Arab Emirates,11/23/20,160055,554,1065,2,269
United Arab Emirates,11/24/20,161365,559,1310,5,270
United Arab Emirates,11/25/20,162662,563,1297,4,271
United Arab Emirates,11/26/20,163967,564,1305,1,272
United Arab Emirates,11/27/20,165250,567,1283,3,273
United Arab Emirates,11/28/20,166502,569,1252,2,274
United Arab Emirates,11/29/20,167753,570,1251,1,275
United Arab Emirates,11/30/20,168860,572,1107,2,276
United Arab Emirates,12/1/20,170149,576,1289,4,277
United Arab Emirates,12/2/20,171434,580,1285,4,278
United Arab Emirates,12/3/20,172751,585,1317,5,279
United Arab Emirates,12/4/20,174062,586,1311,1,280
United Arab Emirates,12/5/20,175276,589,1214,3,281
United Arab Emirates,12/6/20,176429,592,1153,3,282
United Arab Emirates,12/7/20,177577,594,1148,2,283
United Arab Emirates,12/8/20,178837,596,1260,2,284
United Arab Emirates,12/9/20,180150,598,1313,2,285
United Arab Emirates,12/10/20,181405,602,1255,4,286
United Arab Emirates,12/11/20,182601,607,1196,5,287
United Arab Emirates,12/12/20,183755,609,1154,2,288
United Arab Emirates,12/13/20,184949,617,1194,8,289
United Arab Emirates,12/14/20,186041,618,1092,1,290
United Arab Emirates,12/15/20,187267,622,1226,4,291
United Arab Emirates,12/16/20,188545,626,1278,4,292
United Arab Emirates,12/17/20,189866,629,1321,3,293
United Arab Emirates,12/18/20,191150,630,1284,1,294
United Arab Emirates,12/19/20,192404,634,1254,4,295
United Arab Emirates,12/20/20,193575,637,1171,3,296
United Arab Emirates,12/21/20,194652,639,1077,2,297
United Arab Emirates,12/22/20,195878,642,1226,3,298
United Arab Emirates,12/23/20,197124,645,1246,3,299
United Arab Emirates,12/24/20,198435,647,1311,2,300
United Arab Emirates,12/25/20,199665,653,1230,6,301
United Arab Emirates,12/26/20,200892,655,1227,2,302
United Arab Emirates,12/27/20,201836,657,944,2,303
United Arab Emirates,12/28/20,202863,660,1027,3,304
United Arab Emirates,12/29/20,204369,662,1506,2,305
United Arab Emirates,12/30/20,206092,665,1723,3,306
United Arab Emirates,12/31/20,207822,669,1730,4,307
United Arab Emirates,1/1/21,209678,671,1856,2,308
United Arab Emirates,1/2/21,211641,674,1963,3,309
United Arab Emirates,1/3/21,213231,679,1590,5,310
United Arab Emirates,1/4/21,214732,682,1501,3,311
United Arab Emirates,1/5/21,216699,685,1967,3,312
United Arab Emirates,1/6/21,218766,689,2067,4,313
United Arab Emirates,1/7/21,221754,694,2988,5,314
United Arab Emirates,1/8/21,224704,697,2950,3,315
United Arab Emirates,1/9/21,227702,702,2998,5,316
United Arab Emirates,1/10/21,230578,708,2876,6,317
United Arab Emirates,1/11/21,232982,711,2404,3,318
United Arab Emirates,1/12/21,236225,717,3243,6,319
United Arab Emirates,1/13/21,239587,723,3362,6,320
United Arab Emirates,1/14/21,242969,726,3382,3,321
United Arab Emirates,1/15/21,246376,733,3407,7,322
United Arab Emirates,1/16/21,249808,740,3432,7,323
United Arab Emirates,1/17/21,253261,745,3453,5,324
United Arab Emirates,1/18/21,256732,751,3471,6,325
United Arab Emirates,1/19/21,260223,756,3491,5,326
United Arab Emirates,1/20/21,263729,762,3506,6,327
United Arab Emirates,1/21/21,267258,766,3529,4,328
United Arab Emirates,1/22/21,270810,776,3552,10,329
United Arab Emirates,1/23/21,274376,783,3566,7,330
United Arab Emirates,1/24/21,277955,792,3579,9,331
United Arab Emirates,1/25/21,281546,798,3591,6,332
United Arab Emirates,1/26/21,285147,805,3601,7,333
United Arab Emirates,1/27/21,289086,811,3939,6,334
United Arab Emirates,1/28/21,293052,819,3966,8,335
United Arab Emirates,1/29/21,297014,826,3962,7,336
United Arab Emirates,1/30/21,300661,838,3647,12,337
United Arab Emirates,1/31/21,303609,850,2948,12,338
United Arab Emirates,2/1/21,306339,859,2730,9,339
United Arab Emirates,2/2/21,309649,866,3310,7,340
United Arab Emirates,2/3/21,313626,878,3977,12,341
United Arab Emirates,2/4/21,316875,888,3249,10,342
United Arab Emirates,2/5/21,320126,902,3251,14,343
United Arab Emirates,2/6/21,323402,914,3276,12,344
United Arab Emirates,2/7/21,326495,921,3093,7,345
United Arab Emirates,2/8/21,329293,930,2798,9,346
United Arab Emirates,2/9/21,332603,947,3310,17,347
United Arab Emirates,2/10/21,336142,956,3539,9,348
United Arab Emirates,2/11/21,339667,974,3525,18,349
United Arab Emirates,2/12/21,342974,986,3307,12,350
United Arab Emirates,2/13/21,345605,1001,2631,15,351
United Arab Emirates,2/14/21,348772,1014,3167,13,352
United Arab Emirates,2/15/21,351895,1027,3123,13,353
United Arab Emirates,2/16/21,355131,1041,3236,14,354
United Arab Emirates,2/17/21,358583,1055,3452,14,355
United Arab Emirates,2/18/21,361877,1073,3294,18,356
United Arab Emirates,2/19/21,365017,1093,3140,20,357
United Arab Emirates,2/20/21,368175,1108,3158,15,358
United Arab Emirates,2/21/21,370425,1125,2250,17,359
United Arab Emirates,2/22/21,372530,1140,2105,15,360
United Arab Emirates,2/23/21,375535,1145,3005,5,361
United Arab Emirates,2/24/21,378637,1164,3102,19,362
United Arab Emirates,2/25/21,381662,1182,3025,18,363
United Arab Emirates,2/26/21,385160,1198,3498,16,364
United Arab Emirates,2/27/21,388594,1213,3434,15,365
United Arab Emirates,2/28/21,391524,1221,2930,8,366
United Arab Emirates,3/1/21,394050,1238,2526,17,367
United Arab Emirates,3/2/21,396771,1253,2721,15,368
United Arab Emirates,3/3/21,399463,1269,2692,16,369
United Arab Emirates,3/4/21,402205,1286,2742,17,370
United Arab Emirates,3/5/21,405277,1296,3072,10,371
United Arab Emirates,3/6/21,408236,1310,2959,14,372
United Arab Emirates,3/7/21,410849,1322,2613,12,373
United Arab Emirates,3/8/21,413332,1335,2483,13,374
United Arab Emirates,3/9/21,415705,1345,2373,10,375
United Arab Emirates,3/10/21,417909,1353,2204,8,376
United Arab Emirates,3/11/21,419996,1369,2087,16,377
United Arab Emirates,3/12/21,422246,1378,2250,9,378
