state,date,confirmed,deaths,new_confirmed,new_deaths,tagged_day
New York,3/4/20,10,0,9,0,1
New York,3/5/20,21,0,11,0,2
New York,3/6/20,24,0,3,0,3
New York,3/7/20,76,0,52,0,4
New York,3/8/20,105,0,29,0,5
New York,3/9/20,138,0,33,0,6
New York,3/10/20,152,0,14,0,7
New York,3/11/20,216,1,64,1,8
New York,3/12/20,296,1,80,0,9
New York,3/13/20,379,1,83,0,10
New York,3/14/20,557,5,178,4,11
New York,3/15/20,633,10,76,5,12
New York,3/16/20,961,21,328,11,13
New York,3/17/20,1407,35,446,14,14
New York,3/18/20,2507,60,1100,25,15
New York,3/19/20,4221,88,1714,28,16
New York,3/20/20,7660,143,3439,55,17
New York,3/21/20,10410,195,2750,52,18
New York,3/22/20,15191,249,4781,54,19
New York,3/23/20,20884,351,5693,102,20
New York,3/24/20,25681,475,4797,124,21
New York,3/25/20,30841,632,5160,157,22
New York,3/26/20,37397,867,6556,235,23
New York,3/27/20,44701,1139,7304,272,24
New York,3/28/20,52400,1492,7699,353,25
New York,3/29/20,59648,1874,7248,382,26
New York,3/30/20,66663,2286,7015,412,27
New York,3/31/20,75853,2775,9190,489,28
New York,4/1/20,83948,3411,8095,636,29
New York,4/2/20,92506,4138,8558,727,30
New York,4/3/20,102987,4899,10481,761,31
New York,4/4/20,113833,5686,10846,787,32
New York,4/5/20,123160,6596,9327,910,33
New York,4/6/20,131815,7657,8655,1061,34
New York,4/7/20,139875,8930,8060,1273,35
New York,4/8/20,151061,9879,11186,949,36
New York,4/9/20,161779,10929,10718,1050,37
New York,4/10/20,172348,11850,10569,921,38
New York,4/11/20,181026,12772,8678,922,39
New York,4/12/20,189033,13710,8007,938,40
New York,4/13/20,195749,14728,6716,1018,41
New York,4/14/20,203020,15608,7271,880,42
New York,4/15/20,214454,16394,11434,786,43
New York,4/16/20,223691,17137,9237,743,44
New York,4/17/20,230597,17614,6906,477,45
New York,4/18/20,237403,18175,6806,561,46
New York,4/19/20,243551,18699,6148,524,47
New York,4/20/20,248631,19670,5080,971,48
New York,4/21/20,253496,20341,4865,671,49
New York,4/22/20,258427,20859,4931,518,50
New York,4/23/20,263460,21516,5033,657,51
New York,4/24/20,271590,22069,8130,553,52
New York,4/25/20,282143,22505,10553,436,53
New York,4/26/20,288045,22910,5902,405,54
New York,4/27/20,291996,23391,3951,481,55
New York,4/28/20,295106,23726,3110,335,56
New York,4/29/20,299691,24172,4585,446,57
New York,4/30/20,304372,24542,4681,370,58
New York,5/1/20,308314,24911,3942,369,59
New York,5/2/20,312977,25201,4663,290,60
New York,5/3/20,316415,25484,3438,283,61
New York,5/4/20,318953,25837,2538,353,62
New York,5/5/20,321192,26119,2239,282,63
New York,5/6/20,323978,26689,2786,570,64
New York,5/7/20,327469,26916,3491,227,65
New York,5/8/20,330407,27233,2938,317,66
New York,5/9/20,333122,27454,2715,221,67
New York,5/10/20,335395,27627,2273,173,68
New York,5/11/20,337055,27824,1660,197,69
New York,5/12/20,338485,28042,1430,218,70
New York,5/13/20,340661,28247,2176,205,71
New York,5/14/20,343051,28408,2390,161,72
New York,5/15/20,345813,28673,2762,265,73
New York,5/16/20,348232,28845,2419,172,74
New York,5/17/20,350121,28971,1889,126,75
New York,5/18/20,351371,29454,1250,483,76
New York,5/19/20,352845,29652,1474,198,77
New York,5/20/20,354370,29717,1525,65,78
New York,5/21/20,356458,29790,2088,73,79
New York,5/22/20,358154,29864,1696,74,80
New York,5/23/20,359926,30032,1772,168,81
New York,5/24/20,361515,30125,1589,93,82
New York,5/25/20,362764,30249,1249,124,83
New York,5/26/20,363836,30276,1072,27,84
New York,5/27/20,364965,30462,1129,186,85
New York,5/28/20,366733,30482,1768,20,86
New York,5/29/20,368284,30578,1551,96,87
New York,5/30/20,369660,30649,1376,71,88
New York,5/31/20,370770,30699,1110,50,89
New York,6/1/20,371711,30832,941,133,90
New York,6/2/20,373040,30910,1329,78,91
New York,6/3/20,374085,30964,1045,54,92
New York,6/4/20,375133,31093,1048,129,93
New York,6/5/20,376208,31120,1075,27,94
New York,6/6/20,377316,31141,1108,21,95
New York,6/7/20,378097,31226,781,85,96
New York,6/8/20,378799,31287,702,61,97
New York,6/9/20,379482,31327,683,40,98
New York,6/10/20,380156,31390,674,63,99
New York,6/11/20,380892,31404,736,14,100
New York,6/12/20,381714,31554,822,150,101
New York,6/13/20,382630,31568,916,14,102
New York,6/14/20,383324,31595,694,27,103
New York,6/15/20,383944,31628,620,33,104
New York,6/16/20,384575,31678,631,50,105
New York,6/17/20,385142,31696,567,18,106
New York,6/18/20,385760,31728,618,32,107
New York,6/19/20,386556,31747,796,19,108
New York,6/20/20,387272,31817,716,70,109
New York,6/21/20,387936,31854,664,37,110
New York,6/22/20,388488,31890,552,36,111
New York,6/23/20,389085,31952,597,62,112
New York,6/24/20,389666,31974,581,22,113
New York,6/25/20,390415,32007,749,33,114
New York,6/26/20,391220,32030,805,23,115
New York,6/27/20,391923,32051,703,21,116
New York,6/28/20,392539,32078,616,27,117
New York,6/29/20,392930,32109,391,31,118
New York,6/30/20,393454,32070,524,-39,119
New York,7/1/20,394079,32088,625,18,120
New York,7/2/20,394954,32112,875,24,121
New York,7/3/20,395872,32192,918,80,122
New York,7/4/20,396598,32206,726,14,123
New York,7/5/20,397131,32244,533,38,124
New York,7/6/20,397649,32261,518,17,125
New York,7/7/20,398237,32283,588,22,126
New York,7/8/20,398929,32304,692,21,127
New York,7/9/20,399513,32327,584,23,128
New York,7/10/20,400299,32369,786,42,129
New York,7/11/20,401029,32380,730,11,130
New York,7/12/20,401706,32395,677,15,131
New York,7/13/20,402263,32418,557,23,132
New York,7/14/20,403175,32429,912,11,133
New York,7/15/20,404006,32448,831,19,134
New York,7/16/20,404775,32457,769,9,135
New York,7/17/20,405551,32484,776,27,136
New York,7/18/20,406305,32497,754,13,137
New York,7/19/20,406807,32516,502,19,138
New York,7/20/20,407326,32527,519,11,139
New York,7/21/20,408181,32539,855,12,140
New York,7/22/20,408886,32582,705,43,141
New York,7/23/20,409697,32591,811,9,142
New York,7/24/20,410450,32602,753,11,143
New York,7/25/20,411200,32612,750,10,144
New York,7/26/20,411736,32629,536,17,145
New York,7/27/20,412344,32639,608,10,146
New York,7/28/20,412878,32653,534,14,147
New York,7/29/20,413593,32654,715,1,148
New York,7/30/20,414370,32672,777,18,149
New York,7/31/20,415014,32675,644,3,150
New York,8/1/20,415767,32684,753,9,151
New York,8/2/20,416298,32697,531,13,152
New York,8/3/20,416843,32697,545,0,153
New York,8/4/20,417589,32703,746,6,154
New York,8/5/20,418225,32736,636,33,155
New York,8/6/20,418928,32741,703,5,156
New York,8/7/20,419642,32744,714,3,157
New York,8/8/20,420345,32753,703,9,158
New York,8/9/20,420860,32755,515,2,159
New York,8/10/20,421336,32764,476,9,160
New York,8/11/20,422003,32770,667,6,161
New York,8/12/20,422703,32778,700,8,162
New York,8/13/20,423440,32780,737,2,163
New York,8/14/20,424167,32798,727,18,164
New York,8/15/20,424901,32809,734,11,165
New York,8/16/20,425508,32816,607,7,166
New York,8/17/20,425916,32823,408,7,167
New York,8/18/20,426571,32835,655,12,168
New York,8/19/20,427202,32840,631,5,169
New York,8/20/20,427803,32837,601,-3,170
New York,8/21/20,428512,32833,709,-4,171
New York,8/22/20,429165,32839,653,6,172
New York,8/23/20,429737,32851,572,12,173
New York,8/24/20,430145,32852,408,1,174
New York,8/25/20,430774,32881,629,29,175
New York,8/26/20,431340,32887,566,6,176
New York,8/27/20,432131,32887,791,0,177
New York,8/28/20,432767,32890,636,3,178
New York,8/29/20,433402,32891,635,1,179
New York,8/30/20,434100,32909,698,18,180
New York,8/31/20,434756,32957,656,48,181
New York,9/1/20,435510,32966,754,9,182
New York,9/2/20,436218,32972,708,6,183
New York,9/3/20,437107,32976,889,4,184
New York,9/4/20,437971,32982,864,6,185
New York,9/5/20,438772,32987,801,5,186
New York,9/6/20,439501,32987,729,0,187
New York,9/7/20,440021,33002,520,15,188
