state,date,confirmed,deaths,new_confirmed,new_deaths,tagged_day
Utah,3/14/20,10,0,1,0,1
Utah,3/15/20,18,0,8,0,2
Utah,3/16/20,28,0,10,0,3
Utah,3/17/20,39,0,11,0,4
Utah,3/18/20,47,0,8,0,5
Utah,3/19/20,62,0,15,0,6
Utah,3/20/20,95,0,33,0,7
Utah,3/21/20,118,0,23,0,8
Utah,3/22/20,162,1,44,1,9
Utah,3/23/20,257,1,95,0,10
Utah,3/24/20,298,1,41,0,11
Utah,3/25/20,340,1,42,0,12
Utah,3/26/20,396,1,56,0,13
Utah,3/27/20,472,1,76,0,14
Utah,3/28/20,602,1,130,0,15
Utah,3/29/20,720,2,118,1,16
Utah,3/30/20,798,4,78,2,17
Utah,3/31/20,888,5,90,1,18
Utah,4/1/20,888,5,0,0,19
Utah,4/2/20,1086,7,198,2,20
Utah,4/3/20,1248,7,162,0,21
Utah,4/4/20,1428,8,180,1,22
Utah,4/5/20,1601,8,173,0,23
Utah,4/6/20,1678,13,77,5,24
Utah,4/7/20,1739,13,61,0,25
Utah,4/8/20,1848,13,109,0,26
Utah,4/9/20,1856,13,8,0,27
Utah,4/10/20,2103,17,247,4,28
Utah,4/11/20,2207,18,104,1,29
Utah,4/12/20,2303,18,96,0,30
Utah,4/13/20,2363,13,60,-5,31
Utah,4/14/20,2417,18,54,5,32
Utah,4/15/20,2548,20,131,2,33
Utah,4/16/20,2683,20,135,0,34
Utah,4/17/20,2793,23,110,3,35
Utah,4/18/20,2917,25,124,2,36
Utah,4/19/20,3069,27,152,2,37
Utah,4/20/20,3213,28,144,1,38
Utah,4/21/20,3297,32,84,4,39
Utah,4/22/20,3445,32,148,0,40
Utah,4/23/20,3612,35,167,3,41
Utah,4/24/20,3782,39,170,4,42
Utah,4/25/20,3948,41,166,2,43
Utah,4/26/20,4123,41,175,0,44
Utah,4/27/20,4236,41,113,0,45
Utah,4/28/20,4345,41,109,0,46
Utah,4/29/20,4497,45,152,4,47
Utah,4/30/20,4672,46,175,1,48
Utah,5/1/20,4828,46,156,0,49
Utah,5/2/20,4985,49,157,3,50
Utah,5/3/20,5175,50,190,1,51
Utah,5/4/20,5317,50,142,0,52
Utah,5/5/20,5449,56,132,6,53
Utah,5/6/20,5595,58,146,2,54
Utah,5/7/20,5724,61,129,3,55
Utah,5/8/20,5919,61,195,0,56
Utah,5/9/20,6103,66,184,5,57
Utah,5/10/20,6251,67,148,1,58
Utah,5/11/20,6362,68,111,1,59
Utah,5/12/20,6432,73,70,5,60
Utah,5/13/20,6620,75,188,2,61
Utah,5/14/20,6749,75,129,0,62
Utah,5/15/20,6913,77,164,2,63
Utah,5/16/20,7068,78,155,1,64
Utah,5/17/20,7238,80,170,2,65
Utah,5/18/20,7384,80,146,0,66
Utah,5/19/20,7518,88,134,8,67
Utah,5/20/20,7710,90,192,2,68
Utah,5/21/20,7874,92,164,2,69
Utah,5/22/20,8057,93,183,1,70
Utah,5/23/20,8260,97,203,4,71
Utah,5/24/20,8392,97,132,0,72
Utah,5/25/20,8521,98,129,1,73
Utah,5/26/20,8620,101,99,3,74
Utah,5/27/20,8706,105,86,4,75
Utah,5/28/20,8921,106,215,1,76
Utah,5/29/20,9264,107,343,1,77
Utah,5/30/20,9533,112,269,5,78
Utah,5/31/20,9797,113,264,1,79
Utah,6/1/20,9999,113,202,0,80
Utah,6/2/20,10202,113,203,0,81
Utah,6/3/20,10497,117,295,4,82
Utah,6/4/20,10813,117,316,0,83
Utah,6/5/20,11252,120,439,3,84
Utah,6/6/20,11798,121,546,1,85
Utah,6/7/20,12066,121,268,0,86
Utah,6/8/20,12322,124,256,3,87
Utah,6/9/20,12559,127,237,3,88
Utah,6/10/20,12864,128,305,1,89
Utah,6/11/20,13252,131,388,3,90
Utah,6/12/20,13577,139,325,8,91
Utah,6/13/20,13981,139,404,0,92
Utah,6/14/20,14313,139,332,0,93
Utah,6/15/20,14608,143,295,4,94
Utah,6/16/20,14937,145,329,2,95
Utah,6/17/20,15344,149,407,4,96
Utah,6/18/20,15839,152,495,3,97
Utah,6/19/20,16425,155,586,3,98
Utah,6/20/20,17068,155,643,0,99
Utah,6/21/20,17462,158,394,3,100
Utah,6/22/20,17906,158,444,0,101
Utah,6/23/20,18300,163,394,5,102
Utah,6/24/20,18784,163,484,0,103
Utah,6/25/20,19374,164,590,1,104
Utah,6/26/20,20050,166,676,2,105
Utah,6/27/20,20628,167,578,1,106
Utah,6/28/20,21100,167,472,0,107
Utah,6/29/20,21664,168,564,1,108
Utah,6/30/20,22217,172,553,4,109
Utah,7/1/20,22716,173,499,1,110
Utah,7/2/20,23270,176,554,3,111
Utah,7/3/20,23866,181,596,5,112
Utah,7/4/20,24542,181,676,0,113
Utah,7/5/20,24952,184,410,3,114
Utah,7/6/20,25469,190,517,6,115
Utah,7/7/20,26033,194,564,4,116
Utah,7/8/20,26755,201,722,7,117
Utah,7/9/20,27356,205,601,4,118
Utah,7/10/20,28223,207,867,2,119
Utah,7/11/20,28855,212,632,5,120
Utah,7/12/20,29484,215,629,3,121
Utah,7/13/20,30030,216,546,1,122
Utah,7/14/20,30478,226,448,10,123
Utah,7/15/20,30891,233,413,7,124
Utah,7/16/20,31845,234,954,1,125
Utah,7/17/20,32572,235,727,1,126
Utah,7/18/20,33332,243,760,8,127
Utah,7/19/20,34117,243,785,0,128
Utah,7/20/20,34526,247,409,4,129
Utah,7/21/20,35012,251,486,4,130
Utah,7/22/20,35578,260,566,9,131
Utah,7/23/20,36099,267,521,7,132
Utah,7/24/20,36962,273,863,6,133
Utah,7/25/20,37623,274,661,1,134
Utah,7/26/20,37973,274,350,0,135
Utah,7/27/20,38409,281,436,7,136
Utah,7/28/20,38855,286,446,5,137
Utah,7/29/20,39194,292,339,6,138
Utah,7/30/20,39696,300,502,8,139
Utah,7/31/20,40196,304,500,4,140
Utah,8/1/20,40702,310,506,6,141
Utah,8/2/20,41175,311,473,1,142
Utah,8/3/20,41529,314,354,3,143
Utah,8/4/20,41907,321,378,7,144
Utah,8/5/20,42328,327,421,6,145
Utah,8/6/20,42915,330,587,3,146
Utah,8/7/20,43375,335,460,5,147
Utah,8/8/20,43751,335,376,0,148
Utah,8/9/20,44127,336,376,1,149
Utah,8/10/20,44390,345,263,9,150
Utah,8/11/20,44752,349,362,4,151
Utah,8/12/20,45090,351,338,2,152
Utah,8/13/20,45424,353,334,2,153
Utah,8/14/20,45976,360,552,7,154
Utah,8/15/20,46321,363,345,3,155
Utah,8/16/20,46652,363,331,0,156
Utah,8/17/20,46894,364,242,1,157
Utah,8/18/20,47157,369,263,5,158
Utah,8/19/20,47521,377,364,8,159
Utah,8/20/20,47982,381,461,4,160
Utah,8/21/20,48445,383,463,2,161
Utah,8/22/20,48814,385,369,2,162
Utah,8/23/20,49115,385,301,0,163
Utah,8/24/20,49364,390,249,5,164
Utah,8/25/20,49767,397,403,7,165
Utah,8/26/20,50174,401,407,4,166
Utah,8/27/20,50557,403,383,2,167
Utah,8/28/20,50948,407,391,4,168
Utah,8/29/20,51406,407,458,0,169
Utah,8/30/20,51854,407,448,0,170
Utah,8/31/20,52107,407,253,0,171
Utah,9/1/20,52403,409,296,2,172
Utah,9/2/20,52822,410,419,1,173
Utah,9/3/20,53326,414,504,4,174
Utah,9/4/20,53839,419,513,5,175
Utah,9/5/20,54272,420,433,1,176
Utah,9/6/20,54660,422,388,2,177
Utah,9/7/20,55033,423,373,1,178
