country,date,confirmed,deaths,new_confirmed,new_deaths,tagged_day
Burma,4/2/20,20,1,5,0,1
Burma,4/3/20,20,1,0,0,2
Burma,4/4/20,21,1,1,0,3
Burma,4/5/20,21,1,0,0,4
Burma,4/6/20,22,1,1,0,5
Burma,4/7/20,22,1,0,0,6
Burma,4/8/20,22,3,0,2,7
Burma,4/9/20,23,3,1,0,8
Burma,4/10/20,27,3,4,0,9
Burma,4/11/20,38,3,11,0,10
Burma,4/12/20,41,4,3,1,11
Burma,4/13/20,62,4,21,0,12
Burma,4/14/20,63,4,1,0,13
Burma,4/15/20,74,4,11,0,14
Burma,4/16/20,85,4,11,0,15
Burma,4/17/20,88,4,3,0,16
Burma,4/18/20,98,5,10,1,17
Burma,4/19/20,111,5,13,0,18
Burma,4/20/20,119,5,8,0,19
Burma,4/21/20,121,5,2,0,20
Burma,4/22/20,123,5,2,0,21
Burma,4/23/20,139,5,16,0,22
Burma,4/24/20,144,5,5,0,23
Burma,4/25/20,146,5,2,0,24
Burma,4/26/20,146,5,0,0,25
Burma,4/27/20,146,5,0,0,26
Burma,4/28/20,150,5,4,0,27
Burma,4/29/20,150,6,0,1,28
Burma,4/30/20,151,6,1,0,29
Burma,5/1/20,151,6,0,0,30
Burma,5/2/20,151,6,0,0,31
Burma,5/3/20,155,6,4,0,32
Burma,5/4/20,161,6,6,0,33
Burma,5/5/20,161,6,0,0,34
Burma,5/6/20,161,6,0,0,35
Burma,5/7/20,176,6,15,0,36
Burma,5/8/20,177,6,1,0,37
Burma,5/9/20,178,6,1,0,38
Burma,5/10/20,180,6,2,0,39
Burma,5/11/20,180,6,0,0,40
Burma,5/12/20,180,6,0,0,41
Burma,5/13/20,181,6,1,0,42
Burma,5/14/20,181,6,0,0,43
Burma,5/15/20,182,6,1,0,44
Burma,5/16/20,182,6,0,0,45
Burma,5/17/20,184,6,2,0,46
Burma,5/18/20,191,6,7,0,47
Burma,5/19/20,193,6,2,0,48
Burma,5/20/20,199,6,6,0,49
Burma,5/21/20,199,6,0,0,50
Burma,5/22/20,199,6,0,0,51
Burma,5/23/20,201,6,2,0,52
Burma,5/24/20,201,6,0,0,53
Burma,5/25/20,203,6,2,0,54
Burma,5/26/20,206,6,3,0,55
Burma,5/27/20,206,6,0,0,56
Burma,5/28/20,206,6,0,0,57
Burma,5/29/20,207,6,1,0,58
Burma,5/30/20,224,6,17,0,59
Burma,5/31/20,224,6,0,0,60
Burma,6/1/20,228,6,4,0,61
Burma,6/2/20,232,6,4,0,62
Burma,6/3/20,233,6,1,0,63
Burma,6/4/20,236,6,3,0,64
Burma,6/5/20,236,6,0,0,65
Burma,6/6/20,240,6,4,0,66
Burma,6/7/20,242,6,2,0,67
Burma,6/8/20,244,6,2,0,68
Burma,6/9/20,246,6,2,0,69
Burma,6/10/20,248,6,2,0,70
Burma,6/11/20,260,6,12,0,71
Burma,6/12/20,261,6,1,0,72
Burma,6/13/20,261,6,0,0,73
Burma,6/14/20,261,6,0,0,74
Burma,6/15/20,262,6,1,0,75
Burma,6/16/20,262,6,0,0,76
Burma,6/17/20,262,6,0,0,77
Burma,6/18/20,286,6,24,0,78
Burma,6/19/20,286,6,0,0,79
Burma,6/20/20,287,6,1,0,80
Burma,6/21/20,290,6,3,0,81
Burma,6/22/20,291,6,1,0,82
Burma,6/23/20,292,6,1,0,83
Burma,6/24/20,293,6,1,0,84
Burma,6/25/20,293,6,0,0,85
Burma,6/26/20,293,6,0,0,86
Burma,6/27/20,296,6,3,0,87
Burma,6/28/20,299,6,3,0,88
Burma,6/29/20,299,6,0,0,89
Burma,6/30/20,299,6,0,0,90
Burma,7/1/20,303,6,4,0,91
Burma,7/2/20,304,6,1,0,92
Burma,7/3/20,306,6,2,0,93
Burma,7/4/20,313,6,7,0,94
Burma,7/5/20,313,6,0,0,95
Burma,7/6/20,316,6,3,0,96
Burma,7/7/20,316,6,0,0,97
Burma,7/8/20,317,6,1,0,98
Burma,7/9/20,321,6,4,0,99
Burma,7/10/20,326,6,5,0,100
Burma,7/11/20,330,6,4,0,101
Burma,7/12/20,331,6,1,0,102
Burma,7/13/20,336,6,5,0,103
Burma,7/14/20,337,6,1,0,104
Burma,7/15/20,337,6,0,0,105
Burma,7/16/20,339,6,2,0,106
Burma,7/17/20,339,6,0,0,107
Burma,7/18/20,340,6,1,0,108
Burma,7/19/20,341,6,1,0,109
Burma,7/20/20,341,6,0,0,110
Burma,7/21/20,341,6,0,0,111
Burma,7/22/20,343,6,2,0,112
Burma,7/23/20,343,6,0,0,113
Burma,7/24/20,346,6,3,0,114
Burma,7/25/20,348,6,2,0,115
Burma,7/26/20,350,6,2,0,116
Burma,7/27/20,350,6,0,0,117
Burma,7/28/20,351,6,1,0,118
Burma,7/29/20,351,6,0,0,119
Burma,7/30/20,353,6,2,0,120
Burma,7/31/20,353,6,0,0,121
Burma,8/1/20,353,6,0,0,122
Burma,8/2/20,353,6,0,0,123
Burma,8/3/20,355,6,2,0,124
Burma,8/4/20,356,6,1,0,125
Burma,8/5/20,357,6,1,0,126
Burma,8/6/20,357,6,0,0,127
Burma,8/7/20,359,6,2,0,128
Burma,8/8/20,359,6,0,0,129
Burma,8/9/20,360,6,1,0,130
Burma,8/10/20,360,6,0,0,131
Burma,8/11/20,360,6,0,0,132
Burma,8/12/20,361,6,1,0,133
Burma,8/13/20,369,6,8,0,134
Burma,8/14/20,374,6,5,0,135
Burma,8/15/20,374,6,0,0,136
Burma,8/16/20,375,6,1,0,137
Burma,8/17/20,376,6,1,0,138
Burma,8/18/20,376,6,0,0,139
Burma,8/19/20,394,6,18,0,140
Burma,8/20/20,399,6,5,0,141
