country,date,confirmed,deaths,new_confirmed,new_deaths,tagged_day
Costa Rica,3/12/20,22,0,9,0,1
Costa Rica,3/13/20,23,0,1,0,2
Costa Rica,3/14/20,26,0,3,0,3
Costa Rica,3/15/20,27,0,1,0,4
Costa Rica,3/16/20,35,0,8,0,5
Costa Rica,3/17/20,41,0,6,0,6
Costa Rica,3/18/20,50,0,9,0,7
Costa Rica,3/19/20,69,1,19,1,8
Costa Rica,3/20/20,89,1,20,0,9
Costa Rica,3/21/20,117,2,28,1,10
Costa Rica,3/22/20,134,2,17,0,11
Costa Rica,3/23/20,158,2,24,0,12
Costa Rica,3/24/20,177,2,19,0,13
Costa Rica,3/25/20,201,2,24,0,14
Costa Rica,3/26/20,231,2,30,0,15
Costa Rica,3/27/20,263,2,32,0,16
Costa Rica,3/28/20,295,2,32,0,17
Costa Rica,3/29/20,314,2,19,0,18
Costa Rica,3/30/20,330,2,16,0,19
Costa Rica,3/31/20,347,2,17,0,20
Costa Rica,4/1/20,375,2,28,0,21
Costa Rica,4/2/20,396,2,21,0,22
Costa Rica,4/3/20,416,2,20,0,23
Costa Rica,4/4/20,435,2,19,0,24
Costa Rica,4/5/20,454,2,19,0,25
Costa Rica,4/6/20,467,2,13,0,26
Costa Rica,4/7/20,483,2,16,0,27
Costa Rica,4/8/20,502,3,19,1,28
Costa Rica,4/9/20,539,3,37,0,29
Costa Rica,4/10/20,558,3,19,0,30
Costa Rica,4/11/20,577,3,19,0,31
Costa Rica,4/12/20,595,3,18,0,32
Costa Rica,4/13/20,612,3,17,0,33
Costa Rica,4/14/20,618,3,6,0,34
Costa Rica,4/15/20,626,4,8,1,35
Costa Rica,4/16/20,642,4,16,0,36
Costa Rica,4/17/20,649,4,7,0,37
Costa Rica,4/18/20,655,4,6,0,38
Costa Rica,4/19/20,660,5,5,1,39
Costa Rica,4/20/20,662,6,2,1,40
Costa Rica,4/21/20,669,6,7,0,41
Costa Rica,4/22/20,681,6,12,0,42
Costa Rica,4/23/20,686,6,5,0,43
Costa Rica,4/24/20,687,6,1,0,44
Costa Rica,4/25/20,693,6,6,0,45
Costa Rica,4/26/20,695,6,2,0,46
Costa Rica,4/27/20,697,6,2,0,47
Costa Rica,4/28/20,705,6,8,0,48
Costa Rica,4/29/20,713,6,8,0,49
Costa Rica,4/30/20,719,6,6,0,50
Costa Rica,5/1/20,725,6,6,0,51
Costa Rica,5/2/20,733,6,8,0,52
Costa Rica,5/3/20,739,6,6,0,53
Costa Rica,5/4/20,742,6,3,0,54
Costa Rica,5/5/20,755,6,13,0,55
Costa Rica,5/6/20,761,6,6,0,56
Costa Rica,5/7/20,765,6,4,0,57
Costa Rica,5/8/20,773,6,8,0,58
Costa Rica,5/9/20,780,6,7,0,59
Costa Rica,5/10/20,792,7,12,1,60
Costa Rica,5/11/20,801,7,9,0,61
Costa Rica,5/12/20,804,7,3,0,62
Costa Rica,5/13/20,815,8,11,1,63
Costa Rica,5/14/20,830,8,15,0,64
Costa Rica,5/15/20,843,9,13,1,65
Costa Rica,5/16/20,853,10,10,1,66
Costa Rica,5/17/20,863,10,10,0,67
Costa Rica,5/18/20,866,10,3,0,68
Costa Rica,5/19/20,882,10,16,0,69
Costa Rica,5/20/20,897,10,15,0,70
Costa Rica,5/21/20,903,10,6,0,71
Costa Rica,5/22/20,911,10,8,0,72
Costa Rica,5/23/20,918,10,7,0,73
Costa Rica,5/24/20,930,10,12,0,74
Costa Rica,5/25/20,951,10,21,0,75
Costa Rica,5/26/20,956,10,5,0,76
Costa Rica,5/27/20,984,10,28,0,77
Costa Rica,5/28/20,1000,10,16,0,78
Costa Rica,5/29/20,1022,10,22,0,79
Costa Rica,5/30/20,1047,10,25,0,80
Costa Rica,5/31/20,1056,10,9,0,81
Costa Rica,6/1/20,1084,10,28,0,82
Costa Rica,6/2/20,1105,10,21,0,83
Costa Rica,6/3/20,1157,10,52,0,84
Costa Rica,6/4/20,1194,10,37,0,85
Costa Rica,6/5/20,1228,10,34,0,86
Costa Rica,6/6/20,1263,10,35,0,87
Costa Rica,6/7/20,1318,10,55,0,88
Costa Rica,6/8/20,1342,11,24,1,89
Costa Rica,6/9/20,1375,11,33,0,90
Costa Rica,6/10/20,1461,12,86,1,91
Costa Rica,6/11/20,1538,12,77,0,92
Costa Rica,6/12/20,1612,12,74,0,93
Costa Rica,6/13/20,1662,12,50,0,94
Costa Rica,6/14/20,1715,12,53,0,95
Costa Rica,6/15/20,1744,12,29,0,96
Costa Rica,6/16/20,1796,12,52,0,97
Costa Rica,6/17/20,1871,12,75,0,98
Costa Rica,6/18/20,1939,12,68,0,99
Costa Rica,6/19/20,2058,12,119,0,100
Costa Rica,6/20/20,2127,12,69,0,101
Costa Rica,6/21/20,2213,12,86,0,102
Costa Rica,6/22/20,2277,12,64,0,103
Costa Rica,6/23/20,2368,12,91,0,104
Costa Rica,6/24/20,2515,12,147,0,105
Costa Rica,6/25/20,2684,12,169,0,106
Costa Rica,6/26/20,2836,12,152,0,107
Costa Rica,6/27/20,2979,14,143,2,108
Costa Rica,6/28/20,3130,15,151,1,109
Costa Rica,6/29/20,3269,15,139,0,110
Costa Rica,6/30/20,3459,16,190,1,111
Costa Rica,7/1/20,3753,17,294,1,112
Costa Rica,7/2/20,4023,18,270,1,113
Costa Rica,7/3/20,4311,18,288,0,114
Costa Rica,7/4/20,4621,18,310,0,115
Costa Rica,7/5/20,4996,19,375,1,116
Costa Rica,7/6/20,5241,23,245,4,117
Costa Rica,7/7/20,5486,23,245,0,118
Costa Rica,7/8/20,5836,25,350,2,119
Costa Rica,7/9/20,6485,25,649,0,120
Costa Rica,7/10/20,6845,26,360,1,121
Costa Rica,7/11/20,7231,28,386,2,122
Costa Rica,7/12/20,7596,30,365,2,123
Costa Rica,7/13/20,8036,34,440,4,124
Costa Rica,7/14/20,8482,37,446,3,125
Costa Rica,7/15/20,8986,40,504,3,126
Costa Rica,7/16/20,9546,42,560,2,127
Costa Rica,7/17/20,9969,47,423,5,128
Costa Rica,7/18/20,10551,54,582,7,129
Costa Rica,7/19/20,11114,62,563,8,130
Costa Rica,7/20/20,11534,66,420,4,131
Costa Rica,7/21/20,11811,68,277,2,132
Costa Rica,7/22/20,12361,71,550,3,133
Costa Rica,7/23/20,13129,80,768,9,134
Costa Rica,7/24/20,13669,87,540,7,135
Costa Rica,7/25/20,14600,98,931,11,136
Costa Rica,7/26/20,15229,104,629,6,137
Costa Rica,7/27/20,15841,115,612,11,138
Costa Rica,7/28/20,16344,125,503,10,139
Costa Rica,7/29/20,16800,133,456,8,140
Costa Rica,7/30/20,17290,140,490,7,141
Costa Rica,7/31/20,17820,150,530,10,142
Costa Rica,8/1/20,18187,154,367,4,143
Costa Rica,8/2/20,18975,162,788,8,144
Costa Rica,8/3/20,19402,171,427,9,145
Costa Rica,8/4/20,19837,181,435,10,146
Costa Rica,8/5/20,20417,191,580,10,147
Costa Rica,8/6/20,21070,200,653,9,148
Costa Rica,8/7/20,22081,218,1011,18,149
Costa Rica,8/8/20,22802,228,721,10,150
Costa Rica,8/9/20,23286,235,484,7,151
Costa Rica,8/10/20,23872,244,586,9,152
Costa Rica,8/11/20,24508,255,636,11,153
Costa Rica,8/12/20,25057,263,549,8,154
Costa Rica,8/13/20,26129,272,1072,9,155
Costa Rica,8/14/20,26931,281,802,9,156
Costa Rica,8/15/20,27737,291,806,10,157
Costa Rica,8/16/20,28465,294,728,3,158
