country,date,confirmed,deaths,new_confirmed,new_deaths,tagged_day
Namibia,5/23/20,20,0,1,0,1
Namibia,5/24/20,21,0,1,0,2
Namibia,5/25/20,21,0,0,0,3
Namibia,5/26/20,21,0,0,0,4
Namibia,5/27/20,22,0,1,0,5
Namibia,5/28/20,22,0,0,0,6
Namibia,5/29/20,23,0,1,0,7
Namibia,5/30/20,23,0,0,0,8
Namibia,5/31/20,24,0,1,0,9
Namibia,6/1/20,25,0,1,0,10
Namibia,6/2/20,25,0,0,0,11
Namibia,6/3/20,25,0,0,0,12
Namibia,6/4/20,25,0,0,0,13
Namibia,6/5/20,25,0,0,0,14
Namibia,6/6/20,29,0,4,0,15
Namibia,6/7/20,29,0,0,0,16
Namibia,6/8/20,31,0,2,0,17
Namibia,6/9/20,31,0,0,0,18
Namibia,6/10/20,31,0,0,0,19
Namibia,6/11/20,31,0,0,0,20
Namibia,6/12/20,31,0,0,0,21
Namibia,6/13/20,32,0,1,0,22
Namibia,6/14/20,32,0,0,0,23
Namibia,6/15/20,32,0,0,0,24
Namibia,6/16/20,34,0,2,0,25
Namibia,6/17/20,36,0,2,0,26
Namibia,6/18/20,39,0,3,0,27
Namibia,6/19/20,45,0,6,0,28
Namibia,6/20/20,46,0,1,0,29
Namibia,6/21/20,55,0,9,0,30
Namibia,6/22/20,63,0,8,0,31
Namibia,6/23/20,72,0,9,0,32
Namibia,6/24/20,76,0,4,0,33
Namibia,6/25/20,102,0,26,0,34
Namibia,6/26/20,121,0,19,0,35
Namibia,6/27/20,136,0,15,0,36
Namibia,6/28/20,183,0,47,0,37
Namibia,6/29/20,196,0,13,0,38
Namibia,6/30/20,205,0,9,0,39
Namibia,7/1/20,285,0,80,0,40
Namibia,7/2/20,293,0,8,0,41
Namibia,7/3/20,350,0,57,0,42
Namibia,7/4/20,375,0,25,0,43
Namibia,7/5/20,412,0,37,0,44
Namibia,7/6/20,485,0,73,0,45
Namibia,7/7/20,539,0,54,0,46
Namibia,7/8/20,593,0,54,0,47
Namibia,7/9/20,615,0,22,0,48
Namibia,7/10/20,668,1,53,1,49
Namibia,7/11/20,668,1,0,0,50
Namibia,7/12/20,785,1,117,0,51
Namibia,7/13/20,861,1,76,0,52
Namibia,7/14/20,864,2,3,1,53
Namibia,7/15/20,960,2,96,0,54
Namibia,7/16/20,1032,2,72,0,55
Namibia,7/17/20,1078,2,46,0,56
Namibia,7/18/20,1203,2,125,0,57
Namibia,7/19/20,1247,3,44,1,58
Namibia,7/20/20,1344,4,97,1,59
Namibia,7/21/20,1366,7,22,3,60
Namibia,7/22/20,1402,7,36,0,61
Namibia,7/23/20,1522,7,120,0,62
Namibia,7/24/20,1618,7,96,0,63
Namibia,7/25/20,1687,7,69,0,64
Namibia,7/26/20,1775,8,88,1,65
Namibia,7/27/20,1843,8,68,0,66
Namibia,7/28/20,1917,8,74,0,67
Namibia,7/29/20,1986,9,69,1,68
Namibia,7/30/20,2052,10,66,1,69
Namibia,7/31/20,2129,10,77,0,70
Namibia,8/1/20,2224,11,95,1,71
Namibia,8/2/20,2294,11,70,0,72
Namibia,8/3/20,2406,12,112,1,73
Namibia,8/4/20,2470,12,64,0,74
Namibia,8/5/20,2540,12,70,0,75
Namibia,8/6/20,2652,15,112,3,76
Namibia,8/7/20,2802,16,150,1,77
Namibia,8/8/20,2802,16,0,0,78
Namibia,8/9/20,2949,19,147,3,79
Namibia,8/10/20,3101,19,152,0,80
Namibia,8/11/20,3229,19,128,0,81
Namibia,8/12/20,3406,22,177,3,82
Namibia,8/13/20,3544,27,138,5,83
Namibia,8/14/20,3726,31,182,4,84
Namibia,8/15/20,3907,35,181,4,85
Namibia,8/16/20,4154,35,247,0,86
