state,date,confirmed,deaths,new_confirmed,new_deaths,tagged_day
Massachusetts,3/5/20,14,0,8,0,1
Massachusetts,3/6/20,28,0,14,0,2
Massachusetts,3/7/20,72,0,44,0,3
Massachusetts,3/8/20,91,0,19,0,4
Massachusetts,3/9/20,96,0,5,0,5
Massachusetts,3/10/20,110,0,14,0,6
Massachusetts,3/11/20,132,0,22,0,7
Massachusetts,3/12/20,161,0,29,0,8
Massachusetts,3/13/20,222,0,61,0,9
Massachusetts,3/14/20,295,0,73,0,10
Massachusetts,3/15/20,363,0,68,0,11
Massachusetts,3/16/20,512,0,149,0,12
Massachusetts,3/17/20,760,0,248,0,13
Massachusetts,3/18/20,1019,0,259,0,14
Massachusetts,3/19/20,1297,0,278,0,15
Massachusetts,3/20/20,1684,1,387,1,16
Massachusetts,3/21/20,2006,1,322,0,17
Massachusetts,3/22/20,2292,5,286,4,18
Massachusetts,3/23/20,2900,9,608,4,19
Massachusetts,3/24/20,3618,11,718,2,20
Massachusetts,3/25/20,4366,15,748,4,21
Massachusetts,3/26/20,5301,25,935,10,22
Massachusetts,3/27/20,6242,35,941,10,23
Massachusetts,3/28/20,6899,44,657,9,24
Massachusetts,3/29/20,7422,48,523,4,25
Massachusetts,3/30/20,8660,56,1238,8,26
Massachusetts,3/31/20,9924,89,1264,33,27
Massachusetts,4/1/20,11263,122,1339,33,28
Massachusetts,4/2/20,12542,154,1279,32,29
Massachusetts,4/3/20,14028,192,1486,38,30
Massachusetts,4/4/20,15191,216,1163,24,31
Massachusetts,4/5/20,16172,231,981,15,32
Massachusetts,4/6/20,18103,260,1931,29,33
Massachusetts,4/7/20,20127,356,2024,96,34
Massachusetts,4/8/20,21990,433,1863,77,35
Massachusetts,4/9/20,23977,503,1987,70,36
Massachusetts,4/10/20,26037,599,2060,96,37
Massachusetts,4/11/20,27338,686,1301,87,38
Massachusetts,4/12/20,28271,756,933,70,39
Massachusetts,4/13/20,30294,844,2023,88,40
Massachusetts,4/14/20,33173,844,2879,0,41
Massachusetts,4/15/20,35778,1108,2605,264,42
Massachusetts,4/16/20,38170,1108,2392,0,43
Massachusetts,4/17/20,41168,1245,2998,137,44
Massachusetts,4/18/20,42657,1404,1489,159,45
Massachusetts,4/19/20,43750,1706,1093,302,46
Massachusetts,4/20/20,46442,1706,2692,0,47
Massachusetts,4/21/20,48637,1961,2195,255,48
Massachusetts,4/22/20,51348,2182,2711,221,49
Massachusetts,4/23/20,53755,2360,2407,178,50
Massachusetts,4/24/20,56039,2556,2284,196,51
Massachusetts,4/25/20,57537,2730,1498,174,52
Massachusetts,4/26/20,58384,2899,847,169,53
Massachusetts,4/27/20,60516,3003,2132,104,54
Massachusetts,4/28/20,62625,3153,2109,150,55
Massachusetts,4/29/20,64816,3405,2191,252,56
Massachusetts,4/30/20,66867,3562,2051,157,57
Massachusetts,5/1/20,68953,3716,2086,154,58
Massachusetts,5/2/20,69984,3846,1031,130,59
Massachusetts,5/3/20,70723,4004,739,158,60
Massachusetts,5/4/20,72605,4090,1882,86,61
Massachusetts,5/5/20,74343,4212,1738,122,62
Massachusetts,5/6/20,76048,4420,1705,208,63
Massachusetts,5/7/20,77733,4552,1685,132,64
Massachusetts,5/8/20,79190,4702,1457,150,65
Massachusetts,5/9/20,79882,4840,692,138,66
Massachusetts,5/10/20,80277,4979,395,139,67
Massachusetts,5/11/20,81588,5108,1311,129,68
Massachusetts,5/12/20,83041,5141,1453,33,69
Massachusetts,5/13/20,84358,5315,1317,174,70
Massachusetts,5/14/20,85674,5482,1316,167,71
Massachusetts,5/15/20,86782,5592,1108,110,72
Massachusetts,5/16/20,87433,5705,651,113,73
Massachusetts,5/17/20,87805,5797,372,92,74
Massachusetts,5/18/20,89125,5862,1320,65,75
Massachusetts,5/19/20,90202,5938,1077,76,76
Massachusetts,5/20/20,91231,6066,1029,128,77
Massachusetts,5/21/20,92209,6148,978,82,78
Massachusetts,5/22/20,93092,6228,883,80,79
Massachusetts,5/23/20,93492,6304,400,76,80
Massachusetts,5/24/20,93808,6372,316,68,81
Massachusetts,5/25/20,94023,6416,215,44,82
Massachusetts,5/26/20,94907,6473,884,57,83
Massachusetts,5/27/20,95617,6547,710,74,84
Massachusetts,5/28/20,96268,6640,651,93,85
Massachusetts,5/29/20,96805,6718,537,78,86
Massachusetts,5/30/20,97090,6768,285,50,87
Massachusetts,5/31/20,97260,6846,170,78,88
Massachusetts,6/1/20,97774,7035,514,189,89
Massachusetts,6/2/20,98228,7085,454,50,90
Massachusetts,6/3/20,98697,7152,469,67,91
Massachusetts,6/4/20,99079,7201,382,49,92
Massachusetts,6/5/20,99419,7235,340,34,93
Massachusetts,6/6/20,99571,7289,152,54,94
Massachusetts,6/7/20,99725,7316,154,27,95
Massachusetts,6/8/20,100090,7353,365,37,96
Massachusetts,6/9/20,100441,7408,351,55,97
Massachusetts,6/10/20,100707,7454,266,46,98
Massachusetts,6/11/20,100946,7492,239,38,99
Massachusetts,6/12/20,101209,7538,263,46,100
Massachusetts,6/13/20,101314,7576,105,38,101
Massachusetts,6/14/20,101398,7624,84,48,102
Massachusetts,6/15/20,101637,7647,239,23,103
Massachusetts,6/16/20,101847,7665,210,18,104
Massachusetts,6/17/20,102106,7734,259,69,105
Massachusetts,6/18/20,102367,7770,261,36,106
Massachusetts,6/19/20,102547,7800,180,30,107
Massachusetts,6/20/20,102644,7828,97,28,108
Massachusetts,6/21/20,102727,7858,83,30,109
Massachusetts,6/22/20,102957,7874,230,16,110
Massachusetts,6/23/20,103153,7890,196,16,111
Massachusetts,6/24/20,103368,7938,215,48,112
Massachusetts,6/25/20,103582,7963,214,25,113
Massachusetts,6/26/20,103790,8013,208,50,114
Massachusetts,6/27/20,103932,8041,142,28,115
Massachusetts,6/28/20,104005,8060,73,19,116
Massachusetts,6/29/20,104213,8095,208,35,117
Massachusetts,6/30/20,104440,8054,227,-41,118
Massachusetts,7/1/20,104667,8081,227,27,119
Massachusetts,7/2/20,104901,8132,234,51,120
Massachusetts,7/3/20,105010,8149,109,17,121
Massachusetts,7/4/20,105077,8172,67,23,122
Massachusetts,7/5/20,105192,8183,115,11,123
Massachusetts,7/6/20,105442,8198,250,15,124
Massachusetts,7/7/20,105695,8213,253,15,125
Massachusetts,7/8/20,105926,8243,231,30,126
Massachusetts,7/9/20,106201,8268,275,25,127
Massachusetts,7/10/20,106447,8296,246,28,128
Massachusetts,7/11/20,106573,8310,126,14,129
Massachusetts,7/12/20,106675,8325,102,15,130
Massachusetts,7/13/20,106977,8330,302,5,131
Massachusetts,7/14/20,107214,8340,237,10,132
Massachusetts,7/15/20,107532,8368,318,28,133
Massachusetts,7/16/20,107778,8380,246,12,134
Massachusetts,7/17/20,108023,8402,245,22,135
Massachusetts,7/18/20,108158,8419,135,17,136
Massachusetts,7/19/20,108252,8431,94,12,137
Massachusetts,7/20/20,108545,8433,293,2,138
Massachusetts,7/21/20,108836,8450,291,17,139
Massachusetts,7/22/20,109126,8468,290,18,140
Massachusetts,7/23/20,109428,8484,302,16,141
Massachusetts,7/24/20,109710,8498,282,14,142
Massachusetts,7/25/20,109894,8510,184,12,143
Massachusetts,7/26/20,110037,8529,143,19,144
Massachusetts,7/27/20,110422,8536,385,7,145
Massachusetts,7/28/20,110778,8551,356,15,146
Massachusetts,7/29/20,111129,8580,351,29,147
Massachusetts,7/30/20,111483,8580,354,0,148
Massachusetts,7/31/20,111836,8609,353,29,149
Massachusetts,8/1/20,111988,8626,152,17,150
Massachusetts,8/2/20,112109,8638,121,12,151
Massachusetts,8/3/20,112490,8648,381,10,152
Massachusetts,8/4/20,112814,8657,324,9,153
Massachusetts,8/5/20,113161,8659,347,2,154
Massachusetts,8/6/20,113543,8691,382,32,155
Massachusetts,8/7/20,113868,8709,325,18,156
Massachusetts,8/8/20,114050,8721,182,12,157
Massachusetts,8/9/20,114152,8735,102,14,158
Massachusetts,8/10/20,114532,8741,380,6,159
Massachusetts,8/11/20,114839,8751,307,10,160
Massachusetts,8/12/20,115152,8769,313,18,161
Massachusetts,8/13/20,115521,8790,369,21,162
Massachusetts,8/14/20,115882,8810,361,20,163
Massachusetts,8/15/20,116058,8826,176,16,164
Massachusetts,8/16/20,116179,8838,121,12,165
Massachusetts,8/17/20,116561,8842,382,4,166
Massachusetts,8/18/20,116958,8848,397,6,167
Massachusetts,8/19/20,117301,8876,343,28,168
Massachusetts,8/20/20,117662,8888,361,12,169
Massachusetts,8/21/20,117962,8901,300,13,170
Massachusetts,8/22/20,118127,8921,165,20,171
Massachusetts,8/23/20,118237,8921,110,0,172
Massachusetts,8/24/20,118650,8949,413,28,173
Massachusetts,8/25/20,119054,8961,404,12,174
Massachusetts,8/26/20,119455,8987,401,26,175
Massachusetts,8/27/20,119832,9008,377,21,176
Massachusetts,8/28/20,120208,9024,376,16,177
Massachusetts,8/29/20,120411,9036,203,12,178
Massachusetts,8/30/20,120568,9049,157,13,179
Massachusetts,8/31/20,121018,9060,450,11,180
Massachusetts,9/1/20,121422,9064,404,4,181
Massachusetts,9/2/20,121826,9060,404,-4,182
Massachusetts,9/3/20,121546,9077,-280,17,183
Massachusetts,9/4/20,121758,9100,212,23,184
Massachusetts,9/5/20,122196,9116,438,16,185
Massachusetts,9/6/20,122562,9125,366,9,186
Massachusetts,9/7/20,122791,9133,229,8,187
Massachusetts,9/8/20,122962,9141,171,8,188
Massachusetts,9/9/20,123143,9146,181,5,189
Massachusetts,9/10/20,123546,9166,403,20,190
Massachusetts,9/11/20,123986,9180,440,14,191
Massachusetts,9/12/20,124540,9196,554,16,192
Massachusetts,9/13/20,124826,9210,286,14,193
Massachusetts,9/14/20,125080,9219,254,9,194
Massachusetts,9/15/20,125393,9225,313,6,195
Massachusetts,9/16/20,125699,9245,306,20,196
Massachusetts,9/17/20,126128,9260,429,15,197
Massachusetts,9/18/20,126582,9269,454,9,198
Massachusetts,9/19/20,127181,9295,599,26,199
Massachusetts,9/20/20,127540,9310,359,15,200
Massachusetts,9/21/20,127796,9317,256,7,201
Massachusetts,9/22/20,127969,9328,173,11,202
Massachusetts,9/23/20,128512,9347,543,19,203
Massachusetts,9/24/20,128993,9362,481,15,204
Massachusetts,9/25/20,129481,9373,488,11,205
Massachusetts,9/26/20,130050,9391,569,18,206
Massachusetts,9/27/20,130642,9404,592,13,207
Massachusetts,9/28/20,131072,9415,430,11,208
