country,date,confirmed,deaths,new_confirmed,new_deaths,tagged_day
Mauritania,5/14/20,20,2,5,0,1
Mauritania,5/15/20,29,3,9,1,2
Mauritania,5/16/20,40,4,11,1,3
Mauritania,5/17/20,62,4,22,0,4
Mauritania,5/18/20,81,4,19,0,5
Mauritania,5/19/20,131,4,50,0,6
Mauritania,5/20/20,141,4,10,0,7
Mauritania,5/21/20,173,5,32,1,8
Mauritania,5/22/20,200,6,27,1,9
Mauritania,5/23/20,227,6,27,0,10
Mauritania,5/24/20,237,6,10,0,11
Mauritania,5/25/20,262,9,25,3,12
Mauritania,5/26/20,268,13,6,4,13
Mauritania,5/27/20,292,16,24,3,14
Mauritania,5/28/20,346,19,54,3,15
Mauritania,5/29/20,423,20,77,1,16
Mauritania,5/30/20,483,20,60,0,17
Mauritania,5/31/20,530,23,47,3,18
Mauritania,6/1/20,588,23,58,0,19
Mauritania,6/2/20,668,31,80,8,20
Mauritania,6/3/20,745,34,77,3,21
Mauritania,6/4/20,784,39,39,5,22
Mauritania,6/5/20,883,43,99,4,23
Mauritania,6/6/20,947,49,64,6,24
Mauritania,6/7/20,1049,55,102,6,25
Mauritania,6/8/20,1104,59,55,4,26
Mauritania,6/9/20,1162,61,58,2,27
Mauritania,6/10/20,1283,71,121,10,28
Mauritania,6/11/20,1439,74,156,3,29
Mauritania,6/12/20,1572,81,133,7,30
Mauritania,6/13/20,1682,83,110,2,31
Mauritania,6/14/20,1783,87,101,4,32
Mauritania,6/15/20,1887,91,104,4,33
Mauritania,6/16/20,2057,93,170,2,34
Mauritania,6/17/20,2223,95,166,2,35
Mauritania,6/18/20,2424,97,201,2,36
Mauritania,6/19/20,2621,102,197,5,37
Mauritania,6/20/20,2813,108,192,6,38
Mauritania,6/21/20,2984,111,171,3,39
Mauritania,6/22/20,3121,112,137,1,40
Mauritania,6/23/20,3292,114,171,2,41
Mauritania,6/24/20,3519,116,227,2,42
Mauritania,6/25/20,3739,119,220,3,43
Mauritania,6/26/20,3907,120,168,1,44
Mauritania,6/27/20,4025,121,118,1,45
Mauritania,6/28/20,4149,126,124,5,46
Mauritania,6/29/20,4237,128,88,2,47
Mauritania,6/30/20,4363,129,126,1,48
Mauritania,7/1/20,4472,129,109,0,49
Mauritania,7/2/20,4606,129,134,0,50
Mauritania,7/3/20,4705,129,99,0,51
Mauritania,7/4/20,4827,129,122,0,52
Mauritania,7/5/20,4879,130,52,1,53
Mauritania,7/6/20,4948,133,69,3,54
Mauritania,7/7/20,5024,135,76,2,55
Mauritania,7/8/20,5087,139,63,4,56
Mauritania,7/9/20,5126,144,39,5,57
Mauritania,7/10/20,5203,146,77,2,58
Mauritania,7/11/20,5275,147,72,1,59
Mauritania,7/12/20,5355,147,80,0,60
Mauritania,7/13/20,5446,147,91,0,61
Mauritania,7/14/20,5518,147,72,0,62
Mauritania,7/15/20,5564,149,46,2,63
Mauritania,7/16/20,5659,150,95,1,64
Mauritania,7/17/20,5710,151,51,1,65
Mauritania,7/18/20,5813,153,103,2,66
Mauritania,7/19/20,5873,155,60,2,67
Mauritania,7/20/20,5923,155,50,0,68
Mauritania,7/21/20,5985,155,62,0,69
Mauritania,7/22/20,6027,155,42,0,70
Mauritania,7/23/20,6067,156,40,1,71
Mauritania,7/24/20,6116,156,49,0,72
Mauritania,7/25/20,6151,156,35,0,73
Mauritania,7/26/20,6171,156,20,0,74
Mauritania,7/27/20,6208,156,37,0,75
Mauritania,7/28/20,6249,156,41,0,76
Mauritania,7/29/20,6273,156,24,0,77
Mauritania,7/30/20,6295,157,22,1,78
Mauritania,7/31/20,6310,157,15,0,79
Mauritania,8/1/20,6319,157,9,0,80
Mauritania,8/2/20,6323,157,4,0,81
Mauritania,8/3/20,6382,157,59,0,82
Mauritania,8/4/20,6418,157,36,0,83
Mauritania,8/5/20,6444,157,26,0,84
Mauritania,8/6/20,6444,157,0,0,85
Mauritania,8/7/20,6498,157,54,0,86
Mauritania,8/8/20,6510,157,12,0,87
Mauritania,8/9/20,6523,157,13,0,88
Mauritania,8/10/20,6555,157,32,0,89
Mauritania,8/11/20,6598,157,43,0,90
Mauritania,8/12/20,6622,157,24,0,91
Mauritania,8/13/20,6653,157,31,0,92
Mauritania,8/14/20,6676,157,23,0,93
Mauritania,8/15/20,6693,157,17,0,94
Mauritania,8/16/20,6701,157,8,0,95
Mauritania,8/17/20,6762,157,61,0,96
Mauritania,8/18/20,6789,157,27,0,97
Mauritania,8/19/20,6829,158,40,1,98
Mauritania,8/20/20,6848,158,19,0,99
Mauritania,8/21/20,6885,158,37,0,100
Mauritania,8/22/20,6894,158,9,0,101
Mauritania,8/23/20,6905,158,11,0,102
Mauritania,8/24/20,6928,158,23,0,103
Mauritania,8/25/20,6960,158,32,0,104
Mauritania,8/26/20,6977,158,17,0,105
Mauritania,8/27/20,6993,158,16,0,106
Mauritania,8/28/20,7012,158,19,0,107
Mauritania,8/29/20,7012,158,0,0,108
Mauritania,8/30/20,7016,159,4,1,109
