country,date,confirmed,deaths,new_confirmed,new_deaths,tagged_day
Oman,3/15/20,22,0,3,0,1
Oman,3/16/20,22,0,0,0,2
Oman,3/17/20,24,0,2,0,3
Oman,3/18/20,39,0,15,0,4
Oman,3/19/20,48,0,9,0,5
Oman,3/20/20,48,0,0,0,6
Oman,3/21/20,52,0,4,0,7
Oman,3/22/20,55,0,3,0,8
Oman,3/23/20,66,0,11,0,9
Oman,3/24/20,84,0,18,0,10
Oman,3/25/20,99,0,15,0,11
Oman,3/26/20,109,0,10,0,12
Oman,3/27/20,131,0,22,0,13
Oman,3/28/20,152,0,21,0,14
Oman,3/29/20,167,0,15,0,15
Oman,3/30/20,179,0,12,0,16
Oman,3/31/20,192,1,13,1,17
Oman,4/1/20,210,1,18,0,18
Oman,4/2/20,231,1,21,0,19
Oman,4/3/20,252,1,21,0,20
Oman,4/4/20,277,2,25,1,21
Oman,4/5/20,298,2,21,0,22
Oman,4/6/20,331,2,33,0,23
Oman,4/7/20,371,2,40,0,24
Oman,4/8/20,419,2,48,0,25
Oman,4/9/20,457,3,38,1,26
Oman,4/10/20,484,3,27,0,27
Oman,4/11/20,546,3,62,0,28
Oman,4/12/20,599,4,53,1,29
Oman,4/13/20,727,4,128,0,30
Oman,4/14/20,813,4,86,0,31
Oman,4/15/20,910,4,97,0,32
Oman,4/16/20,1019,4,109,0,33
Oman,4/17/20,1069,6,50,2,34
Oman,4/18/20,1180,6,111,0,35
Oman,4/19/20,1266,7,86,1,36
Oman,4/20/20,1410,7,144,0,37
Oman,4/21/20,1508,8,98,1,38
Oman,4/22/20,1614,8,106,0,39
Oman,4/23/20,1716,9,102,1,40
Oman,4/24/20,1790,10,74,1,41
Oman,4/25/20,1905,10,115,0,42
Oman,4/26/20,1998,10,93,0,43
Oman,4/27/20,2049,10,51,0,44
Oman,4/28/20,2131,10,82,0,45
Oman,4/29/20,2274,10,143,0,46
Oman,4/30/20,2348,11,74,1,47
Oman,5/1/20,2447,11,99,0,48
Oman,5/2/20,2483,12,36,1,49
Oman,5/3/20,2568,12,85,0,50
Oman,5/4/20,2637,12,69,0,51
Oman,5/5/20,2735,13,98,1,52
Oman,5/6/20,2903,13,168,0,53
Oman,5/7/20,2958,15,55,2,54
Oman,5/8/20,3112,16,154,1,55
Oman,5/9/20,3224,17,112,1,56
Oman,5/10/20,3399,17,175,0,57
Oman,5/11/20,3573,17,174,0,58
Oman,5/12/20,3721,17,148,0,59
Oman,5/13/20,4019,17,298,0,60
Oman,5/14/20,4341,18,322,1,61
Oman,5/15/20,4625,20,284,2,62
Oman,5/16/20,5029,21,404,1,63
Oman,5/17/20,5186,22,157,1,64
Oman,5/18/20,5379,25,193,3,65
Oman,5/19/20,5671,27,292,2,66
Oman,5/20/20,6043,30,372,3,67
Oman,5/21/20,6370,31,327,1,68
Oman,5/22/20,6794,34,424,3,69
Oman,5/23/20,7257,36,463,2,70
Oman,5/24/20,7770,37,513,1,71
Oman,5/25/20,7770,37,0,0,72
Oman,5/26/20,8118,37,348,0,73
Oman,5/27/20,8373,39,255,2,74
Oman,5/28/20,9009,40,636,1,75
Oman,5/29/20,9820,40,811,0,76
Oman,5/30/20,10423,42,603,2,77
Oman,5/31/20,11437,49,1014,7,78
Oman,6/1/20,12223,50,786,1,79
Oman,6/2/20,12799,59,576,9,80
Oman,6/3/20,13537,67,738,8,81
Oman,6/4/20,14316,67,779,0,82
Oman,6/5/20,15086,72,770,5,83
Oman,6/6/20,16016,72,930,0,84
Oman,6/7/20,16882,75,866,3,85
Oman,6/8/20,17486,81,604,6,86
Oman,6/9/20,18198,83,712,2,87
Oman,6/10/20,18887,84,689,1,88
Oman,6/11/20,19954,89,1067,5,89
Oman,6/12/20,21071,96,1117,7,90
Oman,6/13/20,22077,99,1006,3,91
Oman,6/14/20,23481,104,1404,5,92
Oman,6/15/20,24524,108,1043,4,93
Oman,6/16/20,25269,114,745,6,94
Oman,6/17/20,26079,116,810,2,95
Oman,6/18/20,26818,119,739,3,96
Oman,6/19/20,27670,125,852,6,97
Oman,6/20/20,28566,128,896,3,98
Oman,6/21/20,29471,131,905,3,99
Oman,6/22/20,31076,137,1605,6,100
Oman,6/23/20,32394,140,1318,3,101
Oman,6/24/20,33536,142,1142,2,102
Oman,6/25/20,34902,144,1366,2,103
Oman,6/26/20,36034,153,1132,9,104
Oman,6/27/20,36953,159,919,6,105
Oman,6/28/20,38150,163,1197,4,106
Oman,6/29/20,39060,169,910,6,107
Oman,6/30/20,40070,176,1010,7,108
Oman,7/1/20,41194,185,1124,9,109
Oman,7/2/20,42555,188,1361,3,110
Oman,7/3/20,43929,193,1374,5,111
Oman,7/4/20,45106,203,1177,10,112
Oman,7/5/20,46178,213,1072,10,113
Oman,7/6/20,47735,218,1557,5,114
Oman,7/7/20,48997,224,1262,6,115
Oman,7/8/20,50207,233,1210,9,116
Oman,7/9/20,51725,236,1518,3,117
Oman,7/10/20,53614,244,1889,8,118
Oman,7/11/20,54697,248,1083,4,119
Oman,7/12/20,56015,257,1318,9,120
Oman,7/13/20,58179,259,2164,2,121
Oman,7/14/20,59568,273,1389,14,122
Oman,7/15/20,61247,281,1679,8,123
Oman,7/16/20,62574,290,1327,9,124
Oman,7/17/20,64193,298,1619,8,125
Oman,7/18/20,65504,308,1311,10,126
Oman,7/19/20,66661,318,1157,10,127
Oman,7/20/20,68400,326,1739,8,128
Oman,7/21/20,69887,337,1487,11,129
Oman,7/22/20,71547,349,1660,12,130
Oman,7/23/20,72646,355,1099,6,131
Oman,7/24/20,73791,359,1145,4,132
Oman,7/25/20,74858,371,1067,12,133
Oman,7/26/20,76005,384,1147,13,134
Oman,7/27/20,77058,393,1053,9,135
Oman,7/28/20,77904,402,846,9,136
Oman,7/29/20,78569,412,665,10,137
Oman,7/30/20,79159,421,590,9,138
Oman,7/31/20,79159,421,0,0,139
Oman,8/1/20,79159,421,0,0,140
Oman,8/2/20,79159,421,0,0,141
Oman,8/3/20,79159,421,0,0,142
Oman,8/4/20,79159,421,0,0,143
Oman,8/5/20,80286,488,1127,67,144
Oman,8/6/20,80713,492,427,4,145
Oman,8/7/20,81067,502,354,10,146
Oman,8/8/20,81357,509,290,7,147
Oman,8/9/20,81580,513,223,4,148
Oman,8/10/20,81787,521,207,8,149
Oman,8/11/20,82050,533,263,12,150
Oman,8/12/20,82299,539,249,6,151
Oman,8/13/20,82531,551,232,12,152
Oman,8/14/20,82743,557,212,6,153
Oman,8/15/20,82924,562,181,5,154
Oman,8/16/20,83086,572,162,10,155
Oman,8/17/20,83226,588,140,16,156
Oman,8/18/20,83418,597,192,9,157
Oman,8/19/20,83606,603,188,6,158
Oman,8/20/20,83769,609,163,6,159
Oman,8/21/20,83769,609,0,0,160
Oman,8/22/20,83769,609,0,0,161
Oman,8/23/20,83769,609,0,0,162
Oman,8/24/20,84509,637,740,28,163
Oman,8/25/20,84652,642,143,5,164
Oman,8/26/20,84818,646,166,4,165
Oman,8/27/20,85005,650,187,4,166
Oman,8/28/20,85005,650,0,0,167
Oman,8/29/20,85005,650,0,0,168
Oman,8/30/20,85544,677,539,27,169
Oman,8/31/20,85722,685,178,8,170
Oman,9/1/20,85928,689,206,4,171
Oman,9/2/20,85928,689,0,0,172
Oman,9/3/20,86380,705,452,16,173
Oman,9/4/20,86380,705,0,0,174
Oman,9/5/20,86380,705,0,0,175
Oman,9/6/20,87072,728,692,23,176
Oman,9/7/20,87328,734,256,6,177
Oman,9/8/20,87590,742,262,8,178
Oman,9/9/20,87939,751,349,9,179
Oman,9/10/20,88337,762,398,11,180
Oman,9/11/20,88337,762,0,0,181
Oman,9/12/20,88337,762,0,0,182
Oman,9/13/20,89746,780,1409,18,183
Oman,9/14/20,90222,790,476,10,184
Oman,9/15/20,90660,797,438,7,185
Oman,9/16/20,91196,805,536,8,186
Oman,9/17/20,91753,818,557,13,187
Oman,9/18/20,91753,818,0,0,188
Oman,9/19/20,91753,818,0,0,189
Oman,9/20/20,93475,846,1722,28,190
Oman,9/21/20,94051,853,576,7,191
Oman,9/22/20,94711,865,660,12,192
Oman,9/23/20,95339,875,628,10,193
Oman,9/24/20,95907,885,568,10,194
Oman,9/25/20,95907,885,0,0,195
Oman,9/26/20,95907,885,0,0,196
Oman,9/27/20,97450,909,1543,24,197
Oman,9/28/20,98057,924,607,15,198
Oman,9/29/20,98585,935,528,11,199
Oman,9/30/20,98585,935,0,0,200
Oman,10/1/20,98585,935,0,0,201
Oman,10/2/20,98585,935,0,0,202
Oman,10/3/20,98585,935,0,0,203
Oman,10/4/20,101270,977,2685,42,204
Oman,10/5/20,101814,985,544,8,205
