country,date,confirmed,deaths,new_confirmed,new_deaths,tagged_day
Austria,3/3/20,21,0,3,0,1
Austria,3/4/20,29,0,8,0,2
Austria,3/5/20,41,0,12,0,3
Austria,3/6/20,55,0,14,0,4
Austria,3/7/20,79,0,24,0,5
Austria,3/8/20,104,0,25,0,6
Austria,3/9/20,131,0,27,0,7
Austria,3/10/20,182,0,51,0,8
Austria,3/11/20,246,0,64,0,9
Austria,3/12/20,302,1,56,1,10
Austria,3/13/20,504,1,202,0,11
Austria,3/14/20,655,1,151,0,12
Austria,3/15/20,860,1,205,0,13
Austria,3/16/20,1018,3,158,2,14
Austria,3/17/20,1332,3,314,0,15
Austria,3/18/20,1646,4,314,1,16
Austria,3/19/20,2013,6,367,2,17
Austria,3/20/20,2388,6,375,0,18
Austria,3/21/20,2814,8,426,2,19
Austria,3/22/20,3582,16,768,8,20
Austria,3/23/20,4474,21,892,5,21
Austria,3/24/20,5283,28,809,7,22
Austria,3/25/20,5588,30,305,2,23
Austria,3/26/20,6909,49,1321,19,24
Austria,3/27/20,7657,58,748,9,25
Austria,3/28/20,8271,68,614,10,26
Austria,3/29/20,8788,86,517,18,27
Austria,3/30/20,9618,108,830,22,28
Austria,3/31/20,10180,128,562,20,29
Austria,4/1/20,10711,146,531,18,30
Austria,4/2/20,11129,158,418,12,31
Austria,4/3/20,11524,168,395,10,32
Austria,4/4/20,11781,186,257,18,33
Austria,4/5/20,12051,204,270,18,34
Austria,4/6/20,12297,220,246,16,35
Austria,4/7/20,12639,243,342,23,36
Austria,4/8/20,12942,273,303,30,37
Austria,4/9/20,13244,295,302,22,38
Austria,4/10/20,13555,319,311,24,39
Austria,4/11/20,13806,337,251,18,40
Austria,4/12/20,13945,350,139,13,41
Austria,4/13/20,14041,368,96,18,42
Austria,4/14/20,14226,384,185,16,43
Austria,4/15/20,14336,393,110,9,44
Austria,4/16/20,14476,410,140,17,45
Austria,4/17/20,14595,431,119,21,46
Austria,4/18/20,14671,443,76,12,47
Austria,4/19/20,14749,452,78,9,48
Austria,4/20/20,14795,470,46,18,49
Austria,4/21/20,14873,491,78,21,50
Austria,4/22/20,14925,510,52,19,51
Austria,4/23/20,15002,522,77,12,52
Austria,4/24/20,15071,530,69,8,53
Austria,4/25/20,15148,536,77,6,54
Austria,4/26/20,15225,542,77,6,55
Austria,4/27/20,15274,549,49,7,56
Austria,4/28/20,15357,569,83,20,57
Austria,4/29/20,15402,580,45,11,58
Austria,4/30/20,15452,584,50,4,59
Austria,5/1/20,15531,589,79,5,60
Austria,5/2/20,15558,596,27,7,61
Austria,5/3/20,15597,598,39,2,62
Austria,5/4/20,15621,600,24,2,63
Austria,5/5/20,15650,606,29,6,64
Austria,5/6/20,15684,608,34,2,65
Austria,5/7/20,15752,609,68,1,66
Austria,5/8/20,15774,614,22,5,67
Austria,5/9/20,15833,615,59,1,68
Austria,5/10/20,15871,618,38,3,69
Austria,5/11/20,15882,620,11,2,70
Austria,5/12/20,15961,623,79,3,71
Austria,5/13/20,15997,624,36,1,72
Austria,5/14/20,16058,626,61,2,73
Austria,5/15/20,16109,628,51,2,74
Austria,5/16/20,16201,629,92,1,75
Austria,5/17/20,16242,629,41,0,76
Austria,5/18/20,16269,629,27,0,77
Austria,5/19/20,16321,632,52,3,78
Austria,5/20/20,16353,633,32,1,79
Austria,5/21/20,16404,633,51,0,80
Austria,5/22/20,16436,635,32,2,81
Austria,5/23/20,16486,639,50,4,82
Austria,5/24/20,16503,640,17,1,83
Austria,5/25/20,16539,641,36,1,84
Austria,5/26/20,16557,643,18,2,85
Austria,5/27/20,16591,645,34,2,86
Austria,5/28/20,16628,668,37,23,87
Austria,5/29/20,16655,668,27,0,88
Austria,5/30/20,16685,668,30,0,89
Austria,5/31/20,16731,668,46,0,90
Austria,6/1/20,16733,668,2,0,91
Austria,6/2/20,16759,669,26,1,92
Austria,6/3/20,16771,670,12,1,93
Austria,6/4/20,16805,670,34,0,94
Austria,6/5/20,16843,672,38,2,95
Austria,6/6/20,16898,672,55,0,96
Austria,6/7/20,16902,672,4,0,97
Austria,6/8/20,16968,672,66,0,98
Austria,6/9/20,16979,672,11,0,99
Austria,6/10/20,17005,673,26,1,100
Austria,6/11/20,17034,674,29,1,101
Austria,6/12/20,17064,675,30,1,102
Austria,6/13/20,17078,677,14,2,103
Austria,6/14/20,17109,677,31,0,104
Austria,6/15/20,17135,678,26,1,105
Austria,6/16/20,17189,681,54,3,106
Austria,6/17/20,17203,687,14,6,107
Austria,6/18/20,17223,688,20,1,108
Austria,6/19/20,17271,688,48,0,109
Austria,6/20/20,17323,688,52,0,110
Austria,6/21/20,17341,690,18,2,111
Austria,6/22/20,17380,690,39,0,112
Austria,6/23/20,17408,693,28,3,113
Austria,6/24/20,17449,693,41,0,114
Austria,6/25/20,17477,698,28,5,115
Austria,6/26/20,17522,698,45,0,116
Austria,6/27/20,17580,700,58,2,117
Austria,6/28/20,17654,702,74,2,118
Austria,6/29/20,17723,703,69,1,119
Austria,6/30/20,17766,705,43,2,120
Austria,7/1/20,17873,705,107,0,121
Austria,7/2/20,17941,705,68,0,122
Austria,7/3/20,18050,705,109,0,123
Austria,7/4/20,18165,705,115,0,124
Austria,7/5/20,18280,706,115,1,125
Austria,7/6/20,18365,706,85,0,126
Austria,7/7/20,18421,706,56,0,127
Austria,7/8/20,18513,706,92,0,128
Austria,7/9/20,18615,706,102,0,129
Austria,7/10/20,18709,706,94,0,130
Austria,7/11/20,18783,706,74,0,131
Austria,7/12/20,18897,708,114,2,132
Austria,7/13/20,18948,708,51,0,133
Austria,7/14/20,19021,709,73,1,134
Austria,7/15/20,19154,710,133,1,135
Austria,7/16/20,19270,711,116,1,136
Austria,7/17/20,19439,711,169,0,137
Austria,7/18/20,19573,711,134,0,138
Austria,7/19/20,19655,711,82,0,139
Austria,7/20/20,19743,711,88,0,140
Austria,7/21/20,19827,710,84,-1,141
Austria,7/22/20,19929,711,102,1,142
Austria,7/23/20,20099,711,170,0,143
Austria,7/24/20,20214,711,115,0,144
Austria,7/25/20,20338,712,124,1,145
Austria,7/26/20,20472,712,134,0,146
Austria,7/27/20,20558,713,86,1,147
Austria,7/28/20,20677,713,119,0,148
Austria,7/29/20,20850,716,173,3,149
Austria,7/30/20,20955,718,105,2,150
Austria,7/31/20,21130,718,175,0,151
Austria,8/1/20,21212,718,82,0,152
Austria,8/2/20,21304,718,92,0,153
Austria,8/3/20,21385,718,81,0,154
Austria,8/4/20,21481,719,96,1,155
Austria,8/5/20,21566,719,85,0,156
Austria,8/6/20,21696,719,130,0,157
Austria,8/7/20,21837,720,141,1,158
Austria,8/8/20,21919,721,82,1,159
Austria,8/9/20,22033,721,114,0,160
Austria,8/10/20,22106,723,73,2,161
Austria,8/11/20,22245,723,139,0,162
Austria,8/12/20,22439,724,194,1,163
Austria,8/13/20,22594,725,155,1,164
Austria,8/14/20,22876,725,282,0,165
Austria,8/15/20,23179,728,303,3,166
Austria,8/16/20,23370,728,191,0,167
Austria,8/17/20,23534,729,164,1,168
Austria,8/18/20,23829,729,295,0,169
Austria,8/19/20,24084,729,255,0,170
Austria,8/20/20,24431,729,347,0,171
Austria,8/21/20,24762,730,331,1,172
Austria,8/22/20,25062,732,300,2,173
Austria,8/23/20,25253,732,191,0,174
Austria,8/24/20,25495,733,242,1,175
Austria,8/25/20,25706,733,211,0,176
Austria,8/26/20,26033,733,327,0,177
Austria,8/27/20,26361,733,328,0,178
Austria,8/28/20,26590,733,229,0,179
Austria,8/29/20,26985,733,395,0,180
Austria,8/30/20,27166,733,181,0,181
Austria,8/31/20,27438,733,272,0,182
Austria,9/1/20,27642,734,204,1,183
Austria,9/2/20,27969,734,327,0,184
Austria,9/3/20,28372,735,403,1,185
Austria,9/4/20,28729,735,357,0,186
Austria,9/5/20,29087,735,358,0,187
Austria,9/6/20,29271,736,184,1,188
Austria,9/7/20,29561,746,290,10,189
Austria,9/8/20,30081,747,520,1,190
Austria,9/9/20,30583,747,502,0,191
Austria,9/10/20,31247,748,664,1,192
Austria,9/11/20,31827,750,580,2,193
Austria,9/12/20,32696,754,869,4,194
Austria,9/13/20,33159,756,463,2,195
Austria,9/14/20,33541,757,382,1,196
Austria,9/15/20,34305,757,764,0,197
Austria,9/16/20,35073,758,768,1,198
Austria,9/17/20,35853,758,780,0,199
Austria,9/18/20,36661,763,808,5,200
Austria,9/19/20,37474,765,813,2,201
Austria,9/20/20,38095,766,621,1,202
Austria,9/21/20,38658,767,563,1,203
Austria,9/22/20,39303,771,645,4,204
Austria,9/23/20,39984,777,681,6,205
Austria,9/24/20,40816,783,832,6,206
Austria,9/25/20,41500,786,684,3,207
Austria,9/26/20,42214,787,714,1,208
Austria,9/27/20,42876,787,662,0,209
Austria,9/28/20,43432,790,556,3,210
Austria,9/29/20,44041,796,609,6,211
Austria,9/30/20,44813,799,772,3,212
Austria,10/1/20,45686,802,873,3,213
Austria,10/2/20,46374,803,688,1,214
Austria,10/3/20,47432,809,1058,6,215
Austria,10/4/20,48146,813,714,4,216
Austria,10/5/20,48896,818,750,5,217
Austria,10/6/20,49819,822,923,4,218
Austria,10/7/20,50848,830,1029,8,219
Austria,10/8/20,52057,838,1209,8,220
Austria,10/9/20,53188,842,1131,4,221
Austria,10/10/20,54423,852,1235,10,222
Austria,10/11/20,55319,851,896,-1,223
Austria,10/12/20,56298,855,979,4,224
Austria,10/13/20,57326,861,1028,6,225
Austria,10/14/20,58672,872,1346,11,226
Austria,10/15/20,60224,877,1552,5,227
Austria,10/16/20,61387,882,1163,5,228
Austria,10/17/20,63134,889,1747,7,229
Austria,10/18/20,64806,893,1672,4,230
Austria,10/19/20,65927,904,1121,11,231
Austria,10/20/20,67451,914,1524,10,232
Austria,10/21/20,69409,925,1958,11,233
Austria,10/22/20,71844,941,2435,16,234
Austria,10/23/20,74415,954,2571,13,235
Austria,10/24/20,78029,965,3614,11,236
Austria,10/25/20,80811,979,2782,14,237
Austria,10/26/20,83267,992,2456,13,238
Austria,10/27/20,86102,1005,2835,13,239
Austria,10/28/20,89496,1027,3394,22,240
Austria,10/29/20,93949,1056,4453,29,241
Austria,10/30/20,99576,1082,5627,26,242
Austria,10/31/20,104925,1109,5349,27,243
Austria,11/1/20,109881,1130,4956,21,244
Austria,11/2/20,114016,1159,4135,29,245
Austria,11/3/20,118198,1192,4182,33,246
Austria,11/4/20,125099,1227,6901,35,247
Austria,11/5/20,132515,1268,7416,41,248
Austria,11/6/20,138979,1340,6464,72,249
Austria,11/7/20,147220,1377,8241,37,250
Austria,11/8/20,153153,1411,5933,34,251
Austria,11/9/20,158746,1454,5593,43,252
Austria,11/10/20,164866,1499,6120,45,253
Austria,11/11/20,172380,1564,7514,65,254
Austria,11/12/20,181642,1608,9262,44,255
Austria,11/13/20,191228,1661,9586,53,256
Austria,11/14/20,198291,1746,7063,85,257
Austria,11/15/20,203956,1829,5665,83,258
Austria,11/16/20,208613,1887,4657,58,259
Austria,11/17/20,214597,1945,5984,58,260
Austria,11/18/20,221688,2054,7091,109,261
Austria,11/19/20,228683,2116,6995,62,262
Austria,11/20/20,235351,2224,6668,108,263
Austria,11/21/20,241962,2328,6611,104,264
Austria,11/22/20,247188,2388,5226,60,265
Austria,11/23/20,250333,2459,3145,71,266
Austria,11/24/20,254710,2577,4377,118,267
Austria,11/25/20,260512,2667,5802,90,268
Austria,11/26/20,266038,2773,5526,106,269
Austria,11/27/20,270992,2886,4954,113,270
Austria,11/28/20,275661,3018,4669,132,271
Austria,11/29/20,279708,3105,4047,87,272
Austria,11/30/20,282456,3184,2748,79,273
Austria,12/1/20,285489,3325,3033,141,274
Austria,12/2/20,289461,3446,3972,121,275
Austria,12/3/20,293430,3538,3969,92,276
Austria,12/4/20,297245,3651,3815,113,277
Austria,12/5/20,300689,3757,3444,106,278
Austria,12/6/20,303430,3840,2741,83,279
Austria,12/7/20,305693,3897,2263,57,280
Austria,12/8/20,308070,4002,2377,105,281
Austria,12/9/20,311002,4056,2932,54,282
Austria,12/10/20,313688,4163,2686,107,283
Austria,12/11/20,316581,4289,2893,126,284
Austria,12/12/20,319822,4415,3241,126,285
Austria,12/13/20,322463,4473,2641,58,286
Austria,12/14/20,325051,4530,2588,57,287
Austria,12/15/20,327679,4648,2628,118,288
Austria,12/16/20,330343,4764,2664,116,289
Austria,12/17/20,332828,4982,2485,218,290
Austria,12/18/20,334913,5127,2085,145,291
Austria,12/19/20,337209,5209,2296,82,292
Austria,12/20/20,338854,5351,1645,142,293
Austria,12/21/20,340373,5435,1519,84,294
Austria,12/22/20,342226,5540,1853,105,295
Austria,12/23/20,344357,5654,2131,114,296
Austria,12/24/20,347204,5745,2847,91,297
Austria,12/25/20,349055,5783,1851,38,298
Austria,12/26/20,350484,5843,1429,60,299
Austria,12/27/20,351892,5881,1408,38,300
Austria,12/28/20,353484,5931,1592,50,301
Austria,12/29/20,355352,6059,1868,128,302
Austria,12/30/20,357902,6149,2550,90,303
Austria,12/31/20,360815,6222,2913,73,304
Austria,1/1/21,362911,6261,2096,39,305
Austria,1/2/21,364302,6275,1391,14,306
Austria,1/3/21,365768,6324,1466,49,307
Austria,1/4/21,367410,6357,1642,33,308
Austria,1/5/21,369721,6457,2311,100,309
Austria,1/6/21,372190,6525,2469,68,310
Austria,1/7/21,374730,6568,2540,43,311
Austria,1/8/21,376793,6641,2063,73,312
Austria,1/9/21,379071,6687,2278,46,313
Austria,1/10/21,380722,6723,1651,36,314
Austria,1/11/21,382258,6747,1536,24,315
Austria,1/12/21,383833,6819,1575,72,316
Austria,1/13/21,385750,6868,1917,49,317
Austria,1/14/21,389260,6921,3510,53,318
Austria,1/15/21,390788,6987,1528,66,319
Austria,1/16/21,392511,7053,1723,66,320
Austria,1/17/21,393778,7082,1267,29,321
Austria,1/18/21,394939,7122,1161,40,322
Austria,1/19/21,396425,7199,1486,77,323
Austria,1/20/21,398096,7237,1671,38,324
Austria,1/21/21,399798,7288,1702,51,325
Austria,1/22/21,401886,7330,2088,42,326
Austria,1/23/21,403512,7389,1626,59,327
Austria,1/24/21,404714,7418,1202,29,328
Austria,1/25/21,405723,7451,1009,33,329
Austria,1/26/21,407140,7515,1417,64,330
Austria,1/27/21,408781,7564,1641,49,331
Austria,1/28/21,410230,7607,1449,43,332
Austria,1/29/21,411730,7658,1500,51,333
Austria,1/30/21,413208,7703,1478,45,334
Austria,1/31/21,414398,7721,1190,18,335
Austria,2/1/21,415522,7778,1124,57,336
Austria,2/2/21,416763,7847,1241,69,337
Austria,2/3/21,418283,7902,1520,55,338
Austria,2/4/21,419801,7936,1518,34,339
Austria,2/5/21,421189,7973,1388,37,340
Austria,2/6/21,422522,7994,1333,21,341
Austria,2/7/21,423839,8012,1317,18,342
Austria,2/8/21,424896,8032,1057,20,343
Austria,2/9/21,426093,8071,1197,39,344
Austria,2/10/21,427562,8114,1469,43,345
Austria,2/11/21,429139,8138,1577,24,346
Austria,2/12/21,430870,8170,1731,32,347
Austria,2/13/21,432303,8195,1433,25,348
Austria,2/14/21,433487,8211,1184,16,349
