country,date,confirmed,deaths,new_confirmed,new_deaths,tagged_day
Benin,4/5/20,22,0,6,0,1
Benin,4/6/20,26,1,4,1,2
Benin,4/7/20,26,1,0,0,3
Benin,4/8/20,26,1,0,0,4
Benin,4/9/20,26,1,0,0,5
Benin,4/10/20,35,1,9,0,6
Benin,4/11/20,35,1,0,0,7
Benin,4/12/20,35,1,0,0,8
Benin,4/13/20,35,1,0,0,9
Benin,4/14/20,35,1,0,0,10
Benin,4/15/20,35,1,0,0,11
Benin,4/16/20,35,1,0,0,12
Benin,4/17/20,35,1,0,0,13
Benin,4/18/20,35,1,0,0,14
Benin,4/19/20,35,1,0,0,15
Benin,4/20/20,54,1,19,0,16
Benin,4/21/20,54,1,0,0,17
Benin,4/22/20,54,1,0,0,18
Benin,4/23/20,54,1,0,0,19
Benin,4/24/20,54,1,0,0,20
Benin,4/25/20,54,1,0,0,21
Benin,4/26/20,64,1,10,0,22
Benin,4/27/20,64,1,0,0,23
Benin,4/28/20,64,1,0,0,24
Benin,4/29/20,64,1,0,0,25
Benin,4/30/20,64,1,0,0,26
Benin,5/1/20,90,2,26,1,27
Benin,5/2/20,90,2,0,0,28
Benin,5/3/20,90,2,0,0,29
Benin,5/4/20,96,2,6,0,30
Benin,5/5/20,96,2,0,0,31
Benin,5/6/20,96,2,0,0,32
Benin,5/7/20,140,2,44,0,33
Benin,5/8/20,242,2,102,0,34
Benin,5/9/20,284,2,42,0,35
Benin,5/10/20,319,2,35,0,36
Benin,5/11/20,319,2,0,0,37
Benin,5/12/20,327,2,8,0,38
Benin,5/13/20,327,2,0,0,39
Benin,5/14/20,339,2,12,0,40
Benin,5/15/20,339,2,0,0,41
Benin,5/16/20,339,2,0,0,42
Benin,5/17/20,339,2,0,0,43
Benin,5/18/20,339,2,0,0,44
Benin,5/19/20,130,2,-209,0,45
Benin,5/20/20,130,2,0,0,46
Benin,5/21/20,135,3,5,1,47
Benin,5/22/20,135,3,0,0,48
Benin,5/23/20,135,3,0,0,49
Benin,5/24/20,191,3,56,0,50
Benin,5/25/20,191,3,0,0,51
Benin,5/26/20,208,3,17,0,52
Benin,5/27/20,210,3,2,0,53
Benin,5/28/20,210,3,0,0,54
Benin,5/29/20,224,3,14,0,55
Benin,5/30/20,224,3,0,0,56
Benin,5/31/20,232,3,8,0,57
Benin,6/1/20,243,3,11,0,58
Benin,6/2/20,244,3,1,0,59
Benin,6/3/20,244,3,0,0,60
Benin,6/4/20,261,3,17,0,61
Benin,6/5/20,261,3,0,0,62
Benin,6/6/20,261,3,0,0,63
Benin,6/7/20,261,3,0,0,64
Benin,6/8/20,288,4,27,1,65
Benin,6/9/20,305,4,17,0,66
Benin,6/10/20,305,4,0,0,67
Benin,6/11/20,305,4,0,0,68
Benin,6/12/20,388,5,83,1,69
Benin,6/13/20,412,6,24,1,70
Benin,6/14/20,442,6,30,0,71
Benin,6/15/20,483,9,41,3,72
Benin,6/16/20,532,9,49,0,73
Benin,6/17/20,572,9,40,0,74
Benin,6/18/20,597,11,25,2,75
Benin,6/19/20,650,11,53,0,76
Benin,6/20/20,650,11,0,0,77
Benin,6/21/20,765,13,115,2,78
Benin,6/22/20,807,13,42,0,79
Benin,6/23/20,850,13,43,0,80
Benin,6/24/20,902,13,52,0,81
Benin,6/25/20,1017,14,115,1,82
Benin,6/26/20,1053,14,36,0,83
Benin,6/27/20,1124,14,71,0,84
Benin,6/28/20,1149,16,25,2,85
Benin,6/29/20,1187,19,38,3,86
Benin,6/30/20,1199,21,12,2,87
Benin,7/1/20,1199,21,0,0,88
Benin,7/2/20,1199,21,0,0,89
Benin,7/3/20,1199,21,0,0,90
Benin,7/4/20,1199,21,0,0,91
Benin,7/5/20,1199,21,0,0,92
Benin,7/6/20,1199,21,0,0,93
Benin,7/7/20,1199,21,0,0,94
Benin,7/8/20,1199,21,0,0,95
Benin,7/9/20,1285,23,86,2,96
Benin,7/10/20,1285,23,0,0,97
Benin,7/11/20,1378,26,93,3,98
Benin,7/12/20,1378,26,0,0,99
Benin,7/13/20,1378,26,0,0,100
Benin,7/14/20,1378,26,0,0,101
Benin,7/15/20,1378,26,0,0,102
Benin,7/16/20,1463,28,85,2,103
Benin,7/17/20,1602,31,139,3,104
Benin,7/18/20,1602,31,0,0,105
Benin,7/19/20,1602,31,0,0,106
Benin,7/20/20,1602,31,0,0,107
Benin,7/21/20,1602,31,0,0,108
Benin,7/22/20,1690,34,88,3,109
Benin,7/23/20,1694,34,4,0,110
Benin,7/24/20,1694,34,0,0,111
Benin,7/25/20,1694,34,0,0,112
Benin,7/26/20,1770,35,76,1,113
Benin,7/27/20,1770,35,0,0,114
Benin,7/28/20,1770,35,0,0,115
Benin,7/29/20,1805,36,35,1,116
Benin,7/30/20,1805,36,0,0,117
Benin,7/31/20,1805,36,0,0,118
Benin,8/1/20,1805,36,0,0,119
Benin,8/2/20,1805,36,0,0,120
Benin,8/3/20,1805,36,0,0,121
Benin,8/4/20,1914,38,109,2,122
Benin,8/5/20,1936,38,22,0,123
Benin,8/6/20,1936,38,0,0,124
Benin,8/7/20,1936,38,0,0,125
Benin,8/8/20,1936,38,0,0,126
Benin,8/9/20,1936,38,0,0,127
Benin,8/10/20,1936,38,0,0,128
Benin,8/11/20,2001,38,65,0,129
Benin,8/12/20,2014,38,13,0,130
Benin,8/13/20,2014,38,0,0,131
Benin,8/14/20,2014,38,0,0,132
Benin,8/15/20,2063,39,49,1,133
Benin,8/16/20,2063,39,0,0,134
Benin,8/17/20,2063,39,0,0,135
Benin,8/18/20,2063,39,0,0,136
Benin,8/19/20,2095,39,32,0,137
Benin,8/20/20,2095,39,0,0,138
Benin,8/21/20,2095,39,0,0,139
Benin,8/22/20,2115,39,20,0,140
Benin,8/23/20,2115,39,0,0,141
Benin,8/24/20,2115,39,0,0,142
Benin,8/25/20,2115,39,0,0,143
Benin,8/26/20,2145,40,30,1,144
Benin,8/27/20,2145,40,0,0,145
Benin,8/28/20,2145,40,0,0,146
Benin,8/29/20,2145,40,0,0,147
Benin,8/30/20,2145,40,0,0,148
Benin,8/31/20,2145,40,0,0,149
Benin,9/1/20,2145,40,0,0,150
Benin,9/2/20,2194,40,49,0,151
Benin,9/3/20,2194,40,0,0,152
Benin,9/4/20,2194,40,0,0,153
Benin,9/5/20,2213,40,19,0,154
Benin,9/6/20,2213,40,0,0,155
Benin,9/7/20,2213,40,0,0,156
Benin,9/8/20,2213,40,0,0,157
Benin,9/9/20,2242,40,29,0,158
Benin,9/10/20,2242,40,0,0,159
Benin,9/11/20,2242,40,0,0,160
Benin,9/12/20,2242,40,0,0,161
Benin,9/13/20,2267,40,25,0,162
Benin,9/14/20,2267,40,0,0,163
Benin,9/15/20,2267,40,0,0,164
Benin,9/16/20,2280,40,13,0,165
Benin,9/17/20,2280,40,0,0,166
Benin,9/18/20,2280,40,0,0,167
Benin,9/19/20,2280,40,0,0,168
Benin,9/20/20,2280,40,0,0,169
Benin,9/21/20,2294,40,14,0,170
Benin,9/22/20,2294,40,0,0,171
Benin,9/23/20,2325,40,31,0,172
Benin,9/24/20,2325,40,0,0,173
Benin,9/25/20,2325,40,0,0,174
Benin,9/26/20,2325,40,0,0,175
Benin,9/27/20,2340,40,15,0,176
Benin,9/28/20,2340,40,0,0,177
Benin,9/29/20,2340,40,0,0,178
Benin,9/30/20,2357,41,17,1,179
Benin,10/1/20,2357,41,0,0,180
Benin,10/2/20,2357,41,0,0,181
Benin,10/3/20,2357,41,0,0,182
Benin,10/4/20,2357,41,0,0,183
Benin,10/5/20,2357,41,0,0,184
Benin,10/6/20,2357,41,0,0,185
Benin,10/7/20,2411,41,54,0,186
Benin,10/8/20,2411,41,0,0,187
Benin,10/9/20,2411,41,0,0,188
Benin,10/10/20,2411,41,0,0,189
Benin,10/11/20,2411,41,0,0,190
Benin,10/12/20,2411,41,0,0,191
Benin,10/13/20,2411,41,0,0,192
Benin,10/14/20,2478,41,67,0,193
Benin,10/15/20,2496,41,18,0,194
Benin,10/16/20,2496,41,0,0,195
Benin,10/17/20,2496,41,0,0,196
Benin,10/18/20,2496,41,0,0,197
Benin,10/19/20,2496,41,0,0,198
Benin,10/20/20,2496,41,0,0,199
Benin,10/21/20,2557,41,61,0,200
Benin,10/22/20,2557,41,0,0,201
Benin,10/23/20,2557,41,0,0,202
Benin,10/24/20,2557,41,0,0,203
Benin,10/25/20,2557,41,0,0,204
Benin,10/26/20,2557,41,0,0,205
Benin,10/27/20,2557,41,0,0,206
Benin,10/28/20,2643,41,86,0,207
Benin,10/29/20,2643,41,0,0,208
Benin,10/30/20,2643,41,0,0,209
Benin,10/31/20,2643,41,0,0,210
Benin,11/1/20,2683,41,40,0,211
Benin,11/2/20,2683,41,0,0,212
Benin,11/3/20,2683,41,0,0,213
Benin,11/4/20,2745,43,62,2,214
Benin,11/5/20,2745,43,0,0,215
Benin,11/6/20,2745,43,0,0,216
Benin,11/7/20,2745,43,0,0,217
Benin,11/8/20,2745,43,0,0,218
Benin,11/9/20,2781,43,36,0,219
Benin,11/10/20,2781,43,0,0,220
Benin,11/11/20,2844,43,63,0,221
Benin,11/12/20,2844,43,0,0,222
Benin,11/13/20,2844,43,0,0,223
Benin,11/14/20,2844,43,0,0,224
Benin,11/15/20,2844,43,0,0,225
Benin,11/16/20,2884,43,40,0,226
Benin,11/17/20,2884,43,0,0,227
Benin,11/18/20,2916,43,32,0,228
Benin,11/19/20,2916,43,0,0,229
Benin,11/20/20,2916,43,0,0,230
Benin,11/21/20,2916,43,0,0,231
Benin,11/22/20,2916,43,0,0,232
Benin,11/23/20,2916,43,0,0,233
Benin,11/24/20,2916,43,0,0,234
Benin,11/25/20,2974,43,58,0,235
Benin,11/26/20,2974,43,0,0,236
Benin,11/27/20,2974,43,0,0,237
Benin,11/28/20,2974,43,0,0,238
Benin,11/29/20,2974,43,0,0,239
Benin,11/30/20,3015,43,41,0,240
Benin,12/1/20,3015,43,0,0,241
Benin,12/2/20,3055,44,40,1,242
Benin,12/3/20,3055,44,0,0,243
Benin,12/4/20,3055,44,0,0,244
Benin,12/5/20,3055,44,0,0,245
Benin,12/6/20,3055,44,0,0,246
Benin,12/7/20,3073,44,18,0,247
Benin,12/8/20,3073,44,0,0,248
Benin,12/9/20,3090,44,17,0,249
Benin,12/10/20,3090,44,0,0,250
Benin,12/11/20,3090,44,0,0,251
Benin,12/12/20,3090,44,0,0,252
Benin,12/13/20,3090,44,0,0,253
Benin,12/14/20,3090,44,0,0,254
Benin,12/15/20,3090,44,0,0,255
Benin,12/16/20,3152,44,62,0,256
Benin,12/17/20,3152,44,0,0,257
Benin,12/18/20,3152,44,0,0,258
Benin,12/19/20,3152,44,0,0,259
Benin,12/20/20,3167,44,15,0,260
Benin,12/21/20,3167,44,0,0,261
Benin,12/22/20,3167,44,0,0,262
Benin,12/23/20,3205,44,38,0,263
Benin,12/24/20,3205,44,0,0,264
Benin,12/25/20,3205,44,0,0,265
Benin,12/26/20,3205,44,0,0,266
Benin,12/27/20,3205,44,0,0,267
Benin,12/28/20,3205,44,0,0,268
Benin,12/29/20,3205,44,0,0,269
Benin,12/30/20,3251,44,46,0,270
Benin,12/31/20,3251,44,0,0,271
Benin,1/1/21,3251,44,0,0,272
Benin,1/2/21,3251,44,0,0,273
Benin,1/3/21,3251,44,0,0,274
Benin,1/4/21,3251,44,0,0,275
Benin,1/5/21,3304,44,53,0,276
Benin,1/6/21,3304,44,0,0,277
Benin,1/7/21,3304,44,0,0,278
Benin,1/8/21,3304,44,0,0,279
Benin,1/9/21,3304,44,0,0,280
Benin,1/10/21,3304,44,0,0,281
Benin,1/11/21,3363,46,59,2,282
Benin,1/12/21,3363,46,0,0,283
Benin,1/13/21,3413,46,50,0,284
Benin,1/14/21,3413,46,0,0,285
Benin,1/15/21,3413,46,0,0,286
Benin,1/16/21,3413,46,0,0,287
Benin,1/17/21,3413,46,0,0,288
Benin,1/18/21,3413,46,0,0,289
Benin,1/19/21,3413,46,0,0,290
Benin,1/20/21,3557,46,144,0,291
Benin,1/21/21,3582,48,25,2,292
Benin,1/22/21,3643,48,61,0,293
Benin,1/23/21,3643,48,0,0,294
Benin,1/24/21,3643,48,0,0,295
Benin,1/25/21,3643,48,0,0,296
Benin,1/26/21,3643,48,0,0,297
Benin,1/27/21,3786,48,143,0,298
Benin,1/28/21,3786,48,0,0,299
Benin,1/29/21,3786,48,0,0,300
Benin,1/30/21,3786,48,0,0,301
Benin,1/31/21,3893,52,107,4,302
Benin,2/1/21,3893,52,0,0,303
Benin,2/2/21,3893,52,0,0,304
Benin,2/3/21,4119,54,226,2,305
Benin,2/4/21,4119,54,0,0,306
Benin,2/5/21,4193,55,74,1,307
Benin,2/6/21,4193,55,0,0,308
Benin,2/7/21,4193,55,0,0,309
Benin,2/8/21,4193,55,0,0,310
Benin,2/9/21,4193,55,0,0,311
Benin,2/10/21,4560,56,367,1,312
Benin,2/11/21,4560,56,0,0,313
Benin,2/12/21,4560,56,0,0,314
Benin,2/13/21,4560,56,0,0,315
Benin,2/14/21,4560,56,0,0,316
