country,date,confirmed,deaths,new_confirmed,new_deaths,tagged_day
Bhutan,5/15/20,21,0,1,0,1
Bhutan,5/16/20,21,0,0,0,2
Bhutan,5/17/20,21,0,0,0,3
Bhutan,5/18/20,21,0,0,0,4
Bhutan,5/19/20,21,0,0,0,5
Bhutan,5/20/20,21,0,0,0,6
Bhutan,5/21/20,21,0,0,0,7
Bhutan,5/22/20,21,0,0,0,8
Bhutan,5/23/20,24,0,3,0,9
Bhutan,5/24/20,24,0,0,0,10
Bhutan,5/25/20,27,0,3,0,11
Bhutan,5/26/20,27,0,0,0,12
Bhutan,5/27/20,28,0,1,0,13
Bhutan,5/28/20,31,0,3,0,14
Bhutan,5/29/20,31,0,0,0,15
Bhutan,5/30/20,33,0,2,0,16
Bhutan,5/31/20,43,0,10,0,17
Bhutan,6/1/20,43,0,0,0,18
Bhutan,6/2/20,47,0,4,0,19
Bhutan,6/3/20,47,0,0,0,20
Bhutan,6/4/20,47,0,0,0,21
Bhutan,6/5/20,48,0,1,0,22
Bhutan,6/6/20,48,0,0,0,23
Bhutan,6/7/20,59,0,11,0,24
Bhutan,6/8/20,59,0,0,0,25
Bhutan,6/9/20,59,0,0,0,26
Bhutan,6/10/20,59,0,0,0,27
Bhutan,6/11/20,62,0,3,0,28
Bhutan,6/12/20,62,0,0,0,29
Bhutan,6/13/20,66,0,4,0,30
Bhutan,6/14/20,66,0,0,0,31
Bhutan,6/15/20,67,0,1,0,32
Bhutan,6/16/20,67,0,0,0,33
Bhutan,6/17/20,67,0,0,0,34
Bhutan,6/18/20,67,0,0,0,35
Bhutan,6/19/20,68,0,1,0,36
Bhutan,6/20/20,68,0,0,0,37
Bhutan,6/21/20,68,0,0,0,38
Bhutan,6/22/20,68,0,0,0,39
Bhutan,6/23/20,70,0,2,0,40
Bhutan,6/24/20,70,0,0,0,41
Bhutan,6/25/20,70,0,0,0,42
Bhutan,6/26/20,70,0,0,0,43
Bhutan,6/27/20,75,0,5,0,44
Bhutan,6/28/20,76,0,1,0,45
Bhutan,6/29/20,77,0,1,0,46
Bhutan,6/30/20,77,0,0,0,47
Bhutan,7/1/20,77,0,0,0,48
Bhutan,7/2/20,77,0,0,0,49
Bhutan,7/3/20,77,0,0,0,50
Bhutan,7/4/20,78,0,1,0,51
Bhutan,7/5/20,80,0,2,0,52
Bhutan,7/6/20,80,0,0,0,53
Bhutan,7/7/20,80,0,0,0,54
Bhutan,7/8/20,80,0,0,0,55
Bhutan,7/9/20,80,0,0,0,56
Bhutan,7/10/20,80,0,0,0,57
Bhutan,7/11/20,82,0,2,0,58
Bhutan,7/12/20,84,0,2,0,59
Bhutan,7/13/20,84,0,0,0,60
Bhutan,7/14/20,84,0,0,0,61
Bhutan,7/15/20,84,0,0,0,62
Bhutan,7/16/20,86,0,2,0,63
Bhutan,7/17/20,87,0,1,0,64
Bhutan,7/18/20,87,0,0,0,65
Bhutan,7/19/20,89,0,2,0,66
Bhutan,7/20/20,90,0,1,0,67
Bhutan,7/21/20,92,0,2,0,68
Bhutan,7/22/20,92,0,0,0,69
Bhutan,7/23/20,92,0,0,0,70
Bhutan,7/24/20,92,0,0,0,71
Bhutan,7/25/20,92,0,0,0,72
Bhutan,7/26/20,95,0,3,0,73
Bhutan,7/27/20,99,0,4,0,74
Bhutan,7/28/20,99,0,0,0,75
Bhutan,7/29/20,99,0,0,0,76
Bhutan,7/30/20,101,0,2,0,77
Bhutan,7/31/20,101,0,0,0,78
Bhutan,8/1/20,102,0,1,0,79
Bhutan,8/2/20,102,0,0,0,80
Bhutan,8/3/20,103,0,1,0,81
Bhutan,8/4/20,105,0,2,0,82
Bhutan,8/5/20,105,0,0,0,83
Bhutan,8/6/20,108,0,3,0,84
Bhutan,8/7/20,108,0,0,0,85
Bhutan,8/8/20,108,0,0,0,86
Bhutan,8/9/20,110,0,2,0,87
Bhutan,8/10/20,110,0,0,0,88
Bhutan,8/11/20,113,0,3,0,89
Bhutan,8/12/20,113,0,0,0,90
Bhutan,8/13/20,128,0,15,0,91
Bhutan,8/14/20,133,0,5,0,92
Bhutan,8/15/20,133,0,0,0,93
Bhutan,8/16/20,138,0,5,0,94
Bhutan,8/17/20,141,0,3,0,95
Bhutan,8/18/20,147,0,6,0,96
Bhutan,8/19/20,147,0,0,0,97
Bhutan,8/20/20,153,0,6,0,98
Bhutan,8/21/20,154,0,1,0,99
Bhutan,8/22/20,155,0,1,0,100
Bhutan,8/23/20,155,0,0,0,101
Bhutan,8/24/20,156,0,1,0,102
Bhutan,8/25/20,173,0,17,0,103
Bhutan,8/26/20,173,0,0,0,104
Bhutan,8/27/20,184,0,11,0,105
Bhutan,8/28/20,195,0,11,0,106
Bhutan,8/29/20,195,0,0,0,107
Bhutan,8/30/20,224,0,29,0,108
Bhutan,8/31/20,225,0,1,0,109
Bhutan,9/1/20,227,0,2,0,110
Bhutan,9/2/20,227,0,0,0,111
Bhutan,9/3/20,227,0,0,0,112
Bhutan,9/4/20,228,0,1,0,113
Bhutan,9/5/20,228,0,0,0,114
Bhutan,9/6/20,228,0,0,0,115
Bhutan,9/7/20,233,0,5,0,116
Bhutan,9/8/20,234,0,1,0,117
Bhutan,9/9/20,234,0,0,0,118
Bhutan,9/10/20,238,0,4,0,119
Bhutan,9/11/20,241,0,3,0,120
Bhutan,9/12/20,244,0,3,0,121
Bhutan,9/13/20,245,0,1,0,122
Bhutan,9/14/20,245,0,0,0,123
Bhutan,9/15/20,246,0,1,0,124
Bhutan,9/16/20,246,0,0,0,125
Bhutan,9/17/20,246,0,0,0,126
Bhutan,9/18/20,252,0,6,0,127
Bhutan,9/19/20,259,0,7,0,128
Bhutan,9/20/20,261,0,2,0,129
Bhutan,9/21/20,261,0,0,0,130
Bhutan,9/22/20,261,0,0,0,131
Bhutan,9/23/20,261,0,0,0,132
Bhutan,9/24/20,263,0,2,0,133
Bhutan,9/25/20,263,0,0,0,134
Bhutan,9/26/20,271,0,8,0,135
Bhutan,9/27/20,273,0,2,0,136
Bhutan,9/28/20,280,0,7,0,137
Bhutan,9/29/20,281,0,1,0,138
Bhutan,9/30/20,282,0,1,0,139
Bhutan,10/1/20,282,0,0,0,140
Bhutan,10/2/20,283,0,1,0,141
Bhutan,10/3/20,283,0,0,0,142
Bhutan,10/4/20,298,0,15,0,143
Bhutan,10/5/20,299,0,1,0,144
Bhutan,10/6/20,300,0,1,0,145
Bhutan,10/7/20,304,0,4,0,146
Bhutan,10/8/20,304,0,0,0,147
Bhutan,10/9/20,306,0,2,0,148
Bhutan,10/10/20,306,0,0,0,149
Bhutan,10/11/20,309,0,3,0,150
Bhutan,10/12/20,309,0,0,0,151
Bhutan,10/13/20,313,0,4,0,152
Bhutan,10/14/20,316,0,3,0,153
Bhutan,10/15/20,316,0,0,0,154
Bhutan,10/16/20,316,0,0,0,155
Bhutan,10/17/20,325,0,9,0,156
Bhutan,10/18/20,327,0,2,0,157
Bhutan,10/19/20,330,0,3,0,158
Bhutan,10/20/20,331,0,1,0,159
Bhutan,10/21/20,332,0,1,0,160
Bhutan,10/22/20,336,0,4,0,161
Bhutan,10/23/20,336,0,0,0,162
Bhutan,10/24/20,340,0,4,0,163
Bhutan,10/25/20,342,0,2,0,164
Bhutan,10/26/20,342,0,0,0,165
Bhutan,10/27/20,345,0,3,0,166
Bhutan,10/28/20,346,0,1,0,167
Bhutan,10/29/20,346,0,0,0,168
Bhutan,10/30/20,348,0,2,0,169
Bhutan,10/31/20,349,0,1,0,170
Bhutan,11/1/20,354,0,5,0,171
Bhutan,11/2/20,356,0,2,0,172
Bhutan,11/3/20,358,0,2,0,173
Bhutan,11/4/20,358,0,0,0,174
Bhutan,11/5/20,358,0,0,0,175
Bhutan,11/6/20,358,0,0,0,176
Bhutan,11/7/20,359,0,1,0,177
Bhutan,11/8/20,359,0,0,0,178
Bhutan,11/9/20,364,0,5,0,179
Bhutan,11/10/20,364,0,0,0,180
Bhutan,11/11/20,364,0,0,0,181
Bhutan,11/12/20,369,0,5,0,182
Bhutan,11/13/20,369,0,0,0,183
Bhutan,11/14/20,375,0,6,0,184
Bhutan,11/15/20,375,0,0,0,185
Bhutan,11/16/20,377,0,2,0,186
Bhutan,11/17/20,378,0,1,0,187
Bhutan,11/18/20,378,0,0,0,188
Bhutan,11/19/20,378,0,0,0,189
Bhutan,11/20/20,378,0,0,0,190
Bhutan,11/21/20,379,0,1,0,191
Bhutan,11/22/20,382,0,3,0,192
Bhutan,11/23/20,386,0,4,0,193
Bhutan,11/24/20,386,0,0,0,194
Bhutan,11/25/20,386,0,0,0,195
Bhutan,11/26/20,389,0,3,0,196
Bhutan,11/27/20,395,0,6,0,197
Bhutan,11/28/20,396,0,1,0,198
Bhutan,11/29/20,396,0,0,0,199
Bhutan,11/30/20,410,0,14,0,200
Bhutan,12/1/20,414,0,4,0,201
Bhutan,12/2/20,415,0,1,0,202
Bhutan,12/3/20,418,0,3,0,203
Bhutan,12/4/20,424,0,6,0,204
Bhutan,12/5/20,426,0,2,0,205
Bhutan,12/6/20,430,0,4,0,206
Bhutan,12/7/20,432,0,2,0,207
Bhutan,12/8/20,433,0,1,0,208
Bhutan,12/9/20,433,0,0,0,209
Bhutan,12/10/20,434,0,1,0,210
Bhutan,12/11/20,436,0,2,0,211
Bhutan,12/12/20,437,0,1,0,212
Bhutan,12/13/20,438,0,1,0,213
Bhutan,12/14/20,438,0,0,0,214
Bhutan,12/15/20,439,0,1,0,215
Bhutan,12/16/20,440,0,1,0,216
Bhutan,12/17/20,440,0,0,0,217
Bhutan,12/18/20,443,0,3,0,218
Bhutan,12/19/20,443,0,0,0,219
Bhutan,12/20/20,446,0,3,0,220
Bhutan,12/21/20,479,0,33,0,221
Bhutan,12/22/20,479,0,0,0,222
Bhutan,12/23/20,519,0,40,0,223
Bhutan,12/24/20,519,0,0,0,224
Bhutan,12/25/20,576,0,57,0,225
Bhutan,12/26/20,597,0,21,0,226
Bhutan,12/27/20,623,0,26,0,227
Bhutan,12/28/20,623,0,0,0,228
Bhutan,12/29/20,636,0,13,0,229
Bhutan,12/30/20,655,0,19,0,230
Bhutan,12/31/20,670,0,15,0,231
Bhutan,1/1/21,689,0,19,0,232
Bhutan,1/2/21,710,0,21,0,233
Bhutan,1/3/21,716,0,6,0,234
Bhutan,1/4/21,734,0,18,0,235
Bhutan,1/5/21,734,0,0,0,236
Bhutan,1/6/21,755,0,21,0,237
Bhutan,1/7/21,767,0,12,0,238
Bhutan,1/8/21,771,1,4,1,239
Bhutan,1/9/21,810,1,39,0,240
Bhutan,1/10/21,813,1,3,0,241
Bhutan,1/11/21,825,1,12,0,242
Bhutan,1/12/21,831,1,6,0,243
Bhutan,1/13/21,833,1,2,0,244
Bhutan,1/14/21,834,1,1,0,245
Bhutan,1/15/21,837,1,3,0,246
Bhutan,1/16/21,842,1,5,0,247
Bhutan,1/17/21,842,1,0,0,248
Bhutan,1/18/21,843,1,1,0,249
Bhutan,1/19/21,848,1,5,0,250
Bhutan,1/20/21,850,1,2,0,251
Bhutan,1/21/21,850,1,0,0,252
Bhutan,1/22/21,851,1,1,0,253
Bhutan,1/23/21,854,1,3,0,254
Bhutan,1/24/21,855,1,1,0,255
Bhutan,1/25/21,856,1,1,0,256
Bhutan,1/26/21,856,1,0,0,257
Bhutan,1/27/21,856,1,0,0,258
Bhutan,1/28/21,857,1,1,0,259
Bhutan,1/29/21,858,1,1,0,260
Bhutan,1/30/21,858,1,0,0,261
Bhutan,1/31/21,859,1,1,0,262
Bhutan,2/1/21,859,1,0,0,263
Bhutan,2/2/21,859,1,0,0,264
Bhutan,2/3/21,859,1,0,0,265
Bhutan,2/4/21,859,1,0,0,266
Bhutan,2/5/21,861,1,2,0,267
Bhutan,2/6/21,861,1,0,0,268
Bhutan,2/7/21,861,1,0,0,269
Bhutan,2/8/21,861,1,0,0,270
Bhutan,2/9/21,861,1,0,0,271
Bhutan,2/10/21,861,1,0,0,272
Bhutan,2/11/21,861,1,0,0,273
Bhutan,2/12/21,863,1,2,0,274
Bhutan,2/13/21,863,1,0,0,275
Bhutan,2/14/21,864,1,1,0,276
