country,date,confirmed,deaths,new_confirmed,new_deaths,tagged_day
Burma,4/4/20,21,1,1,0,1
Burma,4/5/20,21,1,0,0,2
Burma,4/6/20,22,1,1,0,3
Burma,4/7/20,22,1,0,0,4
Burma,4/8/20,22,3,0,2,5
Burma,4/9/20,23,3,1,0,6
Burma,4/10/20,27,3,4,0,7
Burma,4/11/20,38,3,11,0,8
Burma,4/12/20,41,4,3,1,9
Burma,4/13/20,62,4,21,0,10
Burma,4/14/20,63,4,1,0,11
Burma,4/15/20,74,4,11,0,12
Burma,4/16/20,85,4,11,0,13
Burma,4/17/20,88,4,3,0,14
Burma,4/18/20,98,5,10,1,15
Burma,4/19/20,111,5,13,0,16
Burma,4/20/20,119,5,8,0,17
Burma,4/21/20,121,5,2,0,18
Burma,4/22/20,123,5,2,0,19
Burma,4/23/20,139,5,16,0,20
Burma,4/24/20,144,5,5,0,21
Burma,4/25/20,146,5,2,0,22
Burma,4/26/20,146,5,0,0,23
Burma,4/27/20,146,5,0,0,24
Burma,4/28/20,150,5,4,0,25
Burma,4/29/20,150,6,0,1,26
Burma,4/30/20,151,6,1,0,27
Burma,5/1/20,151,6,0,0,28
Burma,5/2/20,151,6,0,0,29
Burma,5/3/20,155,6,4,0,30
Burma,5/4/20,161,6,6,0,31
Burma,5/5/20,161,6,0,0,32
Burma,5/6/20,161,6,0,0,33
Burma,5/7/20,176,6,15,0,34
Burma,5/8/20,177,6,1,0,35
Burma,5/9/20,178,6,1,0,36
Burma,5/10/20,180,6,2,0,37
Burma,5/11/20,180,6,0,0,38
Burma,5/12/20,180,6,0,0,39
Burma,5/13/20,181,6,1,0,40
Burma,5/14/20,181,6,0,0,41
Burma,5/15/20,182,6,1,0,42
Burma,5/16/20,182,6,0,0,43
Burma,5/17/20,184,6,2,0,44
Burma,5/18/20,191,6,7,0,45
Burma,5/19/20,193,6,2,0,46
Burma,5/20/20,199,6,6,0,47
Burma,5/21/20,199,6,0,0,48
Burma,5/22/20,199,6,0,0,49
Burma,5/23/20,201,6,2,0,50
Burma,5/24/20,201,6,0,0,51
Burma,5/25/20,203,6,2,0,52
Burma,5/26/20,206,6,3,0,53
Burma,5/27/20,206,6,0,0,54
Burma,5/28/20,206,6,0,0,55
Burma,5/29/20,207,6,1,0,56
Burma,5/30/20,224,6,17,0,57
Burma,5/31/20,224,6,0,0,58
Burma,6/1/20,228,6,4,0,59
Burma,6/2/20,232,6,4,0,60
Burma,6/3/20,233,6,1,0,61
Burma,6/4/20,236,6,3,0,62
Burma,6/5/20,236,6,0,0,63
Burma,6/6/20,240,6,4,0,64
Burma,6/7/20,242,6,2,0,65
Burma,6/8/20,244,6,2,0,66
Burma,6/9/20,246,6,2,0,67
Burma,6/10/20,248,6,2,0,68
Burma,6/11/20,260,6,12,0,69
Burma,6/12/20,261,6,1,0,70
Burma,6/13/20,261,6,0,0,71
Burma,6/14/20,261,6,0,0,72
Burma,6/15/20,262,6,1,0,73
Burma,6/16/20,262,6,0,0,74
Burma,6/17/20,262,6,0,0,75
Burma,6/18/20,286,6,24,0,76
Burma,6/19/20,286,6,0,0,77
Burma,6/20/20,287,6,1,0,78
Burma,6/21/20,290,6,3,0,79
Burma,6/22/20,291,6,1,0,80
Burma,6/23/20,292,6,1,0,81
Burma,6/24/20,293,6,1,0,82
Burma,6/25/20,293,6,0,0,83
Burma,6/26/20,293,6,0,0,84
Burma,6/27/20,296,6,3,0,85
Burma,6/28/20,299,6,3,0,86
Burma,6/29/20,299,6,0,0,87
Burma,6/30/20,299,6,0,0,88
Burma,7/1/20,303,6,4,0,89
Burma,7/2/20,304,6,1,0,90
Burma,7/3/20,306,6,2,0,91
Burma,7/4/20,313,6,7,0,92
Burma,7/5/20,313,6,0,0,93
Burma,7/6/20,316,6,3,0,94
Burma,7/7/20,316,6,0,0,95
Burma,7/8/20,317,6,1,0,96
Burma,7/9/20,321,6,4,0,97
Burma,7/10/20,326,6,5,0,98
Burma,7/11/20,330,6,4,0,99
Burma,7/12/20,331,6,1,0,100
Burma,7/13/20,336,6,5,0,101
Burma,7/14/20,337,6,1,0,102
Burma,7/15/20,337,6,0,0,103
Burma,7/16/20,339,6,2,0,104
Burma,7/17/20,339,6,0,0,105
Burma,7/18/20,340,6,1,0,106
Burma,7/19/20,341,6,1,0,107
Burma,7/20/20,341,6,0,0,108
Burma,7/21/20,341,6,0,0,109
Burma,7/22/20,343,6,2,0,110
Burma,7/23/20,343,6,0,0,111
Burma,7/24/20,346,6,3,0,112
Burma,7/25/20,348,6,2,0,113
Burma,7/26/20,350,6,2,0,114
Burma,7/27/20,350,6,0,0,115
Burma,7/28/20,351,6,1,0,116
Burma,7/29/20,351,6,0,0,117
Burma,7/30/20,353,6,2,0,118
Burma,7/31/20,353,6,0,0,119
Burma,8/1/20,353,6,0,0,120
Burma,8/2/20,353,6,0,0,121
Burma,8/3/20,355,6,2,0,122
Burma,8/4/20,356,6,1,0,123
Burma,8/5/20,357,6,1,0,124
Burma,8/6/20,357,6,0,0,125
Burma,8/7/20,359,6,2,0,126
Burma,8/8/20,359,6,0,0,127
Burma,8/9/20,360,6,1,0,128
Burma,8/10/20,360,6,0,0,129
Burma,8/11/20,360,6,0,0,130
Burma,8/12/20,361,6,1,0,131
Burma,8/13/20,369,6,8,0,132
Burma,8/14/20,374,6,5,0,133
Burma,8/15/20,374,6,0,0,134
Burma,8/16/20,375,6,1,0,135
Burma,8/17/20,376,6,1,0,136
Burma,8/18/20,376,6,0,0,137
Burma,8/19/20,394,6,18,0,138
Burma,8/20/20,399,6,5,0,139
Burma,8/21/20,435,6,36,0,140
Burma,8/22/20,441,6,6,0,141
Burma,8/23/20,450,6,9,0,142
Burma,8/24/20,474,6,24,0,143
Burma,8/25/20,504,6,30,0,144
Burma,8/26/20,580,6,76,0,145
Burma,8/27/20,602,6,22,0,146
Burma,8/28/20,643,6,41,0,147
Burma,8/29/20,749,6,106,0,148
Burma,8/30/20,775,6,26,0,149
Burma,8/31/20,882,6,107,0,150
Burma,9/1/20,919,6,37,0,151
Burma,9/2/20,995,6,76,0,152
Burma,9/3/20,1111,6,116,0,153
Burma,9/4/20,1171,7,60,1,154
Burma,9/5/20,1319,8,148,1,155
Burma,9/6/20,1419,8,100,0,156
Burma,9/7/20,1518,8,99,0,157
Burma,9/8/20,1807,12,289,4,158
Burma,9/9/20,2009,14,202,2,159
Burma,9/10/20,2150,14,141,0,160
Burma,9/11/20,2422,14,272,0,161
Burma,9/12/20,2796,16,374,2,162
Burma,9/13/20,3015,24,219,8,163
Burma,9/14/20,3195,32,180,8,164
Burma,9/15/20,3636,39,441,7,165
Burma,9/16/20,3894,46,258,7,166
Burma,9/17/20,4299,61,405,15,167
Burma,9/18/20,4621,75,322,14,168
Burma,9/19/20,5263,81,642,6,169
Burma,9/20/20,5805,94,542,13,170
Burma,9/21/20,6471,100,666,6,171
Burma,9/22/20,6959,116,488,16,172
Burma,9/23/20,7827,133,868,17,173
Burma,9/24/20,8515,155,688,22,174
Burma,9/25/20,9112,174,597,19,175
Burma,9/26/20,9991,198,879,24,176
Burma,9/27/20,10734,226,743,28,177
Burma,9/28/20,11631,256,897,30,178
Burma,9/29/20,12425,284,794,28,179
Burma,9/30/20,13373,310,948,26,180
Burma,10/1/20,14383,321,1010,11,181
Burma,10/2/20,15525,353,1142,32,182
Burma,10/3/20,16503,371,978,18,183
Burma,10/4/20,17794,412,1291,41,184
Burma,10/5/20,18781,444,987,32,185
Burma,10/6/20,20033,471,1252,27,186
Burma,10/7/20,21433,510,1400,39,187
Burma,10/8/20,22445,535,1012,25,188
Burma,10/9/20,23906,566,1461,31,189
Burma,10/10/20,26064,598,2158,32,190
Burma,10/11/20,27974,646,1910,48,191
Burma,10/12/20,29314,664,1340,18,192
Burma,10/13/20,30437,693,1123,29,193
Burma,10/14/20,31325,732,888,39,194
Burma,10/15/20,32351,765,1026,33,195
Burma,10/16/20,33488,799,1137,34,196
Burma,10/17/20,34875,838,1387,39,197
Burma,10/18/20,36025,880,1150,42,198
Burma,10/19/20,37205,914,1180,34,199
Burma,10/20/20,38502,945,1297,31,200
Burma,10/21/20,39696,972,1194,27,201
Burma,10/22/20,41008,1005,1312,33,202
Burma,10/23/20,42365,1038,1357,33,203
Burma,10/24/20,43788,1066,1423,28,204
Burma,10/25/20,44774,1095,986,29,205
Burma,10/26/20,46200,1122,1426,27,206
Burma,10/27/20,47666,1147,1466,25,207
Burma,10/28/20,49072,1172,1406,25,208
Burma,10/29/20,50403,1199,1331,27,209
Burma,10/30/20,51496,1219,1093,20,210
Burma,10/31/20,52706,1237,1210,18,211
Burma,11/1/20,53405,1258,699,21,212
Burma,11/2/20,54607,1282,1202,24,213
Burma,11/3/20,55804,1307,1197,25,214
Burma,11/4/20,56940,1330,1136,23,215
Burma,11/5/20,57935,1352,995,22,216
Burma,11/6/20,59277,1376,1342,24,217
Burma,11/7/20,60348,1396,1071,20,218
Burma,11/8/20,61377,1420,1029,24,219
Burma,11/9/20,61975,1437,598,17,220
Burma,11/10/20,63241,1461,1266,24,221
Burma,11/11/20,64453,1480,1212,19,222
Burma,11/12/20,65598,1508,1145,28,223
Burma,11/13/20,66734,1534,1136,26,224
Burma,11/14/20,68011,1552,1277,18,225
Burma,11/15/20,68994,1577,983,25,226
Burma,11/16/20,70161,1599,1167,22,227
Burma,11/17/20,71730,1625,1569,26,228
Burma,11/18/20,73322,1650,1592,25,229
Burma,11/19/20,74882,1676,1560,26,230
Burma,11/20/20,76414,1695,1532,19,231
Burma,11/21/20,77848,1722,1434,27,232
Burma,11/22/20,79246,1739,1398,17,233
Burma,11/23/20,80505,1765,1259,26,234
Burma,11/24/20,82236,1784,1731,19,235
Burma,11/25/20,83566,1810,1330,26,236
Burma,11/26/20,85205,1846,1639,36,237
Burma,11/27/20,86633,1865,1428,19,238
Burma,11/28/20,87977,1887,1344,22,239
Burma,11/29/20,89486,1918,1509,31,240
Burma,11/30/20,90713,1941,1227,23,241
Burma,12/1/20,92189,1972,1476,31,242
Burma,12/2/20,93600,1998,1411,26,243
Burma,12/3/20,95018,2028,1418,30,244
Burma,12/4/20,96520,2059,1502,31,245
Burma,12/5/20,98047,2081,1527,22,246
Burma,12/6/20,99155,2110,1108,29,247
Burma,12/7/20,100431,2132,1276,22,248
Burma,12/8/20,101739,2151,1308,19,249
Burma,12/9/20,103166,2174,1427,23,250
Burma,12/10/20,104487,2201,1321,27,251
Burma,12/11/20,105863,2220,1376,19,252
Burma,12/12/20,107215,2245,1352,25,253
Burma,12/13/20,108342,2268,1127,23,254
Burma,12/14/20,109512,2292,1170,24,255
Burma,12/15/20,110667,2319,1155,27,256
Burma,12/16/20,111900,2346,1233,27,257
Burma,12/17/20,113082,2377,1182,31,258
Burma,12/18/20,114198,2398,1116,21,259
Burma,12/19/20,115187,2424,989,26,260
Burma,12/20/20,116134,2443,947,19,261
Burma,12/21/20,116982,2465,848,22,262
Burma,12/22/20,117946,2484,964,19,263
Burma,12/23/20,118869,2507,923,23,264
Burma,12/24/20,119788,2532,919,25,265
Burma,12/25/20,120546,2552,758,20,266
Burma,12/26/20,121280,2579,734,27,267
Burma,12/27/20,121886,2601,606,22,268
Burma,12/28/20,122534,2618,648,17,269
Burma,12/29/20,123153,2637,619,19,270
Burma,12/30/20,123740,2664,587,27,271
Burma,12/31/20,124630,2682,890,18,272
Burma,1/1/21,125042,2697,412,15,273
Burma,1/2/21,125616,2711,574,14,274
Burma,1/3/21,126345,2728,729,17,275
Burma,1/4/21,126935,2744,590,16,276
Burma,1/5/21,127584,2766,649,22,277
Burma,1/6/21,128178,2785,594,19,278
Burma,1/7/21,128772,2799,594,14,279
Burma,1/8/21,129483,2812,711,13,280
Burma,1/9/21,130049,2826,566,14,281
Burma,1/10/21,130604,2846,555,20,282
Burma,1/11/21,131186,2858,582,12,283
Burma,1/12/21,131737,2878,551,20,284
Burma,1/13/21,132260,2902,523,24,285
Burma,1/14/21,132865,2912,605,10,286
Burma,1/15/21,133378,2926,513,14,287
Burma,1/16/21,133869,2942,491,16,288
Burma,1/17/21,134318,2955,449,13,289
Burma,1/18/21,134795,2973,477,18,290
Burma,1/19/21,135243,2986,448,13,291
Burma,1/20/21,135721,2997,478,11,292
Burma,1/21/21,136166,3013,445,16,293
Burma,1/22/21,136591,3031,425,18,294
Burma,1/23/21,137098,3045,507,14,295
Burma,1/24/21,137574,3062,476,17,296
Burma,1/25/21,137957,3069,383,7,297
Burma,1/26/21,138368,3082,411,13,298
Burma,1/27/21,138802,3089,434,7,299
Burma,1/28/21,139152,3103,350,14,300
Burma,1/29/21,139515,3115,363,12,301
Burma,1/30/21,139864,3125,349,10,302
Burma,1/31/21,140145,3131,281,6,303
Burma,2/1/21,140354,3138,209,7,304
Burma,2/2/21,140354,3138,0,0,305
Burma,2/3/21,140927,3160,573,22,306
Burma,2/4/21,141104,3163,177,3,307
Burma,2/5/21,141304,3168,200,5,308
Burma,2/6/21,141304,3168,0,0,309
Burma,2/7/21,141304,3168,0,0,310
Burma,2/8/21,141427,3177,123,9,311
Burma,2/9/21,141448,3180,21,3,312
Burma,2/10/21,141487,3181,39,1,313
Burma,2/11/21,141522,3184,35,3,314
Burma,2/12/21,141543,3188,21,4,315
Burma,2/13/21,141585,3188,42,0,316
Burma,2/14/21,141601,3189,16,1,317
