country,date,confirmed,deaths,new_confirmed,new_deaths,tagged_day
Chad,4/13/20,23,0,5,0,1
Chad,4/14/20,23,0,0,0,2
Chad,4/15/20,23,0,0,0,3
Chad,4/16/20,27,0,4,0,4
Chad,4/17/20,27,0,0,0,5
Chad,4/18/20,33,0,6,0,6
Chad,4/19/20,33,0,0,0,7
Chad,4/20/20,33,0,0,0,8
Chad,4/21/20,33,0,0,0,9
Chad,4/22/20,33,0,0,0,10
Chad,4/23/20,33,0,0,0,11
Chad,4/24/20,40,0,7,0,12
Chad,4/25/20,46,0,6,0,13
Chad,4/26/20,46,0,0,0,14
Chad,4/27/20,46,0,0,0,15
Chad,4/28/20,52,2,6,2,16
Chad,4/29/20,52,2,0,0,17
Chad,4/30/20,73,5,21,3,18
Chad,5/1/20,73,5,0,0,19
Chad,5/2/20,117,10,44,5,20
Chad,5/3/20,117,10,0,0,21
Chad,5/4/20,117,10,0,0,22
Chad,5/5/20,170,17,53,7,23
Chad,5/6/20,170,17,0,0,24
Chad,5/7/20,253,27,83,10,25
Chad,5/8/20,260,28,7,1,26
Chad,5/9/20,322,31,62,3,27
Chad,5/10/20,322,31,0,0,28
Chad,5/11/20,322,31,0,0,29
Chad,5/12/20,357,40,35,9,30
Chad,5/13/20,372,42,15,2,31
Chad,5/14/20,399,46,27,4,32
Chad,5/15/20,428,48,29,2,33
Chad,5/16/20,474,50,46,2,34
Chad,5/17/20,503,53,29,3,35
Chad,5/18/20,519,53,16,0,36
Chad,5/19/20,545,56,26,3,37
Chad,5/20/20,565,57,20,1,38
Chad,5/21/20,588,58,23,1,39
Chad,5/22/20,611,58,23,0,40
Chad,5/23/20,648,60,37,2,41
Chad,5/24/20,675,60,27,0,42
Chad,5/25/20,687,61,12,1,43
Chad,5/26/20,700,62,13,1,44
Chad,5/27/20,715,64,15,2,45
Chad,5/28/20,726,65,11,1,46
Chad,5/29/20,759,65,33,0,47
Chad,5/30/20,759,65,0,0,48
Chad,5/31/20,778,65,19,0,49
Chad,6/1/20,790,66,12,1,50
Chad,6/2/20,803,66,13,0,51
Chad,6/3/20,820,66,17,0,52
Chad,6/4/20,828,66,8,0,53
Chad,6/5/20,836,68,8,2,54
Chad,6/6/20,836,69,0,1,55
Chad,6/7/20,837,69,1,0,56
Chad,6/8/20,839,70,2,1,57
Chad,6/9/20,844,71,5,1,58
Chad,6/10/20,846,72,2,1,59
Chad,6/11/20,848,72,2,0,60
Chad,6/12/20,848,72,0,0,61
Chad,6/13/20,848,72,0,0,62
Chad,6/14/20,850,73,2,1,63
Chad,6/15/20,850,73,0,0,64
Chad,6/16/20,853,74,3,1,65
Chad,6/17/20,854,74,1,0,66
Chad,6/18/20,854,74,0,0,67
Chad,6/19/20,858,74,4,0,68
Chad,6/20/20,858,74,0,0,69
Chad,6/21/20,858,74,0,0,70
Chad,6/22/20,858,74,0,0,71
Chad,6/23/20,860,74,2,0,72
Chad,6/24/20,860,74,0,0,73
Chad,6/25/20,863,74,3,0,74
Chad,6/26/20,865,74,2,0,75
Chad,6/27/20,865,74,0,0,76
Chad,6/28/20,866,74,1,0,77
Chad,6/29/20,866,74,0,0,78
Chad,6/30/20,866,74,0,0,79
Chad,7/1/20,866,74,0,0,80
Chad,7/2/20,868,74,2,0,81
Chad,7/3/20,871,74,3,0,82
Chad,7/4/20,871,74,0,0,83
Chad,7/5/20,872,74,1,0,84
Chad,7/6/20,872,74,0,0,85
Chad,7/7/20,873,74,1,0,86
Chad,7/8/20,873,74,0,0,87
Chad,7/9/20,873,74,0,0,88
Chad,7/10/20,874,74,1,0,89
Chad,7/11/20,874,74,0,0,90
Chad,7/12/20,880,75,6,1,91
Chad,7/13/20,880,75,0,0,92
Chad,7/14/20,884,75,4,0,93
Chad,7/15/20,885,75,1,0,94
Chad,7/16/20,886,75,1,0,95
Chad,7/17/20,887,75,1,0,96
Chad,7/18/20,889,75,2,0,97
Chad,7/19/20,889,75,0,0,98
Chad,7/20/20,889,75,0,0,99
Chad,7/21/20,889,75,0,0,100
Chad,7/22/20,889,75,0,0,101
Chad,7/23/20,915,75,26,0,102
Chad,7/24/20,915,75,0,0,103
Chad,7/25/20,915,75,0,0,104
Chad,7/26/20,915,75,0,0,105
Chad,7/27/20,922,75,7,0,106
Chad,7/28/20,926,75,4,0,107
Chad,7/29/20,926,75,0,0,108
Chad,7/30/20,935,75,9,0,109
Chad,7/31/20,936,75,1,0,110
Chad,8/1/20,936,75,0,0,111
Chad,8/2/20,936,75,0,0,112
Chad,8/3/20,936,75,0,0,113
Chad,8/4/20,938,75,2,0,114
Chad,8/5/20,939,75,1,0,115
Chad,8/6/20,942,76,3,1,116
Chad,8/7/20,942,76,0,0,117
Chad,8/8/20,942,76,0,0,118
Chad,8/9/20,944,76,2,0,119
Chad,8/10/20,945,76,1,0,120
Chad,8/11/20,946,76,1,0,121
Chad,8/12/20,949,76,3,0,122
Chad,8/13/20,949,76,0,0,123
Chad,8/14/20,951,76,2,0,124
Chad,8/15/20,952,76,1,0,125
Chad,8/16/20,956,76,4,0,126
Chad,8/17/20,959,76,3,0,127
Chad,8/18/20,970,76,11,0,128
Chad,8/19/20,971,76,1,0,129
Chad,8/20/20,972,76,1,0,130
Chad,8/21/20,981,76,9,0,131
Chad,8/22/20,982,76,1,0,132
Chad,8/23/20,986,76,4,0,133
Chad,8/24/20,987,76,1,0,134
Chad,8/25/20,995,77,8,1,135
Chad,8/26/20,998,77,3,0,136
Chad,8/27/20,1004,77,6,0,137
Chad,8/28/20,1008,77,4,0,138
Chad,8/29/20,1008,77,0,0,139
Chad,8/30/20,1012,77,4,0,140
Chad,8/31/20,1013,77,1,0,141
Chad,9/1/20,1017,77,4,0,142
Chad,9/2/20,1017,77,0,0,143
Chad,9/3/20,1018,77,1,0,144
Chad,9/4/20,1023,77,5,0,145
Chad,9/5/20,1034,77,11,0,146
Chad,9/6/20,1039,79,5,2,147
Chad,9/7/20,1040,79,1,0,148
Chad,9/8/20,1045,79,5,0,149
Chad,9/9/20,1048,79,3,0,150
Chad,9/10/20,1051,79,3,0,151
Chad,9/11/20,1081,79,30,0,152
Chad,9/12/20,1083,80,2,1,153
Chad,9/13/20,1084,80,1,0,154
Chad,9/14/20,1085,81,1,1,155
Chad,9/15/20,1087,81,2,0,156
Chad,9/16/20,1090,81,3,0,157
Chad,9/17/20,1115,81,25,0,158
Chad,9/18/20,1147,81,32,0,159
Chad,9/19/20,1149,81,2,0,160
Chad,9/20/20,1151,81,2,0,161
Chad,9/21/20,1153,81,2,0,162
Chad,9/22/20,1155,81,2,0,163
Chad,9/23/20,1164,82,9,1,164
Chad,9/24/20,1171,82,7,0,165
Chad,9/25/20,1175,83,4,1,166
Chad,9/26/20,1177,83,2,0,167
Chad,9/27/20,1178,84,1,1,168
Chad,9/28/20,1185,85,7,1,169
Chad,9/29/20,1193,85,8,0,170
Chad,9/30/20,1200,85,7,0,171
Chad,10/1/20,1203,85,3,0,172
Chad,10/2/20,1211,85,8,0,173
Chad,10/3/20,1214,85,3,0,174
Chad,10/4/20,1217,86,3,1,175
Chad,10/5/20,1223,86,6,0,176
Chad,10/6/20,1238,88,15,2,177
Chad,10/7/20,1251,89,13,1,178
Chad,10/8/20,1262,89,11,0,179
Chad,10/9/20,1274,90,12,1,180
Chad,10/10/20,1291,92,17,2,181
Chad,10/11/20,1304,92,13,0,182
Chad,10/12/20,1308,92,4,0,183
Chad,10/13/20,1321,92,13,0,184
Chad,10/14/20,1329,92,8,0,185
Chad,10/15/20,1350,92,21,0,186
Chad,10/16/20,1361,93,11,1,187
Chad,10/17/20,1365,93,4,0,188
Chad,10/18/20,1379,93,14,0,189
Chad,10/19/20,1390,93,11,0,190
Chad,10/20/20,1399,93,9,0,191
Chad,10/21/20,1404,96,5,3,192
Chad,10/22/20,1410,96,6,0,193
Chad,10/23/20,1423,96,13,0,194
Chad,10/24/20,1434,96,11,0,195
Chad,10/25/20,1437,96,3,0,196
Chad,10/26/20,1441,96,4,0,197
Chad,10/27/20,1460,96,19,0,198
Chad,10/28/20,1468,97,8,1,199
Chad,10/29/20,1473,97,5,0,200
Chad,10/30/20,1483,98,10,1,201
Chad,10/31/20,1483,98,0,0,202
Chad,11/1/20,1498,98,15,0,203
Chad,11/2/20,1499,98,1,0,204
Chad,11/3/20,1513,98,14,0,205
Chad,11/4/20,1517,99,4,1,206
Chad,11/5/20,1529,99,12,0,207
Chad,11/6/20,1538,99,9,0,208
Chad,11/7/20,1543,99,5,0,209
Chad,11/8/20,1547,99,4,0,210
Chad,11/9/20,1551,99,4,0,211
Chad,11/10/20,1561,99,10,0,212
Chad,11/11/20,1565,99,4,0,213
Chad,11/12/20,1578,100,13,1,214
Chad,11/13/20,1589,100,11,0,215
Chad,11/14/20,1591,100,2,0,216
Chad,11/15/20,1597,101,6,1,217
Chad,11/16/20,1603,101,6,0,218
Chad,11/17/20,1608,101,5,0,219
Chad,11/18/20,1616,101,8,0,220
Chad,11/19/20,1620,101,4,0,221
Chad,11/20/20,1626,101,6,0,222
Chad,11/21/20,1633,101,7,0,223
Chad,11/22/20,1642,101,9,0,224
Chad,11/23/20,1648,101,6,0,225
Chad,11/24/20,1649,101,1,0,226
Chad,11/25/20,1655,101,6,0,227
Chad,11/26/20,1661,101,6,0,228
Chad,11/27/20,1663,101,2,0,229
Chad,11/28/20,1663,101,0,0,230
Chad,11/29/20,1682,101,19,0,231
Chad,11/30/20,1688,101,6,0,232
Chad,12/1/20,1700,102,12,1,233
Chad,12/2/20,1705,102,5,0,234
Chad,12/3/20,1708,102,3,0,235
Chad,12/4/20,1719,102,11,0,236
Chad,12/5/20,1722,102,3,0,237
Chad,12/6/20,1725,102,3,0,238
Chad,12/7/20,1728,102,3,0,239
Chad,12/8/20,1729,102,1,0,240
Chad,12/9/20,1732,102,3,0,241
Chad,12/10/20,1739,102,7,0,242
Chad,12/11/20,1745,102,6,0,243
Chad,12/12/20,1751,102,6,0,244
Chad,12/13/20,1770,102,19,0,245
Chad,12/14/20,1771,102,1,0,246
Chad,12/15/20,1784,102,13,0,247
Chad,12/16/20,1800,102,16,0,248
Chad,12/17/20,1818,102,18,0,249
Chad,12/18/20,1839,102,21,0,250
Chad,12/19/20,1867,102,28,0,251
Chad,12/20/20,1890,102,23,0,252
Chad,12/21/20,1902,102,12,0,253
Chad,12/22/20,1916,102,14,0,254
Chad,12/23/20,1938,102,22,0,255
Chad,12/24/20,1958,102,20,0,256
Chad,12/25/20,1971,102,13,0,257
Chad,12/26/20,1986,103,15,1,258
Chad,12/27/20,2005,104,19,1,259
Chad,12/28/20,2015,104,10,0,260
Chad,12/29/20,2048,104,33,0,261
Chad,12/30/20,2077,104,29,0,262
Chad,12/31/20,2113,104,36,0,263
Chad,1/1/21,2141,104,28,0,264
Chad,1/2/21,2169,104,28,0,265
Chad,1/3/21,2213,104,44,0,266
Chad,1/4/21,2229,104,16,0,267
Chad,1/5/21,2289,105,60,1,268
Chad,1/6/21,2328,105,39,0,269
Chad,1/7/21,2358,105,30,0,270
Chad,1/8/21,2419,106,61,1,271
Chad,1/9/21,2510,107,91,1,272
Chad,1/10/21,2537,107,27,0,273
Chad,1/11/21,2589,107,52,0,274
Chad,1/12/21,2668,108,79,1,275
Chad,1/13/21,2709,109,41,1,276
Chad,1/14/21,2773,110,64,1,277
Chad,1/15/21,2807,111,34,1,278
Chad,1/16/21,2855,111,48,0,279
Chad,1/17/21,2895,111,40,0,280
Chad,1/18/21,2919,113,24,2,281
Chad,1/19/21,2977,114,58,1,282
Chad,1/20/21,3012,114,35,0,283
Chad,1/21/21,3065,114,53,0,284
Chad,1/22/21,3104,115,39,1,285
Chad,1/23/21,3137,115,33,0,286
Chad,1/24/21,3161,116,24,1,287
Chad,1/25/21,3182,116,21,0,288
Chad,1/26/21,3225,116,43,0,289
Chad,1/27/21,3269,117,44,1,290
Chad,1/28/21,3296,118,27,1,291
Chad,1/29/21,3321,118,25,0,292
Chad,1/30/21,3347,118,26,0,293
Chad,1/31/21,3376,118,29,0,294
Chad,2/1/21,3385,121,9,3,295
Chad,2/2/21,3404,121,19,0,296
Chad,2/3/21,3419,121,15,0,297
Chad,2/4/21,3433,121,14,0,298
Chad,2/5/21,3450,124,17,3,299
Chad,2/6/21,3473,125,23,1,300
Chad,2/7/21,3497,125,24,0,301
Chad,2/8/21,3508,125,11,0,302
Chad,2/9/21,3539,125,31,0,303
Chad,2/10/21,3568,126,29,1,304
Chad,2/11/21,3581,126,13,0,305
Chad,2/12/21,3597,128,16,2,306
Chad,2/13/21,3622,128,25,0,307
Chad,2/14/21,3645,129,23,1,308
