country,date,confirmed,deaths,new_confirmed,new_deaths,tagged_day
Cuba,3/21/20,21,1,5,0,1
Cuba,3/22/20,35,1,14,0,2
Cuba,3/23/20,40,1,5,0,3
Cuba,3/24/20,48,1,8,0,4
Cuba,3/25/20,57,1,9,0,5
Cuba,3/26/20,67,2,10,1,6
Cuba,3/27/20,80,2,13,0,7
Cuba,3/28/20,119,3,39,1,8
Cuba,3/29/20,139,3,20,0,9
Cuba,3/30/20,170,4,31,1,10
Cuba,3/31/20,186,6,16,2,11
Cuba,4/1/20,212,6,26,0,12
Cuba,4/2/20,233,6,21,0,13
Cuba,4/3/20,269,6,36,0,14
Cuba,4/4/20,288,6,19,0,15
Cuba,4/5/20,320,8,32,2,16
Cuba,4/6/20,350,9,30,1,17
Cuba,4/7/20,396,11,46,2,18
Cuba,4/8/20,457,12,61,1,19
Cuba,4/9/20,515,15,58,3,20
Cuba,4/10/20,564,15,49,0,21
Cuba,4/11/20,620,16,56,1,22
Cuba,4/12/20,669,18,49,2,23
Cuba,4/13/20,726,21,57,3,24
Cuba,4/14/20,766,21,40,0,25
Cuba,4/15/20,814,24,48,3,26
Cuba,4/16/20,862,27,48,3,27
Cuba,4/17/20,923,31,61,4,28
Cuba,4/18/20,986,32,63,1,29
Cuba,4/19/20,1035,34,49,2,30
Cuba,4/20/20,1087,36,52,2,31
Cuba,4/21/20,1137,38,50,2,32
Cuba,4/22/20,1189,40,52,2,33
Cuba,4/23/20,1235,43,46,3,34
Cuba,4/24/20,1285,49,50,6,35
Cuba,4/25/20,1337,51,52,2,36
Cuba,4/26/20,1369,54,32,3,37
Cuba,4/27/20,1389,56,20,2,38
Cuba,4/28/20,1437,58,48,2,39
Cuba,4/29/20,1467,58,30,0,40
Cuba,4/30/20,1501,61,34,3,41
Cuba,5/1/20,1537,64,36,3,42
Cuba,5/2/20,1611,66,74,2,43
Cuba,5/3/20,1649,67,38,1,44
Cuba,5/4/20,1668,69,19,2,45
Cuba,5/5/20,1685,69,17,0,46
Cuba,5/6/20,1703,69,18,0,47
Cuba,5/7/20,1729,73,26,4,48
Cuba,5/8/20,1741,74,12,1,49
Cuba,5/9/20,1754,74,13,0,50
Cuba,5/10/20,1766,77,12,3,51
Cuba,5/11/20,1783,77,17,0,52
Cuba,5/12/20,1804,78,21,1,53
Cuba,5/13/20,1810,79,6,1,54
Cuba,5/14/20,1830,79,20,0,55
Cuba,5/15/20,1840,79,10,0,56
Cuba,5/16/20,1862,79,22,0,57
Cuba,5/17/20,1872,79,10,0,58
Cuba,5/18/20,1881,79,9,0,59
Cuba,5/19/20,1887,79,6,0,60
Cuba,5/20/20,1900,79,13,0,61
Cuba,5/21/20,1908,80,8,1,62
Cuba,5/22/20,1916,81,8,1,63
Cuba,5/23/20,1931,81,15,0,64
Cuba,5/24/20,1941,82,10,1,65
Cuba,5/25/20,1947,82,6,0,66
Cuba,5/26/20,1963,82,16,0,67
Cuba,5/27/20,1974,82,11,0,68
Cuba,5/28/20,1983,82,9,0,69
Cuba,5/29/20,2005,82,22,0,70
Cuba,5/30/20,2025,83,20,1,71
Cuba,5/31/20,2045,83,20,0,72
Cuba,6/1/20,2083,83,38,0,73
Cuba,6/2/20,2092,83,9,0,74
Cuba,6/3/20,2107,83,15,0,75
Cuba,6/4/20,2119,83,12,0,76
Cuba,6/5/20,2133,83,14,0,77
Cuba,6/6/20,2173,83,40,0,78
Cuba,6/7/20,2191,83,18,0,79
Cuba,6/8/20,2200,83,9,0,80
Cuba,6/9/20,2205,83,5,0,81
Cuba,6/10/20,2211,83,6,0,82
Cuba,6/11/20,2219,84,8,1,83
Cuba,6/12/20,2233,84,14,0,84
Cuba,6/13/20,2238,84,5,0,85
Cuba,6/14/20,2248,84,10,0,86
Cuba,6/15/20,2262,84,14,0,87
Cuba,6/16/20,2273,84,11,0,88
Cuba,6/17/20,2280,84,7,0,89
Cuba,6/18/20,2295,85,15,1,90
Cuba,6/19/20,2305,85,10,0,91
Cuba,6/20/20,2309,85,4,0,92
Cuba,6/21/20,2312,85,3,0,93
Cuba,6/22/20,2315,85,3,0,94
Cuba,6/23/20,2318,85,3,0,95
Cuba,6/24/20,2319,85,1,0,96
Cuba,6/25/20,2321,85,2,0,97
Cuba,6/26/20,2325,85,4,0,98
Cuba,6/27/20,2330,86,5,1,99
Cuba,6/28/20,2332,86,2,0,100
Cuba,6/29/20,2340,86,8,0,101
Cuba,6/30/20,2341,86,1,0,102
Cuba,7/1/20,2348,86,7,0,103
Cuba,7/2/20,2353,86,5,0,104
Cuba,7/3/20,2361,86,8,0,105
Cuba,7/4/20,2369,86,8,0,106
Cuba,7/5/20,2372,86,3,0,107
Cuba,7/6/20,2380,86,8,0,108
Cuba,7/7/20,2395,86,15,0,109
Cuba,7/8/20,2399,86,4,0,110
Cuba,7/9/20,2403,86,4,0,111
Cuba,7/10/20,2413,86,10,0,112
Cuba,7/11/20,2420,87,7,1,113
Cuba,7/12/20,2426,87,6,0,114
Cuba,7/13/20,2428,87,2,0,115
Cuba,7/14/20,2432,87,4,0,116
Cuba,7/15/20,2438,87,6,0,117
Cuba,7/16/20,2440,87,2,0,118
Cuba,7/17/20,2444,87,4,0,119
Cuba,7/18/20,2445,87,1,0,120
Cuba,7/19/20,2446,87,1,0,121
Cuba,7/20/20,2446,87,0,0,122
Cuba,7/21/20,2449,87,3,0,123
Cuba,7/22/20,2462,87,13,0,124
Cuba,7/23/20,2466,87,4,0,125
Cuba,7/24/20,2469,87,3,0,126
Cuba,7/25/20,2478,87,9,0,127
Cuba,7/26/20,2495,87,17,0,128
Cuba,7/27/20,2532,87,37,0,129
Cuba,7/28/20,2555,87,23,0,130
Cuba,7/29/20,2588,87,33,0,131
Cuba,7/30/20,2597,87,9,0,132
Cuba,7/31/20,2608,87,11,0,133
Cuba,8/1/20,2633,87,25,0,134
Cuba,8/2/20,2646,87,13,0,135
Cuba,8/3/20,2670,87,24,0,136
Cuba,8/4/20,2701,88,31,1,137
Cuba,8/5/20,2726,88,25,0,138
Cuba,8/6/20,2775,88,49,0,139
Cuba,8/7/20,2829,88,54,0,140
Cuba,8/8/20,2888,88,59,0,141
Cuba,8/9/20,2953,88,65,0,142
Cuba,8/10/20,3046,88,93,0,143
Cuba,8/11/20,3093,88,47,0,144
Cuba,8/12/20,3128,88,35,0,145
Cuba,8/13/20,3174,89,46,1,146
Cuba,8/14/20,3229,88,55,-1,147
Cuba,8/15/20,3292,88,63,0,148
Cuba,8/16/20,3316,88,24,0,149
Cuba,8/17/20,3364,88,48,0,150
Cuba,8/18/20,3408,88,44,0,151
Cuba,8/19/20,3482,88,74,0,152
Cuba,8/20/20,3565,88,83,0,153
Cuba,8/21/20,3582,89,17,1,154
Cuba,8/22/20,3617,89,35,0,155
Cuba,8/23/20,3682,91,65,2,156
Cuba,8/24/20,3717,91,35,0,157
Cuba,8/25/20,3744,91,27,0,158
Cuba,8/26/20,3759,92,15,1,159
Cuba,8/27/20,3806,92,47,0,160
Cuba,8/28/20,3866,92,60,0,161
Cuba,8/29/20,3925,94,59,2,162
Cuba,8/30/20,3973,94,48,0,163
Cuba,8/31/20,4032,94,59,0,164
Cuba,9/1/20,4065,95,33,1,165
Cuba,9/2/20,4126,98,61,3,166
Cuba,9/3/20,4214,100,88,2,167
Cuba,9/4/20,4266,100,52,0,168
Cuba,9/5/20,4298,100,32,0,169
Cuba,9/6/20,4309,101,11,1,170
Cuba,9/7/20,4352,102,43,1,171
Cuba,9/8/20,4377,104,25,2,172
Cuba,9/9/20,4459,104,82,0,173
Cuba,9/10/20,4551,106,92,2,174
Cuba,9/11/20,4593,106,42,0,175
Cuba,9/12/20,4653,108,60,2,176
Cuba,9/13/20,4684,108,31,0,177
Cuba,9/14/20,4726,108,42,0,178
Cuba,9/15/20,4803,108,77,0,179
Cuba,9/16/20,4876,109,73,1,180
Cuba,9/17/20,4933,109,57,0,181
Cuba,9/18/20,5004,111,71,2,182
Cuba,9/19/20,5055,113,51,2,183
Cuba,9/20/20,5091,115,36,2,184
Cuba,9/21/20,5141,116,50,1,185
Cuba,9/22/20,5222,117,81,1,186
Cuba,9/23/20,5270,118,48,1,187
Cuba,9/24/20,5310,118,40,0,188
Cuba,9/25/20,5350,118,40,0,189
Cuba,9/26/20,5412,120,62,2,190
Cuba,9/27/20,5457,122,45,2,191
Cuba,9/28/20,5483,122,26,0,192
Cuba,9/29/20,5531,122,48,0,193
Cuba,9/30/20,5597,122,66,0,194
Cuba,10/1/20,5670,122,73,0,195
Cuba,10/2/20,5718,122,48,0,196
Cuba,10/3/20,5780,122,62,0,197
Cuba,10/4/20,5809,122,29,0,198
Cuba,10/5/20,5845,123,36,1,199
Cuba,10/6/20,5883,123,38,0,200
Cuba,10/7/20,5898,123,15,0,201
Cuba,10/8/20,5917,123,19,0,202
Cuba,10/9/20,5943,123,26,0,203
Cuba,10/10/20,5948,123,5,0,204
Cuba,10/11/20,5978,123,30,0,205
Cuba,10/12/20,6000,123,22,0,206
Cuba,10/13/20,6017,123,17,0,207
Cuba,10/14/20,6035,123,18,0,208
Cuba,10/15/20,6062,123,27,0,209
Cuba,10/16/20,6118,124,56,1,210
Cuba,10/17/20,6170,125,52,1,211
Cuba,10/18/20,6220,125,50,0,212
Cuba,10/19/20,6258,127,38,2,213
Cuba,10/20/20,6305,127,47,0,214
Cuba,10/21/20,6368,127,63,0,215
Cuba,10/22/20,6421,128,53,1,216
Cuba,10/23/20,6479,128,58,0,217
Cuba,10/24/20,6534,128,55,0,218
Cuba,10/25/20,6566,128,32,0,219
Cuba,10/26/20,6595,128,29,0,220
Cuba,10/27/20,6678,128,83,0,221
Cuba,10/28/20,6727,128,49,0,222
Cuba,10/29/20,6766,128,39,0,223
Cuba,10/30/20,6801,128,35,0,224
Cuba,10/31/20,6887,128,86,0,225
Cuba,11/1/20,6935,128,48,0,226
Cuba,11/2/20,6970,129,35,1,227
Cuba,11/3/20,7035,129,65,0,228
Cuba,11/4/20,7144,129,109,0,229
Cuba,11/5/20,7184,129,40,0,230
Cuba,11/6/20,7228,130,44,1,231
Cuba,11/7/20,7267,130,39,0,232
Cuba,11/8/20,7297,130,30,0,233
Cuba,11/9/20,7349,130,52,0,234
Cuba,11/10/20,7392,130,43,0,235
Cuba,11/11/20,7429,130,37,0,236
Cuba,11/12/20,7487,131,58,1,237
Cuba,11/13/20,7541,131,54,0,238
Cuba,11/14/20,7568,131,27,0,239
Cuba,11/15/20,7590,131,22,0,240
Cuba,11/16/20,7639,131,49,0,241
Cuba,11/17/20,7667,131,28,0,242
Cuba,11/18/20,7704,131,37,0,243
Cuba,11/19/20,7725,131,21,0,244
Cuba,11/20/20,7763,131,38,0,245
Cuba,11/21/20,7798,132,35,1,246
Cuba,11/22/20,7846,132,48,0,247
Cuba,11/23/20,7879,132,33,0,248
Cuba,11/24/20,7950,133,71,1,249
Cuba,11/25/20,8026,133,76,0,250
Cuba,11/26/20,8075,133,49,0,251
Cuba,11/27/20,8110,133,35,0,252
Cuba,11/28/20,8173,133,63,0,253
Cuba,11/29/20,8233,134,60,1,254
Cuba,11/30/20,8284,135,51,1,255
Cuba,12/1/20,8381,136,97,1,256
Cuba,12/2/20,8456,136,75,0,257
Cuba,12/3/20,8531,136,75,0,258
Cuba,12/4/20,8610,136,79,0,259
Cuba,12/5/20,8714,136,104,0,260
Cuba,12/6/20,8782,136,68,0,261
Cuba,12/7/20,8906,136,124,0,262
Cuba,12/8/20,8982,136,76,0,263
Cuba,12/9/20,9106,136,124,0,264
Cuba,12/10/20,9181,136,75,0,265
Cuba,12/11/20,9267,136,86,0,266
Cuba,12/12/20,9354,137,87,1,267
Cuba,12/13/20,9423,137,69,0,268
Cuba,12/14/20,9492,137,69,0,269
Cuba,12/15/20,9588,137,96,0,270
Cuba,12/16/20,9671,137,83,0,271
Cuba,12/17/20,9771,137,100,0,272
Cuba,12/18/20,9893,137,122,0,273
Cuba,12/19/20,10024,137,131,0,274
Cuba,12/20/20,10127,137,103,0,275
Cuba,12/21/20,10242,137,115,0,276
Cuba,12/22/20,10384,139,142,2,277
Cuba,12/23/20,10500,139,116,0,278
Cuba,12/24/20,10717,139,217,0,279
Cuba,12/25/20,10900,140,183,1,280
Cuba,12/26/20,11038,141,138,1,281
Cuba,12/27/20,11205,142,167,1,282
Cuba,12/28/20,11434,143,229,1,283
Cuba,12/29/20,11601,143,167,0,284
Cuba,12/30/20,11687,145,86,2,285
Cuba,12/31/20,11863,146,176,1,286
Cuba,1/1/21,12056,146,193,0,287
Cuba,1/2/21,12225,146,169,0,288
Cuba,1/3/21,12424,147,199,1,289
Cuba,1/4/21,12740,147,316,0,290
Cuba,1/5/21,12964,147,224,0,291
Cuba,1/6/21,13165,148,201,1,292
Cuba,1/7/21,13479,148,314,0,293
Cuba,1/8/21,13823,148,344,0,294
Cuba,1/9/21,14188,148,365,0,295
Cuba,1/10/21,14576,151,388,3,296
Cuba,1/11/21,15007,153,431,2,297
Cuba,1/12/21,15494,155,487,2,298
Cuba,1/13/21,16044,158,550,3,299
Cuba,1/14/21,16549,160,505,2,300
Cuba,1/15/21,17096,162,547,2,301
Cuba,1/16/21,17501,166,405,4,302
Cuba,1/17/21,18151,170,650,4,303
Cuba,1/18/21,18443,173,292,3,304
Cuba,1/19/21,18773,175,330,2,305
Cuba,1/20/21,19122,180,349,5,306
Cuba,1/21/21,19530,184,408,4,307
Cuba,1/22/21,20060,188,530,4,308
Cuba,1/23/21,20627,191,567,3,309
Cuba,1/24/21,21261,194,634,3,310
Cuba,1/25/21,21828,197,567,3,311
Cuba,1/26/21,22614,200,786,3,312
Cuba,1/27/21,23439,204,825,4,313
Cuba,1/28/21,24105,208,666,4,314
Cuba,1/29/21,24764,210,659,2,315
Cuba,1/30/21,25674,213,910,3,316
Cuba,1/31/21,26686,214,1012,1,317
Cuba,2/1/21,27592,216,906,2,318
Cuba,2/2/21,28636,218,1044,2,319
Cuba,2/3/21,29529,220,893,2,320
Cuba,2/4/21,30345,225,816,5,321
Cuba,2/5/21,31190,229,845,4,322
Cuba,2/6/21,32011,233,821,4,323
Cuba,2/7/21,32831,238,820,5,324
Cuba,2/8/21,33484,240,653,2,325
Cuba,2/9/21,34064,244,580,4,326
Cuba,2/10/21,34922,249,858,5,327
Cuba,2/11/21,35772,253,850,4,328
Cuba,2/12/21,36595,257,823,4,329
Cuba,2/13/21,37483,261,888,4,330
Cuba,2/14/21,38289,266,806,5,331
