country,date,confirmed,deaths,new_confirmed,new_deaths,tagged_day
Hungary,3/14/20,30,0,11,0,1
Hungary,3/15/20,32,1,2,1,2
Hungary,3/16/20,39,1,7,0,3
Hungary,3/17/20,50,1,11,0,4
Hungary,3/18/20,58,1,8,0,5
Hungary,3/19/20,73,1,15,0,6
Hungary,3/20/20,85,3,12,2,7
Hungary,3/21/20,103,4,18,1,8
Hungary,3/22/20,131,6,28,2,9
Hungary,3/23/20,167,7,36,1,10
Hungary,3/24/20,187,9,20,2,11
Hungary,3/25/20,226,10,39,1,12
Hungary,3/26/20,261,10,35,0,13
Hungary,3/27/20,300,10,39,0,14
Hungary,3/28/20,343,11,43,1,15
Hungary,3/29/20,408,13,65,2,16
Hungary,3/30/20,447,15,39,2,17
Hungary,3/31/20,492,16,45,1,18
Hungary,4/1/20,525,20,33,4,19
Hungary,4/2/20,585,21,60,1,20
Hungary,4/3/20,623,26,38,5,21
Hungary,4/4/20,678,32,55,6,22
Hungary,4/5/20,733,34,55,2,23
Hungary,4/6/20,744,38,11,4,24
Hungary,4/7/20,817,47,73,9,25
Hungary,4/8/20,895,58,78,11,26
Hungary,4/9/20,980,66,85,8,27
Hungary,4/10/20,1190,77,210,11,28
Hungary,4/11/20,1310,85,120,8,29
Hungary,4/12/20,1410,99,100,14,30
Hungary,4/13/20,1458,109,48,10,31
Hungary,4/14/20,1512,122,54,13,32
Hungary,4/15/20,1579,134,67,12,33
Hungary,4/16/20,1652,142,73,8,34
Hungary,4/17/20,1763,156,111,14,35
Hungary,4/18/20,1834,172,71,16,36
Hungary,4/19/20,1916,189,82,17,37
Hungary,4/20/20,1984,199,68,10,38
Hungary,4/21/20,2098,213,114,14,39
Hungary,4/22/20,2168,225,70,12,40
Hungary,4/23/20,2284,239,116,14,41
Hungary,4/24/20,2443,262,159,23,42
Hungary,4/25/20,2443,262,0,0,43
Hungary,4/26/20,2500,272,57,10,44
Hungary,4/27/20,2583,280,83,8,45
Hungary,4/28/20,2649,291,66,11,46
Hungary,4/29/20,2727,300,78,9,47
Hungary,4/30/20,2775,312,48,12,48
Hungary,5/1/20,2863,323,88,11,49
Hungary,5/2/20,2942,335,79,12,50
Hungary,5/3/20,2998,340,56,5,51
Hungary,5/4/20,3035,351,37,11,52
Hungary,5/5/20,3065,363,30,12,53
Hungary,5/6/20,3111,373,46,10,54
Hungary,5/7/20,3150,383,39,10,55
Hungary,5/8/20,3178,392,28,9,56
Hungary,5/9/20,3213,405,35,13,57
Hungary,5/10/20,3263,413,50,8,58
Hungary,5/11/20,3284,421,21,8,59
Hungary,5/12/20,3313,425,29,4,60
Hungary,5/13/20,3341,430,28,5,61
Hungary,5/14/20,3380,436,39,6,62
Hungary,5/15/20,3417,442,37,6,63
Hungary,5/16/20,3473,448,56,6,64
Hungary,5/17/20,3509,451,36,3,65
Hungary,5/18/20,3535,462,26,11,66
Hungary,5/19/20,3556,467,21,5,67
Hungary,5/20/20,3598,470,42,3,68
Hungary,5/21/20,3641,473,43,3,69
Hungary,5/22/20,3678,476,37,3,70
Hungary,5/23/20,3713,482,35,6,71
Hungary,5/24/20,3741,486,28,4,72
Hungary,5/25/20,3756,491,15,5,73
Hungary,5/26/20,3771,499,15,8,74
Hungary,5/27/20,3793,505,22,6,75
Hungary,5/28/20,3816,509,23,4,76
Hungary,5/29/20,3841,517,25,8,77
Hungary,5/30/20,3867,524,26,7,78
Hungary,5/31/20,3876,526,9,2,79
Hungary,6/1/20,3892,527,16,1,80
Hungary,6/2/20,3921,532,29,5,81
Hungary,6/3/20,3931,534,10,2,82
Hungary,6/4/20,3954,539,23,5,83
Hungary,6/5/20,3970,542,16,3,84
Hungary,6/6/20,3990,545,20,3,85
Hungary,6/7/20,4008,546,18,1,86
Hungary,6/8/20,4014,548,6,2,87
Hungary,6/9/20,4017,550,3,2,88
Hungary,6/10/20,4027,551,10,1,89
Hungary,6/11/20,4039,553,12,2,90
Hungary,6/12/20,4053,555,14,2,91
Hungary,6/13/20,4064,559,11,4,92
Hungary,6/14/20,4069,562,5,3,93
Hungary,6/15/20,4076,563,7,1,94
Hungary,6/16/20,4077,565,1,2,95
Hungary,6/17/20,4078,567,1,2,96
Hungary,6/18/20,4079,568,1,1,97
Hungary,6/19/20,4081,568,2,0,98
Hungary,6/20/20,4086,570,5,2,99
Hungary,6/21/20,4094,570,8,0,100
Hungary,6/22/20,4102,572,8,2,101
Hungary,6/23/20,4107,573,5,1,102
Hungary,6/24/20,4114,576,7,3,103
Hungary,6/25/20,4123,577,9,1,104
Hungary,6/26/20,4127,578,4,1,105
Hungary,6/27/20,4138,578,11,0,106
Hungary,6/28/20,4142,581,4,3,107
Hungary,6/29/20,4145,585,3,4,108
Hungary,6/30/20,4155,585,10,0,109
Hungary,7/1/20,4157,586,2,1,110
Hungary,7/2/20,4166,587,9,1,111
Hungary,7/3/20,4172,588,6,1,112
Hungary,7/4/20,4174,589,2,1,113
Hungary,7/5/20,4183,589,9,0,114
Hungary,7/6/20,4189,589,6,0,115
Hungary,7/7/20,4205,589,16,0,116
Hungary,7/8/20,4210,589,5,0,117
Hungary,7/9/20,4220,591,10,2,118
Hungary,7/10/20,4223,593,3,2,119
Hungary,7/11/20,4229,595,6,2,120
Hungary,7/12/20,4234,595,5,0,121
Hungary,7/13/20,4247,595,13,0,122
Hungary,7/14/20,4258,595,11,0,123
Hungary,7/15/20,4263,595,5,0,124
Hungary,7/16/20,4279,595,16,0,125
Hungary,7/17/20,4293,595,14,0,126
Hungary,7/18/20,4315,596,22,1,127
Hungary,7/19/20,4333,596,18,0,128
Hungary,7/20/20,4339,596,6,0,129
Hungary,7/21/20,4347,596,8,0,130
Hungary,7/22/20,4366,596,19,0,131
Hungary,7/23/20,4380,596,14,0,132
Hungary,7/24/20,4398,596,18,0,133
Hungary,7/25/20,4424,596,26,0,134
Hungary,7/26/20,4435,596,11,0,135
Hungary,7/27/20,4448,596,13,0,136
Hungary,7/28/20,4456,596,8,0,137
Hungary,7/29/20,4465,596,9,0,138
Hungary,7/30/20,4484,596,19,0,139
Hungary,7/31/20,4505,596,21,0,140
Hungary,8/1/20,4526,597,21,1,141
Hungary,8/2/20,4535,597,9,0,142
Hungary,8/3/20,4544,597,9,0,143
Hungary,8/4/20,4553,598,9,1,144
Hungary,8/5/20,4564,599,11,1,145
Hungary,8/6/20,4597,600,33,1,146
Hungary,8/7/20,4621,602,24,2,147
Hungary,8/8/20,4653,602,32,0,148
Hungary,8/9/20,4696,602,43,0,149
Hungary,8/10/20,4731,605,35,3,150
Hungary,8/11/20,4746,605,15,0,151
Hungary,8/12/20,4768,605,22,0,152
Hungary,8/13/20,4813,607,45,2,153
Hungary,8/14/20,4853,607,40,0,154
Hungary,8/15/20,4877,607,24,0,155
Hungary,8/16/20,4916,608,39,1,156
Hungary,8/17/20,4946,608,30,0,157
Hungary,8/18/20,4970,609,24,1,158
Hungary,8/19/20,5002,609,32,0,159
Hungary,8/20/20,5046,609,44,0,160
Hungary,8/21/20,5098,611,52,2,161
Hungary,8/22/20,5133,611,35,0,162
Hungary,8/23/20,5155,613,22,2,163
Hungary,8/24/20,5191,613,36,0,164
Hungary,8/25/20,5215,614,24,1,165
Hungary,8/26/20,5288,614,73,0,166
Hungary,8/27/20,5379,614,91,0,167
Hungary,8/28/20,5511,614,132,0,168
Hungary,8/29/20,5669,614,158,0,169
Hungary,8/30/20,5961,614,292,0,170
Hungary,8/31/20,6139,615,178,1,171
Hungary,9/1/20,6257,616,118,1,172
Hungary,9/2/20,6622,619,365,3,173
Hungary,9/3/20,6923,620,301,1,174
Hungary,9/4/20,7382,621,459,1,175
Hungary,9/5/20,7892,624,510,3,176
Hungary,9/6/20,8387,624,495,0,177
Hungary,9/7/20,8963,625,576,1,178
Hungary,9/8/20,9304,626,341,1,179
Hungary,9/9/20,9715,628,411,2,180
Hungary,9/10/20,10191,630,476,2,181
Hungary,9/11/20,10909,631,718,1,182
Hungary,9/12/20,11825,633,916,2,183
Hungary,9/13/20,12309,637,484,4,184
Hungary,9/14/20,13153,642,844,5,185
Hungary,9/15/20,13879,646,726,4,186
Hungary,9/16/20,14460,654,581,8,187
Hungary,9/17/20,15170,663,710,9,188
Hungary,9/18/20,16111,669,941,6,189
Hungary,9/19/20,16920,675,809,6,190
Hungary,9/20/20,17990,683,1070,8,191
Hungary,9/21/20,18866,686,876,3,192
Hungary,9/22/20,19499,694,633,8,193
Hungary,9/23/20,20450,702,951,8,194
Hungary,9/24/20,21200,709,750,7,195
Hungary,9/25/20,22127,718,927,9,196
Hungary,9/26/20,23077,730,950,12,197
Hungary,9/27/20,24014,736,937,6,198
Hungary,9/28/20,24716,749,702,13,199
Hungary,9/29/20,25567,757,851,8,200
Hungary,9/30/20,26461,765,894,8,201
Hungary,10/1/20,27309,781,848,16,202
Hungary,10/2/20,28631,798,1322,17,203
Hungary,10/3/20,29717,812,1086,14,204
Hungary,10/4/20,30575,822,858,10,205
Hungary,10/5/20,31480,833,905,11,206
Hungary,10/6/20,32298,853,818,20,207
Hungary,10/7/20,33114,877,816,24,208
Hungary,10/8/20,34046,898,932,21,209
Hungary,10/9/20,35222,913,1176,15,210
Hungary,10/10/20,36596,933,1374,20,211
Hungary,10/11/20,37664,954,1068,21,212
Hungary,10/12/20,38837,968,1173,14,213
Hungary,10/13/20,39862,996,1025,28,214
Hungary,10/14/20,40782,1023,920,27,215
Hungary,10/15/20,41732,1052,950,29,216
Hungary,10/16/20,43025,1085,1293,33,217
Hungary,10/17/20,44816,1109,1791,24,218
Hungary,10/18/20,46290,1142,1474,33,219
Hungary,10/19/20,47768,1173,1478,31,220
Hungary,10/20/20,48757,1211,989,38,221
Hungary,10/21/20,50180,1259,1423,48,222
Hungary,10/22/20,52212,1305,2032,46,223
Hungary,10/23/20,54278,1352,2066,47,224
Hungary,10/24/20,56098,1390,1820,38,225
Hungary,10/25/20,59247,1425,3149,35,226
Hungary,10/26/20,61563,1472,2316,47,227
Hungary,10/27/20,63642,1535,2079,63,228
Hungary,10/28/20,65933,1578,2291,43,229
Hungary,10/29/20,68127,1634,2194,56,230
Hungary,10/30/20,71413,1699,3286,65,231
Hungary,10/31/20,75321,1750,3908,51,232
Hungary,11/1/20,79199,1819,3878,69,233
Hungary,11/2/20,82780,1889,3581,70,234
Hungary,11/3/20,86769,1973,3989,84,235
Hungary,11/4/20,90988,2063,4219,90,236
Hungary,11/5/20,94916,2147,3928,84,237
Hungary,11/6/20,99625,2250,4709,103,238
Hungary,11/7/20,104943,2357,5318,107,239
Hungary,11/8/20,109616,2438,4673,81,240
Hungary,11/9/20,114778,2493,5162,55,241
Hungary,11/10/20,118918,2596,4140,103,242
Hungary,11/11/20,122863,2697,3945,101,243
Hungary,11/12/20,126790,2784,3927,87,244
Hungary,11/13/20,131887,2883,5097,99,245
Hungary,11/14/20,136723,2990,4836,107,246
Hungary,11/15/20,140961,3097,4238,107,247
Hungary,11/16/20,147456,3190,6495,93,248
Hungary,11/17/20,152659,3281,5203,91,249
Hungary,11/18/20,156949,3380,4290,99,250
Hungary,11/19/20,161461,3472,4512,92,251
Hungary,11/20/20,165901,3568,4440,96,252
Hungary,11/21/20,170298,3689,4397,121,253
Hungary,11/22/20,174618,3800,4320,111,254
Hungary,11/23/20,177952,3891,3334,91,255
Hungary,11/24/20,181881,4008,3929,117,256
Hungary,11/25/20,185687,4114,3806,106,257
Hungary,11/26/20,192047,4229,6360,115,258
Hungary,11/27/20,198440,4364,6393,135,259
Hungary,11/28/20,204708,4516,6268,152,260
Hungary,11/29/20,211527,4672,6819,156,261
Hungary,11/30/20,217122,4823,5595,151,262
Hungary,12/1/20,221073,4977,3951,154,263
Hungary,12/2/20,225209,5142,4136,165,264
Hungary,12/3/20,231844,5324,6635,182,265
Hungary,12/4/20,238056,5513,6212,189,266
Hungary,12/5/20,243581,5706,5525,193,267
Hungary,12/6/20,250278,5868,6697,162,268
Hungary,12/7/20,254148,5984,3870,116,269
Hungary,12/8/20,256367,6120,2219,136,270
Hungary,12/9/20,259588,6280,3221,160,271
Hungary,12/10/20,265003,6451,5415,171,272
Hungary,12/11/20,271200,6622,6197,171,273
Hungary,12/12/20,276247,6784,5047,162,274
Hungary,12/13/20,280400,6965,4153,181,275
Hungary,12/14/20,283870,7130,3470,165,276
Hungary,12/15/20,285763,7237,1893,107,277
Hungary,12/16/20,288567,7381,2804,144,278
Hungary,12/17/20,291549,7538,2982,157,279
Hungary,12/18/20,295977,7725,4428,187,280
Hungary,12/19/20,300022,7914,4045,189,281
Hungary,12/20/20,302989,8099,2967,185,282
Hungary,12/21/20,305130,8282,2141,183,283
Hungary,12/22/20,306368,8462,1238,180,284
Hungary,12/23/20,308262,8616,1894,154,285
Hungary,12/24/20,311554,8729,3292,113,286
Hungary,12/25/20,314164,8833,2610,104,287
Hungary,12/26/20,315362,8951,1198,118,288
Hungary,12/27/20,316060,9047,698,96,289
Hungary,12/28/20,316669,9161,609,114,290
Hungary,12/29/20,317571,9292,902,131,291
Hungary,12/30/20,319543,9429,1972,137,292
Hungary,12/31/20,322514,9537,2971,108,293
Hungary,1/1/21,325278,9667,2764,130,294
Hungary,1/2/21,326688,9781,1410,114,295
Hungary,1/3/21,327995,9884,1307,103,296
Hungary,1/4/21,328851,9977,856,93,297
Hungary,1/5/21,329721,10080,870,103,298
Hungary,1/6/21,331768,10198,2047,118,299
Hungary,1/7/21,334836,10325,3068,127,300
Hungary,1/8/21,337743,10440,2907,115,301
Hungary,1/9/21,340459,10554,2716,114,302
Hungary,1/10/21,342237,10648,1778,94,303
Hungary,1/11/21,343656,10725,1419,77,304
Hungary,1/12/21,344352,10853,696,128,305
Hungary,1/13/21,345710,10948,1358,95,306
Hungary,1/14/21,347636,11066,1926,118,307
Hungary,1/15/21,349149,11177,1513,111,308
Hungary,1/16/21,350587,11264,1438,87,309
Hungary,1/17/21,351828,11341,1241,77,310
Hungary,1/18/21,352703,11409,875,68,311
Hungary,1/19/21,353276,11520,573,111,312
Hungary,1/20/21,354252,11615,976,95,313
Hungary,1/21/21,355662,11713,1410,98,314
Hungary,1/22/21,356973,11811,1311,98,315
Hungary,1/23/21,358317,11904,1344,93,316
Hungary,1/24/21,359574,11968,1257,64,317
Hungary,1/25/21,360418,12024,844,56,318
Hungary,1/26/21,360877,12113,459,89,319
Hungary,1/27/21,361881,12198,1004,85,320
Hungary,1/28/21,363450,12291,1569,93,321
Hungary,1/29/21,364909,12374,1459,83,322
Hungary,1/30/21,366279,12463,1370,89,323
Hungary,1/31/21,367586,12524,1307,61,324
Hungary,2/1/21,368710,12578,1124,54,325
Hungary,2/2/21,369288,12656,578,78,326
Hungary,2/3/21,370336,12739,1048,83,327
Hungary,2/4/21,371988,12832,1652,93,328
Hungary,2/5/21,373564,12930,1576,98,329
Hungary,2/6/21,375125,13026,1561,96,330
Hungary,2/7/21,376495,13090,1370,64,331
Hungary,2/8/21,377655,13155,1160,65,332
Hungary,2/9/21,378734,13249,1079,94,333
Hungary,2/10/21,380013,13347,1279,98,334
Hungary,2/11/21,381875,13444,1862,97,335
Hungary,2/12/21,383735,13543,1860,99,336
Hungary,2/13/21,385755,13636,2020,93,337
Hungary,2/14/21,387462,13706,1707,70,338
