country,date,confirmed,deaths,new_confirmed,new_deaths,tagged_day
Panama,3/13/20,27,1,16,0,1
Panama,3/14/20,36,1,9,0,2
Panama,3/15/20,43,1,7,0,3
Panama,3/16/20,55,1,12,0,4
Panama,3/17/20,69,1,14,0,5
Panama,3/18/20,86,1,17,0,6
Panama,3/19/20,109,1,23,0,7
Panama,3/20/20,137,1,28,0,8
Panama,3/21/20,200,1,63,0,9
Panama,3/22/20,313,3,113,2,10
Panama,3/23/20,345,6,32,3,11
Panama,3/24/20,345,6,0,0,12
Panama,3/25/20,443,8,98,2,13
Panama,3/26/20,558,8,115,0,14
Panama,3/27/20,674,9,116,1,15
Panama,3/28/20,786,14,112,5,16
Panama,3/29/20,901,17,115,3,17
Panama,3/30/20,989,24,88,7,18
Panama,3/31/20,1181,30,192,6,19
Panama,4/1/20,1181,30,0,0,20
Panama,4/2/20,1317,32,136,2,21
Panama,4/3/20,1475,37,158,5,22
Panama,4/4/20,1673,41,198,4,23
Panama,4/5/20,1801,46,128,5,24
Panama,4/6/20,1988,54,187,8,25
Panama,4/7/20,2100,55,112,1,26
Panama,4/8/20,2249,59,149,4,27
Panama,4/9/20,2528,63,279,4,28
Panama,4/10/20,2752,66,224,3,29
Panama,4/11/20,2974,74,222,8,30
Panama,4/12/20,3234,79,260,5,31
Panama,4/13/20,3400,87,166,8,32
Panama,4/14/20,3472,94,72,7,33
Panama,4/15/20,3574,95,102,1,34
Panama,4/16/20,3751,103,177,8,35
Panama,4/17/20,4016,109,265,6,36
Panama,4/18/20,4210,116,194,7,37
Panama,4/19/20,4273,120,63,4,38
Panama,4/20/20,4467,126,194,6,39
Panama,4/21/20,4658,136,191,10,40
Panama,4/22/20,4821,141,163,5,41
Panama,4/23/20,5166,146,345,5,42
Panama,4/24/20,5338,154,172,8,43
Panama,4/25/20,5538,159,200,5,44
Panama,4/26/20,5779,165,241,6,45
Panama,4/27/20,6021,167,242,2,46
Panama,4/28/20,6021,167,0,0,47
Panama,4/29/20,6378,178,357,11,48
Panama,4/30/20,6532,188,154,10,49
Panama,5/1/20,6720,192,188,4,50
Panama,5/2/20,7090,197,370,5,51
Panama,5/3/20,7090,197,0,0,52
Panama,5/4/20,7197,200,107,3,53
Panama,5/5/20,7523,210,326,10,54
Panama,5/6/20,7731,218,208,8,55
Panama,5/7/20,7868,225,137,7,56
Panama,5/8/20,8070,231,202,6,57
Panama,5/9/20,8282,237,212,6,58
Panama,5/10/20,8448,244,166,7,59
Panama,5/11/20,8616,249,168,5,60
Panama,5/12/20,8783,252,167,3,61
Panama,5/13/20,8944,256,161,4,62
Panama,5/14/20,9118,260,174,4,63
Panama,5/15/20,9268,266,150,6,64
Panama,5/16/20,9449,269,181,3,65
Panama,5/17/20,9606,275,157,6,66
Panama,5/18/20,9726,279,120,4,67
Panama,5/19/20,9867,281,141,2,68
Panama,5/20/20,9977,287,110,6,69
Panama,5/21/20,10116,291,139,4,70
Panama,5/22/20,10267,295,151,4,71
Panama,5/23/20,10577,299,310,4,72
Panama,5/24/20,10926,306,349,7,73
Panama,5/25/20,11183,310,257,4,74
Panama,5/26/20,11447,313,264,3,75
Panama,5/27/20,11728,315,281,2,76
Panama,5/28/20,12131,320,403,5,77
Panama,5/29/20,12531,326,400,6,78
Panama,5/30/20,13018,330,487,4,79
Panama,5/31/20,13463,336,445,6,80
Panama,6/1/20,13837,344,374,8,81
Panama,6/2/20,14095,352,258,8,82
Panama,6/3/20,14609,357,514,5,83
Panama,6/4/20,15044,363,435,6,84
Panama,6/5/20,15463,370,419,7,85
Panama,6/6/20,16004,386,541,16,86
Panama,6/7/20,16425,393,421,7,87
Panama,6/8/20,16854,398,429,5,88
Panama,6/9/20,17233,403,379,5,89
Panama,6/10/20,17889,413,656,10,90
Panama,6/11/20,18586,418,697,5,91
Panama,6/12/20,19211,421,625,3,92
Panama,6/13/20,20059,429,848,8,93
Panama,6/14/20,21418,437,1359,8,94
Panama,6/15/20,21422,448,4,11,95
Panama,6/16/20,21962,457,540,9,96
Panama,6/17/20,22597,470,635,13,97
Panama,6/18/20,23351,475,754,5,98
Panama,6/19/20,24274,485,923,10,99
Panama,6/20/20,25222,493,948,8,100
Panama,6/21/20,26030,501,808,8,101
Panama,6/22/20,26752,521,722,20,102
Panama,6/23/20,27314,536,562,15,103
Panama,6/24/20,28030,547,716,11,104
Panama,6/25/20,29037,564,1007,17,105
Panama,6/26/20,29905,575,868,11,106
Panama,6/27/20,30658,592,753,17,107
Panama,6/28/20,31686,604,1028,12,108
Panama,6/29/20,32785,620,1099,16,109
Panama,6/30/20,33550,631,765,11,110
Panama,7/1/20,34463,645,913,14,111
Panama,7/2/20,35237,667,774,22,112
Panama,7/3/20,35995,698,758,31,113
Panama,7/4/20,36983,720,988,22,114
Panama,7/5/20,38149,747,1166,27,115
Panama,7/6/20,39334,770,1185,23,116
Panama,7/7/20,40291,799,957,29,117
Panama,7/8/20,41251,819,960,20,118
Panama,7/9/20,42216,839,965,20,119
Panama,7/10/20,43257,863,1041,24,120
Panama,7/11/20,44332,893,1075,30,121
Panama,7/12/20,45633,909,1301,16,122
Panama,7/13/20,47173,932,1540,23,123
Panama,7/14/20,48096,960,923,28,124
Panama,7/15/20,49243,982,1147,22,125
Panama,7/16/20,50373,1000,1130,18,126
Panama,7/17/20,51408,1038,1035,38,127
Panama,7/18/20,52261,1071,853,33,128
Panama,7/19/20,53468,1096,1207,25,129
Panama,7/20/20,54426,1127,958,31,130
Panama,7/21/20,55153,1159,727,32,131
Panama,7/22/20,55906,1180,753,21,132
Panama,7/23/20,56817,1209,911,29,133
Panama,7/24/20,57993,1250,1176,41,134
Panama,7/25/20,58864,1275,871,25,135
Panama,7/26/20,60296,1294,1432,19,136
Panama,7/27/20,61442,1322,1146,28,137
Panama,7/28/20,62223,1349,781,27,138
Panama,7/29/20,63269,1374,1046,25,139
Panama,7/30/20,64191,1397,922,23,140
Panama,7/31/20,65256,1421,1065,24,141
Panama,8/1/20,66383,1449,1127,28,142
Panama,8/2/20,67453,1471,1070,22,143
Panama,8/3/20,68456,1497,1003,26,144
Panama,8/4/20,69424,1522,968,25,145
Panama,8/5/20,70231,1553,807,31,146
Panama,8/6/20,71418,1574,1187,21,147
Panama,8/7/20,72560,1591,1142,17,148
Panama,8/8/20,73651,1609,1091,18,149
Panama,8/9/20,74492,1639,841,30,150
Panama,8/10/20,75394,1664,902,25,151
Panama,8/11/20,76464,1680,1070,16,152
Panama,8/12/20,77377,1703,913,23,153
Panama,8/13/20,78446,1722,1069,19,154
Panama,8/14/20,79402,1734,956,12,155
Panama,8/15/20,80665,1746,1263,12,156
Panama,8/16/20,81940,1767,1275,21,157
Panama,8/17/20,82543,1788,603,21,158
Panama,8/18/20,82790,1809,247,21,159
Panama,8/19/20,83754,1827,964,18,160
Panama,8/20/20,83855,1844,101,17,161
Panama,8/21/20,84392,1859,537,15,162
Panama,8/22/20,85480,1878,1088,19,163
Panama,8/23/20,86900,1892,1420,14,164
Panama,8/24/20,87485,1906,585,14,165
Panama,8/25/20,88381,1919,896,13,166
Panama,8/26/20,89082,1932,701,13,167
Panama,8/27/20,89982,1948,900,16,168
Panama,8/28/20,90624,1966,642,18,169
Panama,8/29/20,91337,1983,713,17,170
Panama,8/30/20,92065,1995,728,12,171
Panama,8/31/20,92982,2002,917,7,172
Panama,9/1/20,93552,2018,570,16,173
Panama,9/2/20,94084,2030,532,12,174
Panama,9/3/20,94914,2046,830,16,175
Panama,9/4/20,95596,2063,682,17,176
Panama,9/5/20,96305,2075,709,12,177
Panama,9/6/20,97043,2086,738,11,178
Panama,9/7/20,97578,2099,535,13,179
Panama,9/8/20,98407,2107,829,8,180
Panama,9/9/20,99042,2116,635,9,181
Panama,9/10/20,99715,2127,673,11,182
Panama,9/11/20,100330,2140,615,13,183
Panama,9/12/20,101041,2155,711,15,184
Panama,9/13/20,101745,2166,704,11,185
Panama,9/14/20,102204,2173,459,7,186
Panama,9/15/20,102832,2187,628,14,187
Panama,9/16/20,103466,2198,634,11,188
Panama,9/17/20,104138,2213,672,15,189
Panama,9/18/20,104879,2229,741,16,190
Panama,9/19/20,105601,2247,722,18,191
Panama,9/20/20,106203,2257,602,10,192
Panama,9/21/20,106810,2272,607,15,193
Panama,9/22/20,107284,2285,474,13,194
Panama,9/23/20,107990,2291,706,6,195
Panama,9/24/20,108726,2297,736,6,196
Panama,9/25/20,109431,2311,705,14,197
Panama,9/26/20,110108,2323,677,12,198
Panama,9/27/20,110555,2340,447,17,199
Panama,9/28/20,111277,2348,722,8,200
Panama,9/29/20,111853,2364,576,16,201
Panama,9/30/20,112595,2372,742,8,202
Panama,10/1/20,113342,2387,747,15,203
Panama,10/2/20,113962,2406,620,19,204
Panama,10/3/20,114653,2414,691,8,205
Panama,10/4/20,115286,2423,633,9,206
Panama,10/5/20,115919,2430,633,7,207
Panama,10/6/20,116602,2440,683,10,208
Panama,10/7/20,117300,2448,698,8,209
Panama,10/8/20,118054,2463,754,15,210
Panama,10/9/20,118841,2474,787,11,211
Panama,10/10/20,119666,2482,825,8,212
Panama,10/11/20,120313,2491,647,9,213
Panama,10/12/20,120802,2502,489,11,214
Panama,10/13/20,121296,2511,494,9,215
Panama,10/14/20,122128,2519,832,8,216
Panama,10/15/20,122883,2529,755,10,217
Panama,10/16/20,123498,2546,615,17,218
Panama,10/17/20,124107,2557,609,11,219
Panama,10/18/20,124745,2564,638,7,220
Panama,10/19/20,125181,2574,436,10,221
Panama,10/20/20,125739,2585,558,11,222
Panama,10/21/20,126435,2597,696,12,223
Panama,10/22/20,127227,2612,792,15,224
Panama,10/23/20,127866,2622,639,10,225
Panama,10/24/20,128515,2628,649,6,226
Panama,10/25/20,129200,2633,685,5,227
Panama,10/26/20,129751,2638,551,5,228
Panama,10/27/20,130422,2650,671,12,229
Panama,10/28/20,131247,2663,825,13,230
Panama,10/29/20,132045,2678,798,15,231
Panama,10/30/20,132867,2688,822,10,232
Panama,10/31/20,133598,2700,731,12,233
Panama,11/1/20,134336,2706,738,6,234
Panama,11/2/20,134915,2720,579,14,235
Panama,11/3/20,135592,2731,677,11,236
Panama,11/4/20,136024,2744,432,13,237
Panama,11/5/20,136567,2756,543,12,238
Panama,11/6/20,137760,2770,1193,14,239
Panama,11/7/20,138506,2781,746,11,240
Panama,11/8/20,139527,2798,1021,17,241
Panama,11/9/20,140331,2808,804,10,242
Panama,11/10/20,141302,2817,971,9,243
Panama,11/11/20,142465,2823,1163,6,244
Panama,11/12/20,143352,2830,887,7,245
Panama,11/13/20,144477,2856,1125,26,246
Panama,11/14/20,145309,2867,832,11,247
Panama,11/15/20,146653,2873,1344,6,248
Panama,11/16/20,147667,2881,1014,8,249
Panama,11/17/20,148721,2893,1054,12,250
Panama,11/18/20,149833,2907,1112,14,251
Panama,11/19/20,151089,2922,1256,15,252
Panama,11/20/20,152289,2932,1200,10,253
Panama,11/21/20,153577,2946,1288,14,254
Panama,11/22/20,154783,2957,1206,11,255
Panama,11/23/20,155658,2973,875,16,256
Panama,11/24/20,156930,2986,1272,13,257
Panama,11/25/20,158532,3002,1602,16,258
Panama,11/26/20,160287,3018,1755,16,259
Panama,11/27/20,161744,3030,1457,12,260
Panama,11/28/20,163453,3039,1709,9,261
Panama,11/29/20,164729,3060,1276,21,262
Panama,11/30/20,165806,3079,1077,19,263
Panama,12/1/20,167311,3098,1505,19,264
Panama,12/2/20,169339,3114,2028,16,265
Panama,12/3/20,171219,3141,1880,27,266
Panama,12/4/20,173607,3154,2388,13,267
Panama,12/5/20,175907,3173,2300,19,268
Panama,12/6/20,177719,3193,1812,20,269
Panama,12/7/20,179230,3212,1511,19,270
Panama,12/8/20,181166,3241,1936,29,271
Panama,12/9/20,182977,3264,1811,23,272
Panama,12/10/20,185424,3287,2447,23,273
Panama,12/11/20,187779,3309,2355,22,274
Panama,12/12/20,190585,3331,2806,22,275
Panama,12/13/20,193007,3356,2422,25,276
Panama,12/14/20,194619,3382,1612,26,277
Panama,12/15/20,196987,3411,2368,29,278
Panama,12/16/20,199947,3439,2960,28,279
Panama,12/17/20,203295,3481,3348,42,280
Panama,12/18/20,206310,3504,3015,23,281
Panama,12/19/20,209584,3527,3274,23,282
Panama,12/20/20,212339,3566,2755,39,283
Panama,12/21/20,214038,3597,1699,31,284
Panama,12/22/20,217202,3632,3164,35,285
Panama,12/23/20,220261,3664,3059,32,286
Panama,12/24/20,223674,3715,3413,51,287
Panama,12/25/20,226660,3756,2986,41,288
Panama,12/26/20,228724,3799,2064,43,289
Panama,12/27/20,231357,3840,2633,41,290
Panama,12/28/20,233705,3892,2348,52,291
Panama,12/29/20,238279,3933,4574,41,292
Panama,12/30/20,242744,3975,4465,42,293
Panama,12/31/20,246790,4022,4046,47,294
Panama,1/1/21,249733,4064,2943,42,295
Panama,1/2/21,251764,4103,2031,39,296
Panama,1/3/21,253736,4140,1972,37,297
Panama,1/4/21,256230,4197,2494,57,298
Panama,1/5/21,259770,4238,3540,41,299
Panama,1/6/21,264956,4283,5186,45,300
Panama,1/7/21,269091,4321,4135,38,301
Panama,1/8/21,273037,4363,3946,42,302
Panama,1/9/21,276772,4406,3735,43,303
Panama,1/10/21,279196,4455,2424,49,304
Panama,1/11/21,281353,4500,2157,45,305
Panama,1/12/21,285093,4561,3740,61,306
Panama,1/13/21,288408,4594,3315,33,307
Panama,1/14/21,291285,4651,2877,57,308
Panama,1/15/21,293592,4689,2307,38,309
Panama,1/16/21,296269,4738,2677,49,310
Panama,1/17/21,298019,4787,1750,49,311
Panama,1/18/21,299361,4828,1342,41,312
Panama,1/19/21,301534,4864,2173,36,313
Panama,1/20/21,303777,4912,2243,48,314
Panama,1/21/21,305752,4944,1975,32,315
Panama,1/22/21,307793,4980,2041,36,316
Panama,1/23/21,309851,5034,2058,54,317
Panama,1/24/21,311244,5063,1393,29,318
Panama,1/25/21,312158,5098,914,35,319
Panama,1/26/21,313834,5137,1676,39,320
Panama,1/27/21,315400,5176,1566,39,321
Panama,1/28/21,316808,5196,1408,20,322
Panama,1/29/21,318253,5221,1445,25,323
Panama,1/30/21,319453,5244,1200,23,324
Panama,1/31/21,320379,5270,926,26,325
Panama,2/1/21,321103,5296,724,26,326
Panama,2/2/21,322201,5339,1098,43,327
Panama,2/3/21,323382,5366,1181,27,328
Panama,2/4/21,324489,5391,1107,25,329
Panama,2/5/21,325487,5426,998,35,330
Panama,2/6/21,326464,5455,977,29,331
Panama,2/7/21,327091,5480,627,25,332
Panama,2/8/21,327654,5506,563,26,333
Panama,2/9/21,328476,5531,822,25,334
Panama,2/10/21,329367,5550,891,19,335
Panama,2/11/21,330075,5572,708,22,336
Panama,2/12/21,330985,5595,910,23,337
Panama,2/13/21,331692,5621,707,26,338
Panama,2/14/21,332179,5636,487,15,339
