country,date,confirmed,deaths,new_confirmed,new_deaths,tagged_day
Russia,3/12/20,28,0,8,0,1
Russia,3/13/20,45,0,17,0,2
Russia,3/14/20,59,0,14,0,3
Russia,3/15/20,63,0,4,0,4
Russia,3/16/20,90,0,27,0,5
Russia,3/17/20,114,0,24,0,6
Russia,3/18/20,147,0,33,0,7
Russia,3/19/20,199,1,52,1,8
Russia,3/20/20,253,1,54,0,9
Russia,3/21/20,306,1,53,0,10
Russia,3/22/20,367,1,61,0,11
Russia,3/23/20,438,1,71,0,12
Russia,3/24/20,495,1,57,0,13
Russia,3/25/20,658,3,163,2,14
Russia,3/26/20,840,3,182,0,15
Russia,3/27/20,1036,4,196,1,16
Russia,3/28/20,1264,4,228,0,17
Russia,3/29/20,1534,8,270,4,18
Russia,3/30/20,1836,9,302,1,19
Russia,3/31/20,2337,17,501,8,20
Russia,4/1/20,2777,24,440,7,21
Russia,4/2/20,3548,30,771,6,22
Russia,4/3/20,4149,34,601,4,23
Russia,4/4/20,4731,43,582,9,24
Russia,4/5/20,5389,45,658,2,25
Russia,4/6/20,6343,47,954,2,26
Russia,4/7/20,7497,58,1154,11,27
Russia,4/8/20,8672,63,1175,5,28
Russia,4/9/20,10131,76,1459,13,29
Russia,4/10/20,11917,94,1786,18,30
Russia,4/11/20,13584,106,1667,12,31
Russia,4/12/20,15770,130,2186,24,32
Russia,4/13/20,18328,148,2558,18,33
Russia,4/14/20,21102,170,2774,22,34
Russia,4/15/20,24490,198,3388,28,35
Russia,4/16/20,27938,232,3448,34,36
Russia,4/17/20,32008,273,4070,41,37
Russia,4/18/20,36793,313,4785,40,38
Russia,4/19/20,42853,361,6060,48,39
Russia,4/20/20,47121,405,4268,44,40
Russia,4/21/20,52763,456,5642,51,41
Russia,4/22/20,57999,513,5236,57,42
Russia,4/23/20,62773,555,4774,42,43
Russia,4/24/20,68622,615,5849,60,44
Russia,4/25/20,74588,681,5966,66,45
Russia,4/26/20,80949,747,6361,66,46
Russia,4/27/20,87147,794,6198,47,47
Russia,4/28/20,93558,867,6411,73,48
Russia,4/29/20,99399,972,5841,105,49
Russia,4/30/20,106498,1073,7099,101,50
Russia,5/1/20,114431,1169,7933,96,51
Russia,5/2/20,124054,1222,9623,53,52
Russia,5/3/20,134687,1280,10633,58,53
Russia,5/4/20,145268,1356,10581,76,54
Russia,5/5/20,155370,1451,10102,95,55
Russia,5/6/20,165929,1537,10559,86,56
Russia,5/7/20,177160,1625,11231,88,57
Russia,5/8/20,187859,1723,10699,98,58
Russia,5/9/20,198676,1827,10817,104,59
Russia,5/10/20,209688,1915,11012,88,60
Russia,5/11/20,221344,2009,11656,94,61
Russia,5/12/20,232243,2116,10899,107,62
Russia,5/13/20,242271,2212,10028,96,63
Russia,5/14/20,252245,2305,9974,93,64
Russia,5/15/20,262843,2418,10598,113,65
Russia,5/16/20,272043,2537,9200,119,66
Russia,5/17/20,281752,2631,9709,94,67
Russia,5/18/20,290678,2722,8926,91,68
Russia,5/19/20,299941,2837,9263,115,69
Russia,5/20/20,308705,2972,8764,135,70
Russia,5/21/20,317554,3099,8849,127,71
Russia,5/22/20,326448,3249,8894,150,72
Russia,5/23/20,335882,3388,9434,139,73
Russia,5/24/20,344481,3541,8599,153,74
Russia,5/25/20,353427,3633,8946,92,75
Russia,5/26/20,362342,3807,8915,174,76
Russia,5/27/20,370680,3968,8338,161,77
Russia,5/28/20,379051,4142,8371,174,78
Russia,5/29/20,387623,4374,8572,232,79
Russia,5/30/20,396575,4555,8952,181,80
Russia,5/31/20,405843,4693,9268,138,81
Russia,6/1/20,414328,4849,8485,156,82
Russia,6/2/20,423186,5031,8858,182,83
Russia,6/3/20,431715,5208,8529,177,84
Russia,6/4/20,440538,5376,8823,168,85
Russia,6/5/20,449256,5520,8718,144,86
Russia,6/6/20,458102,5717,8846,197,87
Russia,6/7/20,467073,5851,8971,134,88
Russia,6/8/20,476043,5963,8970,112,89
Russia,6/9/20,484630,6134,8587,171,90
Russia,6/10/20,493023,6350,8393,216,91
Russia,6/11/20,501800,6522,8777,172,92
Russia,6/12/20,510761,6705,8961,183,93
Russia,6/13/20,519458,6819,8697,114,94
Russia,6/14/20,528267,6938,8809,119,95
Russia,6/15/20,536484,7081,8217,143,96
Russia,6/16/20,544725,7274,8241,193,97
Russia,6/17/20,552549,7468,7824,194,98
Russia,6/18/20,560321,7650,7772,182,99
Russia,6/19/20,568292,7831,7971,181,100
Russia,6/20/20,576162,7992,7870,161,101
Russia,6/21/20,583879,8101,7717,109,102
Russia,6/22/20,591465,8196,7586,95,103
Russia,6/23/20,598878,8349,7413,153,104
Russia,6/24/20,606043,8503,7165,154,105
Russia,6/25/20,613148,8594,7105,91,106
Russia,6/26/20,619936,8770,6788,176,107
Russia,6/27/20,626779,8958,6843,188,108
Russia,6/28/20,633563,9060,6784,102,109
Russia,6/29/20,640246,9152,6683,92,110
Russia,6/30/20,646929,9306,6683,154,111
Russia,7/1/20,653479,9521,6550,215,112
Russia,7/2/20,660231,9668,6752,147,113
Russia,7/3/20,666941,9844,6710,176,114
Russia,7/4/20,673564,10011,6623,167,115
Russia,7/5/20,680283,10145,6719,134,116
Russia,7/6/20,686852,10280,6569,135,117
Russia,7/7/20,693215,10478,6363,198,118
Russia,7/8/20,699749,10650,6534,172,119
Russia,7/9/20,706240,10826,6491,176,120
Russia,7/10/20,712863,11000,6623,174,121
Russia,7/11/20,719449,11188,6586,188,122
Russia,7/12/20,726036,11318,6587,130,123
Russia,7/13/20,732547,11422,6511,104,124
Russia,7/14/20,738787,11597,6240,175,125
Russia,7/15/20,745197,11753,6410,156,126
Russia,7/16/20,751612,11920,6415,167,127
Russia,7/17/20,758001,12106,6389,186,128
Russia,7/18/20,764215,12228,6214,122,129
Russia,7/19/20,770311,12323,6096,95,130
Russia,7/20/20,776212,12408,5901,85,131
Russia,7/21/20,782040,12561,5828,153,132
Russia,7/22/20,787890,12726,5850,165,133
Russia,7/23/20,793720,12873,5830,147,134
Russia,7/24/20,799499,13026,5779,153,135
Russia,7/25/20,805332,13172,5833,146,136
Russia,7/26/20,811073,13249,5741,77,137
Russia,7/27/20,816680,13334,5607,85,138
Russia,7/28/20,822060,13483,5380,149,139
Russia,7/29/20,827509,13650,5449,167,140
Russia,7/30/20,832993,13778,5484,128,141
Russia,7/31/20,838461,13939,5468,161,142
Russia,8/1/20,843890,14034,5429,95,143
Russia,8/2/20,849277,14104,5387,70,144
Russia,8/3/20,854641,14183,5364,79,145
Russia,8/4/20,859762,14327,5121,144,146
Russia,8/5/20,864948,14465,5186,138,147
Russia,8/6/20,870187,14579,5239,114,148
Russia,8/7/20,875378,14698,5191,119,149
Russia,8/8/20,880563,14827,5185,129,150
Russia,8/9/20,885718,14903,5155,76,151
Russia,8/10/20,890799,14973,5081,70,152
Russia,8/11/20,895691,15103,4892,130,153
Russia,8/12/20,900745,15231,5054,128,154
Russia,8/13/20,905762,15353,5017,122,155
Russia,8/14/20,910778,15467,5016,114,156
Russia,8/15/20,915808,15585,5030,118,157
Russia,8/16/20,920719,15653,4911,68,158
Russia,8/17/20,925558,15707,4839,54,159
Russia,8/18/20,930276,15836,4718,129,160
Russia,8/19/20,935066,15951,4790,115,161
Russia,8/20/20,939833,16058,4767,107,162
Russia,8/21/20,944671,16148,4838,90,163
Russia,8/22/20,949531,16268,4860,120,164
Russia,8/23/20,954328,16341,4797,73,165
Russia,8/24/20,959016,16406,4688,65,166
Russia,8/25/20,963655,16524,4639,118,167
Russia,8/26/20,968297,16638,4642,114,168
Russia,8/27/20,972972,16758,4675,120,169
Russia,8/28/20,977730,16866,4758,108,170
Russia,8/29/20,982573,16977,4843,111,171
Russia,8/30/20,987470,17045,4897,68,172
Russia,8/31/20,992402,17128,4932,83,173
Russia,9/1/20,997072,17250,4670,122,174
Russia,9/2/20,1001965,17365,4893,115,175
Russia,9/3/20,1006923,17479,4958,114,176
Russia,9/4/20,1011987,17598,5064,119,177
Russia,9/5/20,1017131,17707,5144,109,178
Russia,9/6/20,1022228,17768,5097,61,179
Russia,9/7/20,1027334,17818,5106,50,180
Russia,9/8/20,1032354,17939,5020,121,181
Russia,9/9/20,1037526,18080,5172,141,182
Russia,9/10/20,1042836,18207,5310,127,183
Russia,9/11/20,1048257,18309,5421,102,184
Russia,9/12/20,1053663,18426,5406,117,185
Russia,9/13/20,1059024,18517,5361,91,186
Russia,9/14/20,1064438,18573,5414,56,187
Russia,9/15/20,1069873,18723,5435,150,188
Russia,9/16/20,1075485,18853,5612,130,189
Russia,9/17/20,1081152,18996,5667,143,190
Russia,9/18/20,1086955,19128,5803,132,191
Russia,9/19/20,1092915,19270,5960,142,192
Russia,9/20/20,1098958,19349,6043,79,193
Russia,9/21/20,1105048,19420,6090,71,194
Russia,9/22/20,1111157,19575,6109,155,195
Russia,9/23/20,1117487,19720,6330,145,196
Russia,9/24/20,1123976,19867,6489,147,197
Russia,9/25/20,1131088,19973,7112,106,198
Russia,9/26/20,1138509,20140,7421,167,199
Russia,9/27/20,1146273,20239,7764,99,200
Russia,9/28/20,1154299,20299,8026,60,201
Russia,9/29/20,1162428,20456,8129,157,202
Russia,9/30/20,1170799,20630,8371,174,203
Russia,10/1/20,1179634,20796,8835,166,204
Russia,10/2/20,1188928,20981,9294,185,205
Russia,10/3/20,1198663,21153,9735,172,206
Russia,10/4/20,1209039,21260,10376,107,207
Russia,10/5/20,1219796,21375,10757,115,208
Russia,10/6/20,1231277,21559,11481,184,209
Russia,10/7/20,1242258,21755,10981,196,210
Russia,10/8/20,1253603,21939,11345,184,211
Russia,10/9/20,1265572,22137,11969,198,212
Russia,10/10/20,1278245,22331,12673,194,213
Russia,10/11/20,1291687,22471,13442,140,214
Russia,10/12/20,1305093,22594,13406,123,215
Russia,10/13/20,1318783,22834,13690,240,216
Russia,10/14/20,1332824,23069,14041,235,217
Russia,10/15/20,1346380,23350,13556,281,218
Russia,10/16/20,1361317,23580,14937,230,219
Russia,10/17/20,1376020,23857,14703,277,220
Russia,10/18/20,1390824,24039,14804,182,221
Russia,10/19/20,1406667,24205,15843,166,222
Russia,10/20/20,1422775,24473,16108,268,223
Russia,10/21/20,1438219,24786,15444,313,224
Russia,10/22/20,1453923,25072,15704,286,225
Russia,10/23/20,1471000,25353,17077,281,226
Russia,10/24/20,1487260,25647,16260,294,227
Russia,10/25/20,1503652,25875,16392,228,228
Russia,10/26/20,1520800,26092,17148,217,229
Russia,10/27/20,1537142,26409,16342,317,230
Russia,10/28/20,1553028,26752,15886,343,231
Russia,10/29/20,1570446,27111,17418,359,232
Russia,10/30/20,1588433,27462,17987,351,233
Russia,10/31/20,1606267,27787,17834,325,234
Russia,11/1/20,1624648,28026,18381,239,235
Russia,11/2/20,1642665,28264,18017,238,236
Russia,11/3/20,1661096,28611,18431,347,237
Russia,11/4/20,1680579,28996,19483,385,238
Russia,11/5/20,1699695,29285,19116,289,239
Russia,11/6/20,1720063,29654,20368,369,240
Russia,11/7/20,1740172,30010,20109,356,241
Russia,11/8/20,1760420,30292,20248,282,242
Russia,11/9/20,1781997,30546,21577,254,243
Russia,11/10/20,1802762,30899,20765,353,244
Russia,11/11/20,1822345,31326,19583,427,245
Russia,11/12/20,1843678,31755,21333,429,246
Russia,11/13/20,1865395,32156,21717,401,247
Russia,11/14/20,1887836,32536,22441,380,248
Russia,11/15/20,1910149,32885,22313,349,249
Russia,11/16/20,1932711,33184,22562,299,250
Russia,11/17/20,1954912,33619,22201,435,251
Russia,11/18/20,1975629,34068,20717,449,252
Russia,11/19/20,1998966,34525,23337,457,253
Russia,11/20/20,2023025,34980,24059,455,254
Russia,11/21/20,2047563,35442,24538,462,255
Russia,11/22/20,2071858,35838,24295,396,256
Russia,11/23/20,2096749,36192,24891,354,257
Russia,11/24/20,2120836,36675,24087,483,258
Russia,11/25/20,2144229,37173,23393,498,259
Russia,11/26/20,2169424,37688,25195,515,260
Russia,11/27/20,2196691,38175,27267,487,261
Russia,11/28/20,2223500,38676,26809,501,262
Russia,11/29/20,2249890,39127,26390,451,263
Russia,11/30/20,2275936,39491,26046,364,264
Russia,12/1/20,2302062,40050,26126,559,265
Russia,12/2/20,2327105,40630,25043,580,266
Russia,12/3/20,2354934,41173,27829,543,267
Russia,12/4/20,2382012,41730,27078,557,268
Russia,12/5/20,2410462,42228,28450,498,269
Russia,12/6/20,2439163,42675,28701,447,270
Russia,12/7/20,2466961,43122,27798,447,271
Russia,12/8/20,2492713,43674,25752,552,272
Russia,12/9/20,2518551,44220,25838,546,273
Russia,12/10/20,2546113,44769,27562,549,274
Russia,12/11/20,2574319,45370,28206,601,275
Russia,12/12/20,2602048,45923,27729,553,276
Russia,12/13/20,2629699,46404,27651,481,277
Russia,12/14/20,2656601,46846,26902,442,278
Russia,12/15/20,2682866,47410,26265,564,279
Russia,12/16/20,2708940,47994,26074,584,280
Russia,12/17/20,2736727,48568,27787,574,281
Russia,12/18/20,2764843,49170,28116,602,282
Russia,12/19/20,2792615,49744,27772,574,283
Russia,12/20/20,2821125,50242,28510,498,284
Russia,12/21/20,2850042,50723,28917,481,285
Russia,12/22/20,2878382,51274,28340,551,286
Russia,12/23/20,2905196,51810,26814,536,287
Russia,12/24/20,2934695,52434,29499,624,288
Russia,12/25/20,2963290,52985,28595,551,289
Russia,12/26/20,2992123,53539,28833,554,290
Russia,12/27/20,3019972,54080,27849,541,291
Russia,12/28/20,3047335,54559,27363,479,292
Russia,12/29/20,3073923,55107,26588,548,293
Russia,12/30/20,3100018,55692,26095,585,294
Russia,12/31/20,3127347,56271,27329,579,295
Russia,1/1/21,3153960,56798,26613,527,296
Russia,1/2/21,3179898,57235,25938,437,297
Russia,1/3/21,3203743,57730,23845,495,298
Russia,1/4/21,3226758,58203,23015,473,299
Russia,1/5/21,3250713,58706,23955,503,300
Russia,1/6/21,3274615,59137,23902,431,301
Russia,1/7/21,3297833,59628,23218,491,302
Russia,1/8/21,3321163,60067,23330,439,303
Russia,1/9/21,3344175,60523,23012,456,304
Russia,1/10/21,3366715,60963,22540,440,305
Russia,1/11/21,3389733,61389,23018,426,306
Russia,1/12/21,3412390,61908,22657,519,307
Russia,1/13/21,3434934,62463,22544,555,308
Russia,1/14/21,3459237,63016,24303,553,309
Russia,1/15/21,3483531,63558,24294,542,310
Russia,1/16/21,3507201,64134,23670,576,311
Russia,1/17/21,3530379,64601,23178,467,312
Russia,1/18/21,3552888,65059,22509,458,313
Russia,1/19/21,3574330,65632,21442,573,314
Russia,1/20/21,3595136,66214,20806,582,315
Russia,1/21/21,3616680,66810,21544,596,316
Russia,1/22/21,3637862,67376,21182,566,317
Russia,1/23/21,3658447,67919,20585,543,318
Russia,1/24/21,3679247,68397,20800,478,319
Russia,1/25/21,3698246,68841,18999,444,320
Russia,1/26/21,3716228,69391,17982,550,321
Russia,1/27/21,3733692,69971,17464,580,322
Russia,1/28/21,3752548,70533,18856,562,323
Russia,1/29/21,3771514,71054,18966,521,324
Russia,1/30/21,3790265,71556,18751,502,325
Russia,1/31/21,3808348,72029,18083,473,326
Russia,2/1/21,3825739,72456,17391,427,327
Russia,2/2/21,3842145,72982,16406,526,328
Russia,2/3/21,3858367,73497,16222,515,329
Russia,2/4/21,3874830,74005,16463,508,330
Russia,2/5/21,3891274,74520,16444,515,331
Russia,2/6/21,3907653,75010,16379,490,332
Russia,2/7/21,3923461,75430,15808,420,333
Russia,2/8/21,3939162,75828,15701,398,334
Russia,2/9/21,3953970,76347,14808,519,335
Russia,2/10/21,3968228,76873,14258,526,336
Russia,2/11/21,3983031,77415,14803,542,337
Russia,2/12/21,3997898,77911,14867,496,338
Russia,2/13/21,4012538,78403,14640,492,339
Russia,2/14/21,4026506,78825,13968,422,340
