country,date,confirmed,deaths,new_confirmed,new_deaths,tagged_day
United Kingdom,2/20/20,22,0,2,0,1
United Kingdom,2/21/20,23,0,1,0,2
United Kingdom,2/22/20,23,0,0,0,3
United Kingdom,2/23/20,28,0,5,0,4
United Kingdom,2/24/20,30,0,2,0,5
United Kingdom,2/25/20,34,0,4,0,6
United Kingdom,2/26/20,37,0,3,0,7
United Kingdom,2/27/20,44,0,7,0,8
United Kingdom,2/28/20,56,0,12,0,9
United Kingdom,2/29/20,61,0,5,0,10
United Kingdom,3/1/20,94,0,33,0,11
United Kingdom,3/2/20,134,0,40,0,12
United Kingdom,3/3/20,189,0,55,0,13
United Kingdom,3/4/20,246,0,57,0,14
United Kingdom,3/5/20,295,0,49,0,15
United Kingdom,3/6/20,374,1,79,1,16
United Kingdom,3/7/20,429,2,55,1,17
United Kingdom,3/8/20,483,2,54,0,18
United Kingdom,3/9/20,630,3,147,1,19
United Kingdom,3/10/20,889,7,259,4,20
United Kingdom,3/11/20,1301,7,412,0,21
United Kingdom,3/12/20,1790,9,489,2,22
United Kingdom,3/13/20,2270,10,480,1,23
United Kingdom,3/14/20,2634,29,364,19,24
United Kingdom,3/15/20,3077,43,443,14,25
United Kingdom,3/16/20,3692,66,615,23,26
United Kingdom,3/17/20,4462,83,770,17,27
United Kingdom,3/18/20,5467,117,1005,34,28
United Kingdom,3/19/20,6533,163,1066,46,29
United Kingdom,3/20/20,7791,195,1258,32,30
United Kingdom,3/21/20,9006,253,1215,58,31
United Kingdom,3/22/20,10395,289,1389,36,32
United Kingdom,3/23/20,12744,365,2349,76,33
United Kingdom,3/24/20,15126,513,2382,148,34
United Kingdom,3/25/20,17843,704,2717,191,35
United Kingdom,3/26/20,20970,886,3127,182,36
United Kingdom,3/27/20,24219,1174,3249,288,37
United Kingdom,3/28/20,27062,1466,2843,292,38
United Kingdom,3/29/20,29954,1679,2892,213,39
United Kingdom,3/30/20,34281,2053,4327,374,40
United Kingdom,3/31/20,38815,2457,4534,404,41
United Kingdom,4/1/20,43789,3130,4974,673,42
United Kingdom,4/2/20,48718,3787,4929,657,43
United Kingdom,4/3/20,53699,4524,4981,737,44
United Kingdom,4/4/20,57772,5281,4073,757,45
United Kingdom,4/5/20,61422,5882,3650,601,46
United Kingdom,4/6/20,66738,6452,5316,570,47
United Kingdom,4/7/20,72224,7557,5486,1105,48
United Kingdom,4/8/20,77387,8589,5163,1032,49
United Kingdom,4/9/20,82293,9706,4906,1117,50
United Kingdom,4/10/20,86660,10829,4367,1123,51
United Kingdom,4/11/20,90273,11673,3613,844,52
United Kingdom,4/12/20,93812,12330,3539,657,53
United Kingdom,4/13/20,98017,13055,4205,725,54
United Kingdom,4/14/20,102365,14135,4348,1080,55
United Kingdom,4/15/20,107465,15019,5100,884,56
United Kingdom,4/16/20,112808,16059,5343,1040,57
United Kingdom,4/17/20,117798,16973,4990,914,58
United Kingdom,4/18/20,122534,18081,4736,1108,59
United Kingdom,4/19/20,126394,18514,3860,433,60
United Kingdom,4/20/20,131260,19090,4866,576,61
United Kingdom,4/21/20,136035,20314,4775,1224,62
United Kingdom,4/22/20,141540,21171,5505,857,63
United Kingdom,4/23/20,146708,21855,5168,684,64
United Kingdom,4/24/20,151689,22873,4981,1018,65
United Kingdom,4/25/20,155453,23689,3764,816,66
United Kingdom,4/26/20,158926,24053,3473,364,67
United Kingdom,4/27/20,163630,24376,4704,323,68
United Kingdom,4/28/20,168357,25347,4727,971,69
United Kingdom,4/29/20,173807,26118,5450,771,70
United Kingdom,4/30/20,178771,26754,4964,636,71
United Kingdom,5/1/20,183501,27454,4730,700,72
United Kingdom,5/2/20,186731,28039,3230,585,73
United Kingdom,5/3/20,189708,28292,2977,253,74
United Kingdom,5/4/20,193091,28565,3383,273,75
United Kingdom,5/5/20,196780,29290,3689,725,76
United Kingdom,5/6/20,200616,29937,3836,647,77
United Kingdom,5/7/20,204387,30395,3771,458,78
United Kingdom,5/8/20,207439,30975,3052,580,79
United Kingdom,5/9/20,209589,31250,2150,275,80
United Kingdom,5/10/20,211911,31467,2322,217,81
United Kingdom,5/11/20,215500,31655,3589,188,82
United Kingdom,5/12/20,218895,32270,3395,615,83
United Kingdom,5/13/20,222195,32718,3300,448,84
United Kingdom,5/14/20,224813,33071,2618,353,85
United Kingdom,5/15/20,227334,33422,2521,351,86
United Kingdom,5/16/20,229406,33833,2072,411,87
United Kingdom,5/17/20,231232,33900,1826,67,88
United Kingdom,5/18/20,233809,34046,2577,146,89
United Kingdom,5/19/20,236867,34547,3058,501,90
United Kingdom,5/20/20,239579,34876,2712,329,91
United Kingdom,5/21/20,242133,35149,2554,273,92
United Kingdom,5/22/20,244174,35440,2041,291,93
United Kingdom,5/23/20,245682,35660,1508,220,94
United Kingdom,5/24/20,247037,36039,1355,379,95
United Kingdom,5/25/20,248650,36143,1613,104,96
United Kingdom,5/26/20,250309,36274,1659,131,97
United Kingdom,5/27/20,252118,36696,1809,422,98
United Kingdom,5/28/20,253854,37039,1736,343,99
United Kingdom,5/29/20,255362,37313,1508,274,100
United Kingdom,5/30/20,256469,37467,1107,154,101
United Kingdom,5/31/20,257539,37527,1070,60,102
United Kingdom,6/1/20,258983,37613,1444,86,103
United Kingdom,6/2/20,260453,37863,1470,250,104
United Kingdom,6/3/20,261802,38117,1349,254,105
United Kingdom,6/4/20,263040,38247,1238,130,106
United Kingdom,6/5/20,264150,38505,1110,258,107
United Kingdom,6/6/20,264944,38648,794,143,108
United Kingdom,6/7/20,265662,38702,718,54,109
United Kingdom,6/8/20,266756,38749,1094,47,110
United Kingdom,6/9/20,267915,38946,1159,197,111
United Kingdom,6/10/20,269101,39110,1186,164,112
United Kingdom,6/11/20,270108,39186,1007,76,113
United Kingdom,6/12/20,271162,39317,1054,131,114
United Kingdom,6/13/20,272050,39424,888,107,115
United Kingdom,6/14/20,272857,39451,807,27,116
United Kingdom,6/15/20,273888,39480,1031,29,117
United Kingdom,6/16/20,274971,39600,1083,120,118
United Kingdom,6/17/20,275970,39710,999,110,119
United Kingdom,6/18/20,276990,39777,1020,67,120
United Kingdom,6/19/20,277974,39861,984,84,121
United Kingdom,6/20/20,278640,39932,666,71,122
United Kingdom,6/21/20,279264,39963,624,31,123
United Kingdom,6/22/20,280156,39976,892,13,124
United Kingdom,6/23/20,281038,40070,882,94,125
United Kingdom,6/24/20,281815,40157,777,87,126
United Kingdom,6/25/20,282512,40256,697,99,127
United Kingdom,6/26/20,283151,40333,639,77,128
United Kingdom,6/27/20,283785,40373,634,40,129
United Kingdom,6/28/20,284192,40404,407,31,130
United Kingdom,6/29/20,284812,40425,620,21,131
United Kingdom,6/30/20,285216,40479,404,54,132
United Kingdom,7/1/20,285279,40576,63,97,133
United Kingdom,7/2/20,285285,40617,6,41,134
United Kingdom,7/3/20,285787,40666,502,49,135
United Kingdom,7/4/20,286412,40698,625,32,136
United Kingdom,7/5/20,286931,40717,519,19,137
United Kingdom,7/6/20,287290,40728,359,11,138
United Kingdom,7/7/20,287874,40782,584,54,139
United Kingdom,7/8/20,288511,40839,637,57,140
United Kingdom,7/9/20,289154,40870,643,31,141
United Kingdom,7/10/20,289678,40904,524,34,142
United Kingdom,7/11/20,290504,40921,826,17,143
United Kingdom,7/12/20,291154,40930,650,9,144
United Kingdom,7/13/20,291691,40940,537,10,145
United Kingdom,7/14/20,292931,40984,1240,44,146
United Kingdom,7/15/20,293469,41010,538,26,147
United Kingdom,7/16/20,294116,41034,647,24,148
United Kingdom,7/17/20,294803,41060,687,26,149
United Kingdom,7/18/20,295632,41069,829,9,150
United Kingdom,7/19/20,296358,41080,726,11,151
United Kingdom,7/20/20,296944,41090,586,10,152
United Kingdom,7/21/20,297389,41115,445,25,153
United Kingdom,7/22/20,297952,41132,563,17,154
United Kingdom,7/23/20,298731,41141,779,9,155
United Kingdom,7/24/20,299500,41173,769,32,156
United Kingdom,7/25/20,300270,41188,770,15,157
United Kingdom,7/26/20,301020,41196,750,8,158
United Kingdom,7/27/20,301708,41199,688,3,159
United Kingdom,7/28/20,302261,41220,553,21,160
United Kingdom,7/29/20,303063,41254,802,34,161
United Kingdom,7/30/20,303910,41254,847,0,162
United Kingdom,7/31/20,304793,41274,883,20,163
United Kingdom,8/1/20,305562,41287,769,13,164
United Kingdom,8/2/20,306309,41292,747,5,165
United Kingdom,8/3/20,307251,41293,942,1,166
United Kingdom,8/4/20,307926,41311,675,18,167
United Kingdom,8/5/20,308832,41325,906,14,168
United Kingdom,8/6/20,309796,41343,964,18,169
United Kingdom,8/7/20,310696,41355,900,12,170
United Kingdom,8/8/20,311461,41358,765,3,171
United Kingdom,8/9/20,312574,41363,1113,5,172
United Kingdom,8/10/20,313392,41381,818,18,173
United Kingdom,8/11/20,314542,41394,1150,13,174
United Kingdom,8/12/20,315581,41414,1039,20,175
United Kingdom,8/13/20,316729,41432,1148,18,176
United Kingdom,8/14/20,318190,41443,1461,11,177
United Kingdom,8/15/20,319232,41446,1042,3,178
United Kingdom,8/16/20,320343,41451,1111,5,179
United Kingdom,8/17/20,321064,41454,721,3,180
United Kingdom,8/18/20,322177,41466,1113,12,181
United Kingdom,8/19/20,323008,41483,831,17,182
United Kingdom,8/20/20,324203,41489,1195,6,183
United Kingdom,8/21/20,325263,41491,1060,2,184
United Kingdom,8/22/20,326595,41509,1332,18,185
United Kingdom,8/23/20,327643,41515,1048,6,186
United Kingdom,8/24/20,328620,41519,977,4,187
United Kingdom,8/25/20,329821,41535,1201,16,188
United Kingdom,8/26/20,330967,41552,1146,17,189
United Kingdom,8/27/20,332509,41564,1542,12,190
United Kingdom,8/28/20,333806,41573,1297,9,191
United Kingdom,8/29/20,334916,41585,1110,12,192
United Kingdom,8/30/20,336668,41586,1752,1,193
United Kingdom,8/31/20,338083,41589,1415,3,194
United Kingdom,9/1/20,339415,41592,1332,3,195
United Kingdom,9/2/20,340929,41602,1514,10,196
United Kingdom,9/3/20,342708,41616,1779,14,197
United Kingdom,9/4/20,344686,41626,1978,10,198
United Kingdom,9/5/20,346513,41638,1827,12,199
United Kingdom,9/6/20,349500,41640,2987,2,200
United Kingdom,9/7/20,352451,41643,2951,3,201
United Kingdom,9/8/20,354932,41675,2481,32,202
United Kingdom,9/9/20,357613,41683,2681,8,203
United Kingdom,9/10/20,360544,41697,2931,14,204
United Kingdom,9/11/20,364088,41703,3544,6,205
United Kingdom,9/12/20,367592,41712,3504,9,206
United Kingdom,9/13/20,370930,41717,3338,5,207
United Kingdom,9/14/20,373555,41726,2625,9,208
United Kingdom,9/15/20,376670,41753,3115,27,209
United Kingdom,9/16/20,380677,41773,4007,20,210
United Kingdom,9/17/20,384087,41794,3410,21,211
United Kingdom,9/18/20,388416,41821,4329,27,212
United Kingdom,9/19/20,392845,41848,4429,27,213
United Kingdom,9/20/20,396744,41866,3899,18,214
United Kingdom,9/21/20,401122,41877,4378,11,215
United Kingdom,9/22/20,406058,41914,4936,37,216
United Kingdom,9/23/20,412245,41951,6187,37,217
United Kingdom,9/24/20,418889,41991,6644,40,218
United Kingdom,9/25/20,425767,42025,6878,34,219
United Kingdom,9/26/20,431817,42060,6050,35,220
United Kingdom,9/27/20,437517,42077,5700,17,221
United Kingdom,9/28/20,441573,42090,4056,13,222
United Kingdom,9/29/20,448729,42162,7156,72,223
United Kingdom,9/30/20,455846,42233,7117,71,224
United Kingdom,10/1/20,462775,42292,6929,59,225
United Kingdom,10/2/20,469769,42358,6994,66,226
United Kingdom,10/3/20,482654,42407,12885,49,227
United Kingdom,10/4/20,505619,42440,22965,33,228
United Kingdom,10/5/20,518222,42459,12603,19,229
United Kingdom,10/6/20,532779,42535,14557,76,230
United Kingdom,10/7/20,546952,42605,14173,70,231
United Kingdom,10/8/20,564502,42682,17550,77,232
United Kingdom,10/9/20,578390,42769,13888,87,233
United Kingdom,10/10/20,593565,42850,15175,81,234
United Kingdom,10/11/20,606447,42915,12882,65,235
United Kingdom,10/12/20,620458,42965,14011,50,236
United Kingdom,10/13/20,637708,43108,17250,143,237
United Kingdom,10/14/20,657459,43245,19751,137,238
United Kingdom,10/15/20,676455,43383,18996,138,239
United Kingdom,10/16/20,692112,43519,15657,136,240
United Kingdom,10/17/20,708298,43669,16186,150,241
United Kingdom,10/18/20,725292,43736,16994,67,242
United Kingdom,10/19/20,744122,43816,18830,80,243
United Kingdom,10/20/20,765487,44057,21365,241,244
United Kingdom,10/21/20,792194,44248,26707,191,245
United Kingdom,10/22/20,813451,44437,21257,189,246
United Kingdom,10/23/20,834010,44661,20559,224,247
United Kingdom,10/24/20,857043,44835,23033,174,248
United Kingdom,10/25/20,876840,44986,19797,151,249
United Kingdom,10/26/20,897740,45088,20900,102,250
United Kingdom,10/27/20,920664,45455,22924,367,251
United Kingdom,10/28/20,945378,45765,24714,310,252
United Kingdom,10/29/20,968456,46045,23078,280,253
United Kingdom,10/30/20,992874,46319,24418,274,254
United Kingdom,10/31/20,1014793,46645,21919,326,255
United Kingdom,11/1/20,1038054,46807,23261,162,256
United Kingdom,11/2/20,1057021,46943,18967,136,257
United Kingdom,11/3/20,1077099,47340,20078,397,258
United Kingdom,11/4/20,1102305,47832,25206,492,259
United Kingdom,11/5/20,1126469,48210,24164,378,260
United Kingdom,11/6/20,1149791,48565,23322,355,261
United Kingdom,11/7/20,1174770,48978,24979,413,262
United Kingdom,11/8/20,1195350,49134,20580,156,263
United Kingdom,11/9/20,1216747,49329,21397,195,264
United Kingdom,11/10/20,1237198,49861,20451,532,265
United Kingdom,11/11/20,1260198,50457,23000,596,266
United Kingdom,11/12/20,1293715,51020,33517,563,267
United Kingdom,11/13/20,1321031,51396,27316,376,268
United Kingdom,11/14/20,1347907,51858,26876,462,269
United Kingdom,11/15/20,1372884,52026,24977,168,270
United Kingdom,11/16/20,1394299,52240,21415,214,271
United Kingdom,11/17/20,1414359,52839,20060,599,272
United Kingdom,11/18/20,1434004,53368,19645,529,273
United Kingdom,11/19/20,1456940,53870,22936,502,274
United Kingdom,11/20/20,1477214,54381,20274,511,275
United Kingdom,11/21/20,1497135,54721,19921,340,276
United Kingdom,11/22/20,1515802,55120,18667,399,277
United Kingdom,11/23/20,1531267,55327,15465,207,278
United Kingdom,11/24/20,1542611,55935,11344,608,279
United Kingdom,11/25/20,1560872,56630,18261,695,280
United Kingdom,11/26/20,1578429,57128,17557,498,281
United Kingdom,11/27/20,1593250,57648,14821,520,282
United Kingdom,11/28/20,1609141,58127,15891,479,283
United Kingdom,11/29/20,1621305,58342,12164,215,284
United Kingdom,11/30/20,1633733,58545,12428,203,285
United Kingdom,12/1/20,1647230,59148,13497,603,286
United Kingdom,12/2/20,1663467,59796,16237,648,287
United Kingdom,12/3/20,1678418,60210,14951,414,288
United Kingdom,12/4/20,1694800,60714,16382,504,289
United Kingdom,12/5/20,1710379,61111,15579,397,290
United Kingdom,12/6/20,1727751,61342,17372,231,291
United Kingdom,12/7/20,1742525,61531,14774,189,292
United Kingdom,12/8/20,1754911,62130,12386,599,293
United Kingdom,12/9/20,1771545,62663,16634,533,294
United Kingdom,12/10/20,1792611,63179,21066,516,295
United Kingdom,12/11/20,1814395,63603,21784,424,296
United Kingdom,12/12/20,1835949,64123,21554,520,297
United Kingdom,12/13/20,1854490,64267,18541,144,298
United Kingdom,12/14/20,1874867,64500,20377,233,299
United Kingdom,12/15/20,1893436,65006,18569,506,300
United Kingdom,12/16/20,1918736,65618,25300,612,301
United Kingdom,12/17/20,1954268,66150,35532,532,302
United Kingdom,12/18/20,1982828,66640,28560,490,303
United Kingdom,12/19/20,2010077,67177,27249,537,304
United Kingdom,12/20/20,2046161,67503,36084,326,305
United Kingdom,12/21/20,2079678,67718,33517,215,306
United Kingdom,12/22/20,2116609,68409,36931,691,307
United Kingdom,12/23/20,2155996,69157,39387,748,308
United Kingdom,12/24/20,2195144,69732,39148,575,309
United Kingdom,12/25/20,2227947,70302,32803,570,310
United Kingdom,12/26/20,2262735,70513,34788,211,311
United Kingdom,12/27/20,2295228,70860,32493,347,312
United Kingdom,12/28/20,2336688,71217,41460,357,313
United Kingdom,12/29/20,2389963,71675,53275,458,314
United Kingdom,12/30/20,2440202,72657,50239,982,315
United Kingdom,12/31/20,2496231,73622,56029,965,316
United Kingdom,1/1/21,2549689,74237,53458,615,317
United Kingdom,1/2/21,2607542,74682,57853,445,318
United Kingdom,1/3/21,2662699,75137,55157,455,319
United Kingdom,1/4/21,2721622,75547,58923,410,320
United Kingdom,1/5/21,2782709,76428,61087,881,321
United Kingdom,1/6/21,2845265,77470,62556,1042,322
United Kingdom,1/7/21,2898052,78632,52787,1162,323
United Kingdom,1/8/21,2966244,79965,68192,1333,324
United Kingdom,1/9/21,3026342,81000,60098,1035,325
United Kingdom,1/10/21,3081368,81567,55026,567,326
United Kingdom,1/11/21,3127643,82096,46275,529,327
United Kingdom,1/12/21,3173291,83342,45648,1246,328
United Kingdom,1/13/21,3220953,84910,47662,1568,329
United Kingdom,1/14/21,3269757,86163,48804,1253,330
United Kingdom,1/15/21,3325642,87448,55885,1285,331
United Kingdom,1/16/21,3367070,88747,41428,1299,332
United Kingdom,1/17/21,3405740,89429,38670,682,333
United Kingdom,1/18/21,3443350,90031,37610,602,334
United Kingdom,1/19/21,3476804,91643,33454,1612,335
United Kingdom,1/20/21,3515796,93469,38992,1826,336
United Kingdom,1/21/21,3553773,94765,37977,1296,337
United Kingdom,1/22/21,3594094,96166,40321,1401,338
United Kingdom,1/23/21,3627746,97518,33652,1352,339
United Kingdom,1/24/21,3657857,98129,30111,611,340
United Kingdom,1/25/21,3680101,98723,22244,594,341
United Kingdom,1/26/21,3700268,100359,20167,1636,342
United Kingdom,1/27/21,3725637,102085,25369,1726,343
United Kingdom,1/28/21,3754448,103324,28811,1239,344
United Kingdom,1/29/21,3783593,104572,29145,1248,345
United Kingdom,1/30/21,3806993,105777,23400,1205,346
United Kingdom,1/31/21,3828183,106367,21190,590,347
United Kingdom,2/1/21,3846851,106774,18668,407,348
United Kingdom,2/2/21,3863757,108225,16906,1451,349
United Kingdom,2/3/21,3882972,109547,19215,1322,350
United Kingdom,2/4/21,3903706,110462,20734,915,351
United Kingdom,2/5/21,3922910,111477,19204,1015,352
United Kingdom,2/6/21,3941273,112305,18363,828,353
United Kingdom,2/7/21,3957177,112681,15904,376,354
United Kingdom,2/8/21,3971315,113014,14138,333,355
United Kingdom,2/9/21,3983756,114066,12441,1052,356
United Kingdom,2/10/21,3996833,115068,13077,1002,357
United Kingdom,2/11/21,4010376,115748,13543,680,358
United Kingdom,2/12/21,4025574,116507,15198,759,359
United Kingdom,2/13/21,4038929,117128,13355,621,360
United Kingdom,2/14/21,4049920,117387,10991,259,361
