country,date,confirmed,deaths,new_confirmed,new_deaths,tagged_day
West Bank and Gaza,3/10/20,26,0,7,0,1
West Bank and Gaza,3/11/20,30,0,4,0,2
West Bank and Gaza,3/12/20,30,0,0,0,3
West Bank and Gaza,3/13/20,31,0,1,0,4
West Bank and Gaza,3/14/20,35,0,4,0,5
West Bank and Gaza,3/15/20,38,0,3,0,6
West Bank and Gaza,3/16/20,38,0,0,0,7
West Bank and Gaza,3/17/20,39,0,1,0,8
West Bank and Gaza,3/18/20,41,0,2,0,9
West Bank and Gaza,3/19/20,44,0,3,0,10
West Bank and Gaza,3/20/20,47,0,3,0,11
West Bank and Gaza,3/21/20,48,0,1,0,12
West Bank and Gaza,3/22/20,52,0,4,0,13
West Bank and Gaza,3/23/20,59,0,7,0,14
West Bank and Gaza,3/24/20,59,0,0,0,15
West Bank and Gaza,3/25/20,59,0,0,0,16
West Bank and Gaza,3/26/20,84,1,25,1,17
West Bank and Gaza,3/27/20,91,1,7,0,18
West Bank and Gaza,3/28/20,98,1,7,0,19
West Bank and Gaza,3/29/20,109,1,11,0,20
West Bank and Gaza,3/30/20,116,1,7,0,21
West Bank and Gaza,3/31/20,119,1,3,0,22
West Bank and Gaza,4/1/20,134,1,15,0,23
West Bank and Gaza,4/2/20,161,1,27,0,24
West Bank and Gaza,4/3/20,194,1,33,0,25
West Bank and Gaza,4/4/20,217,1,23,0,26
West Bank and Gaza,4/5/20,237,1,20,0,27
West Bank and Gaza,4/6/20,254,1,17,0,28
West Bank and Gaza,4/7/20,261,1,7,0,29
West Bank and Gaza,4/8/20,263,1,2,0,30
West Bank and Gaza,4/9/20,263,1,0,0,31
West Bank and Gaza,4/10/20,267,2,4,1,32
West Bank and Gaza,4/11/20,268,2,1,0,33
West Bank and Gaza,4/12/20,271,2,3,0,34
West Bank and Gaza,4/13/20,273,2,2,0,35
West Bank and Gaza,4/14/20,284,2,11,0,36
West Bank and Gaza,4/15/20,291,2,7,0,37
West Bank and Gaza,4/16/20,294,2,3,0,38
West Bank and Gaza,4/17/20,307,2,13,0,39
West Bank and Gaza,4/18/20,313,2,6,0,40
West Bank and Gaza,4/19/20,319,2,6,0,41
West Bank and Gaza,4/20/20,329,2,10,0,42
West Bank and Gaza,4/21/20,329,2,0,0,43
West Bank and Gaza,4/22/20,335,2,6,0,44
West Bank and Gaza,4/23/20,336,2,1,0,45
West Bank and Gaza,4/24/20,340,2,4,0,46
West Bank and Gaza,4/25/20,342,2,2,0,47
West Bank and Gaza,4/26/20,342,2,0,0,48
West Bank and Gaza,4/27/20,342,2,0,0,49
West Bank and Gaza,4/28/20,343,2,1,0,50
West Bank and Gaza,4/29/20,344,2,1,0,51
West Bank and Gaza,4/30/20,344,2,0,0,52
West Bank and Gaza,5/1/20,353,2,9,0,53
West Bank and Gaza,5/2/20,353,2,0,0,54
West Bank and Gaza,5/3/20,353,2,0,0,55
West Bank and Gaza,5/4/20,362,2,9,0,56
West Bank and Gaza,5/5/20,371,2,9,0,57
West Bank and Gaza,5/6/20,374,2,3,0,58
West Bank and Gaza,5/7/20,375,2,1,0,59
West Bank and Gaza,5/8/20,375,2,0,0,60
West Bank and Gaza,5/9/20,375,2,0,0,61
West Bank and Gaza,5/10/20,375,2,0,0,62
West Bank and Gaza,5/11/20,375,2,0,0,63
West Bank and Gaza,5/12/20,375,2,0,0,64
West Bank and Gaza,5/13/20,375,2,0,0,65
West Bank and Gaza,5/14/20,375,2,0,0,66
West Bank and Gaza,5/15/20,375,2,0,0,67
West Bank and Gaza,5/16/20,376,2,1,0,68
West Bank and Gaza,5/17/20,381,2,5,0,69
West Bank and Gaza,5/18/20,388,2,7,0,70
West Bank and Gaza,5/19/20,391,2,3,0,71
West Bank and Gaza,5/20/20,398,2,7,0,72
West Bank and Gaza,5/21/20,423,2,25,0,73
West Bank and Gaza,5/22/20,423,2,0,0,74
West Bank and Gaza,5/23/20,423,3,0,1,75
West Bank and Gaza,5/24/20,423,3,0,0,76
West Bank and Gaza,5/25/20,423,3,0,0,77
West Bank and Gaza,5/26/20,429,3,6,0,78
West Bank and Gaza,5/27/20,434,3,5,0,79
West Bank and Gaza,5/28/20,446,3,12,0,80
West Bank and Gaza,5/29/20,446,3,0,0,81
West Bank and Gaza,5/30/20,447,3,1,0,82
West Bank and Gaza,5/31/20,448,3,1,0,83
West Bank and Gaza,6/1/20,449,3,1,0,84
West Bank and Gaza,6/2/20,451,3,2,0,85
West Bank and Gaza,6/3/20,457,3,6,0,86
West Bank and Gaza,6/4/20,464,3,7,0,87
West Bank and Gaza,6/5/20,464,3,0,0,88
West Bank and Gaza,6/6/20,464,3,0,0,89
West Bank and Gaza,6/7/20,472,3,8,0,90
West Bank and Gaza,6/8/20,473,3,1,0,91
West Bank and Gaza,6/9/20,481,3,8,0,92
West Bank and Gaza,6/10/20,485,3,4,0,93
West Bank and Gaza,6/11/20,487,3,2,0,94
West Bank and Gaza,6/12/20,489,3,2,0,95
West Bank and Gaza,6/13/20,489,3,0,0,96
West Bank and Gaza,6/14/20,492,3,3,0,97
West Bank and Gaza,6/15/20,505,3,13,0,98
West Bank and Gaza,6/16/20,514,3,9,0,99
West Bank and Gaza,6/17/20,555,3,41,0,100
West Bank and Gaza,6/18/20,600,3,45,0,101
West Bank and Gaza,6/19/20,675,3,75,0,102
West Bank and Gaza,6/20/20,784,3,109,0,103
West Bank and Gaza,6/21/20,833,3,49,0,104
West Bank and Gaza,6/22/20,1001,3,168,0,105
West Bank and Gaza,6/23/20,1169,3,168,0,106
West Bank and Gaza,6/24/20,1328,3,159,0,107
West Bank and Gaza,6/25/20,1382,3,54,0,108
West Bank and Gaza,6/26/20,1557,3,175,0,109
West Bank and Gaza,6/27/20,1815,4,258,1,110
West Bank and Gaza,6/28/20,1990,4,175,0,111
West Bank and Gaza,6/29/20,2185,5,195,1,112
West Bank and Gaza,6/30/20,2428,8,243,3,113
West Bank and Gaza,7/1/20,2758,8,330,0,114
West Bank and Gaza,7/2/20,3080,9,322,1,115
West Bank and Gaza,7/3/20,3334,11,254,2,116
West Bank and Gaza,7/4/20,3835,13,501,2,117
West Bank and Gaza,7/5/20,4277,16,442,3,118
West Bank and Gaza,7/6/20,4341,17,64,1,119
West Bank and Gaza,7/7/20,4647,18,306,1,120
West Bank and Gaza,7/8/20,5029,20,382,2,121
West Bank and Gaza,7/9/20,5220,24,191,4,122
West Bank and Gaza,7/10/20,5551,27,331,3,123
West Bank and Gaza,7/11/20,5931,33,380,6,124
West Bank and Gaza,7/12/20,6230,36,299,3,125
West Bank and Gaza,7/13/20,6566,39,336,3,126
West Bank and Gaza,7/14/20,6764,44,198,5,127
West Bank and Gaza,7/15/20,7064,44,300,0,128
West Bank and Gaza,7/16/20,7412,51,348,7,129
West Bank and Gaza,7/17/20,7764,53,352,2,130
West Bank and Gaza,7/18/20,8204,59,440,6,131
West Bank and Gaza,7/19/20,8549,62,345,3,132
West Bank and Gaza,7/20/20,8916,63,367,1,133
West Bank and Gaza,7/21/20,9228,64,312,1,134
West Bank and Gaza,7/22/20,9398,66,170,2,135
West Bank and Gaza,7/23/20,9744,67,346,1,136
West Bank and Gaza,7/24/20,10093,70,349,3,137
West Bank and Gaza,7/25/20,10306,75,213,5,138
West Bank and Gaza,7/26/20,10469,76,163,1,139
West Bank and Gaza,7/27/20,10621,78,152,2,140
West Bank and Gaza,7/28/20,10938,79,317,1,141
West Bank and Gaza,7/29/20,11284,80,346,1,142
West Bank and Gaza,7/30/20,11548,81,264,1,143
West Bank and Gaza,7/31/20,11837,82,289,1,144
West Bank and Gaza,8/1/20,12160,83,323,1,145
West Bank and Gaza,8/2/20,12297,84,137,1,146
West Bank and Gaza,8/3/20,12541,84,244,0,147
West Bank and Gaza,8/4/20,12770,86,229,2,148
West Bank and Gaza,8/5/20,13065,89,295,3,149
West Bank and Gaza,8/6/20,13398,92,333,3,150
West Bank and Gaza,8/7/20,13722,94,324,2,151
West Bank and Gaza,8/8/20,13928,96,206,2,152
West Bank and Gaza,8/9/20,14208,97,280,1,153
West Bank and Gaza,8/10/20,14510,100,302,3,154
West Bank and Gaza,8/11/20,14875,104,365,4,155
West Bank and Gaza,8/12/20,15184,105,309,1,156
West Bank and Gaza,8/13/20,15491,106,307,1,157
West Bank and Gaza,8/14/20,15834,106,343,0,158
West Bank and Gaza,8/15/20,16153,108,319,2,159
West Bank and Gaza,8/16/20,16534,110,381,2,160
West Bank and Gaza,8/17/20,16844,113,310,3,161
West Bank and Gaza,8/18/20,17306,113,462,0,162
West Bank and Gaza,8/19/20,17606,119,300,6,163
West Bank and Gaza,8/20/20,17989,120,383,1,164
West Bank and Gaza,8/21/20,18313,122,324,2,165
West Bank and Gaza,8/22/20,18476,125,163,3,166
West Bank and Gaza,8/23/20,18802,128,326,3,167
West Bank and Gaza,8/24/20,19213,133,411,5,168
West Bank and Gaza,8/25/20,19678,133,465,0,169
West Bank and Gaza,8/26/20,20155,137,477,4,170
West Bank and Gaza,8/27/20,20677,141,522,4,171
West Bank and Gaza,8/28/20,21251,145,574,4,172
West Bank and Gaza,8/29/20,21668,147,417,2,173
West Bank and Gaza,8/30/20,22204,152,536,5,174
West Bank and Gaza,8/31/20,22729,152,525,0,175
West Bank and Gaza,9/1/20,23281,159,552,7,176
West Bank and Gaza,9/2/20,23875,162,594,3,177
West Bank and Gaza,9/3/20,24471,167,596,5,178
West Bank and Gaza,9/4/20,25142,170,671,3,179
West Bank and Gaza,9/5/20,25575,177,433,7,180
West Bank and Gaza,9/6/20,26127,181,552,4,181
West Bank and Gaza,9/7/20,26779,184,652,3,182
West Bank and Gaza,9/8/20,27363,190,584,6,183
West Bank and Gaza,9/9/20,27919,192,556,2,184
West Bank and Gaza,9/10/20,28664,198,745,6,185
West Bank and Gaza,9/11/20,29256,204,592,6,186
West Bank and Gaza,9/12/20,29906,210,650,6,187
West Bank and Gaza,9/13/20,30574,221,668,11,188
West Bank and Gaza,9/14/20,31362,226,788,5,189
West Bank and Gaza,9/15/20,32250,229,888,3,190
West Bank and Gaza,9/16/20,33006,243,756,14,191
West Bank and Gaza,9/17/20,33843,244,837,1,192
West Bank and Gaza,9/18/20,34401,250,558,6,193
West Bank and Gaza,9/19/20,35003,253,602,3,194
West Bank and Gaza,9/20/20,35686,262,683,9,195
West Bank and Gaza,9/21/20,36151,265,465,3,196
West Bank and Gaza,9/22/20,36580,269,429,4,197
West Bank and Gaza,9/23/20,37083,272,503,3,198
West Bank and Gaza,9/24/20,37591,274,508,2,199
West Bank and Gaza,9/25/20,37963,278,372,4,200
West Bank and Gaza,9/26/20,38253,285,290,7,201
West Bank and Gaza,9/27/20,38703,291,450,6,202
West Bank and Gaza,9/28/20,39121,299,418,8,203
West Bank and Gaza,9/29/20,39541,306,420,7,204
West Bank and Gaza,9/30/20,39899,311,358,5,205
West Bank and Gaza,10/1/20,40322,318,423,7,206
West Bank and Gaza,10/2/20,40766,321,444,3,207
West Bank and Gaza,10/3/20,41078,329,312,8,208
West Bank and Gaza,10/4/20,41498,330,420,1,209
West Bank and Gaza,10/5/20,41957,339,459,9,210
West Bank and Gaza,10/6/20,42432,349,475,10,211
West Bank and Gaza,10/7/20,42840,355,408,6,212
West Bank and Gaza,10/8/20,43256,359,416,4,213
West Bank and Gaza,10/9/20,43664,367,408,8,214
West Bank and Gaza,10/10/20,43945,378,281,11,215
West Bank and Gaza,10/11/20,44299,381,354,3,216
West Bank and Gaza,10/12/20,44684,387,385,6,217
West Bank and Gaza,10/13/20,45200,391,516,4,218
West Bank and Gaza,10/14/20,45658,393,458,2,219
West Bank and Gaza,10/15/20,46100,401,442,8,220
West Bank and Gaza,10/16/20,46434,402,334,1,221
West Bank and Gaza,10/17/20,46746,402,312,0,222
West Bank and Gaza,10/18/20,47135,408,389,6,223
West Bank and Gaza,10/19/20,47616,413,481,5,224
West Bank and Gaza,10/20/20,48129,421,513,8,225
West Bank and Gaza,10/21/20,48628,427,499,6,226
West Bank and Gaza,10/22/20,49134,435,506,8,227
West Bank and Gaza,10/23/20,49579,439,445,4,228
West Bank and Gaza,10/24/20,49989,443,410,4,229
West Bank and Gaza,10/25/20,50442,448,453,5,230
West Bank and Gaza,10/26/20,50952,454,510,6,231
West Bank and Gaza,10/27/20,51528,458,576,4,232
West Bank and Gaza,10/28/20,51948,465,420,7,233
West Bank and Gaza,10/29/20,52571,473,623,8,234
West Bank and Gaza,10/30/20,53075,481,504,8,235
West Bank and Gaza,10/31/20,53520,483,445,2,236
West Bank and Gaza,11/1/20,54060,489,540,6,237
West Bank and Gaza,11/2/20,54775,493,715,4,238
West Bank and Gaza,11/3/20,55408,501,633,8,239
West Bank and Gaza,11/4/20,56090,504,682,3,240
West Bank and Gaza,11/5/20,56672,508,582,4,241
West Bank and Gaza,11/6/20,57226,511,554,3,242
West Bank and Gaza,11/7/20,57657,512,431,1,243
West Bank and Gaza,11/8/20,58158,515,501,3,244
West Bank and Gaza,11/9/20,58838,521,680,6,245
West Bank and Gaza,11/10/20,59422,533,584,12,246
West Bank and Gaza,11/11/20,60065,538,643,5,247
West Bank and Gaza,11/12/20,60784,542,719,4,248
West Bank and Gaza,11/13/20,61514,548,730,6,249
West Bank and Gaza,11/14/20,62167,558,653,10,250
West Bank and Gaza,11/15/20,63031,565,864,7,251
West Bank and Gaza,11/16/20,63867,572,836,7,252
West Bank and Gaza,11/17/20,64935,580,1068,8,253
West Bank and Gaza,11/18/20,66186,589,1251,9,254
West Bank and Gaza,11/19/20,67296,598,1110,9,255
West Bank and Gaza,11/20/20,68768,606,1472,8,256
West Bank and Gaza,11/21/20,70254,620,1486,14,257
West Bank and Gaza,11/22/20,71644,636,1390,16,258
West Bank and Gaza,11/23/20,73196,645,1552,9,259
West Bank and Gaza,11/24/20,75007,656,1811,11,260
West Bank and Gaza,11/25/20,76727,665,1720,9,261
West Bank and Gaza,11/26/20,78493,680,1766,15,262
West Bank and Gaza,11/27/20,80429,689,1936,9,263
West Bank and Gaza,11/28/20,81890,704,1461,15,264
West Bank and Gaza,11/29/20,83585,717,1695,13,265
West Bank and Gaza,11/30/20,85647,732,2062,15,266
West Bank and Gaza,12/1/20,88004,747,2357,15,267
West Bank and Gaza,12/2/20,90192,763,2188,16,268
West Bank and Gaza,12/3/20,92708,780,2516,17,269
West Bank and Gaza,12/4/20,94676,797,1968,17,270
West Bank and Gaza,12/5/20,96098,812,1422,15,271
West Bank and Gaza,12/6/20,98038,828,1940,16,272
West Bank and Gaza,12/7/20,99758,848,1720,20,273
West Bank and Gaza,12/8/20,101109,867,1351,19,274
West Bank and Gaza,12/9/20,102992,890,1883,23,275
West Bank and Gaza,12/10/20,104879,910,1887,20,276
West Bank and Gaza,12/11/20,106622,931,1743,21,277
West Bank and Gaza,12/12/20,108099,961,1477,30,278
West Bank and Gaza,12/13/20,109738,978,1639,17,279
West Bank and Gaza,12/14/20,111102,1000,1364,22,280
West Bank and Gaza,12/15/20,113409,1023,2307,23,281
West Bank and Gaza,12/16/20,115606,1048,2197,25,282
West Bank and Gaza,12/17/20,117755,1078,2149,30,283
West Bank and Gaza,12/18/20,119612,1097,1857,19,284
West Bank and Gaza,12/19/20,121216,1117,1604,20,285
West Bank and Gaza,12/20/20,122643,1141,1427,24,286
West Bank and Gaza,12/21/20,123945,1169,1302,28,287
West Bank and Gaza,12/22/20,125506,1198,1561,29,288
West Bank and Gaza,12/23/20,127376,1226,1870,28,289
West Bank and Gaza,12/24/20,129080,1243,1704,17,290
West Bank and Gaza,12/25/20,130598,1260,1518,17,291
West Bank and Gaza,12/26/20,131904,1281,1306,21,292
West Bank and Gaza,12/27/20,133093,1309,1189,28,293
West Bank and Gaza,12/28/20,134310,1332,1217,23,294
West Bank and Gaza,12/29/20,135459,1351,1149,19,295
West Bank and Gaza,12/30/20,136736,1371,1277,20,296
West Bank and Gaza,12/31/20,138004,1400,1268,29,297
West Bank and Gaza,1/1/21,139223,1418,1219,18,298
West Bank and Gaza,1/2/21,140287,1446,1064,28,299
West Bank and Gaza,1/3/21,141219,1470,932,24,300
West Bank and Gaza,1/4/21,142228,1490,1009,20,301
West Bank and Gaza,1/5/21,143169,1505,941,15,302
West Bank and Gaza,1/6/21,144257,1519,1088,14,303
West Bank and Gaza,1/7/21,145252,1536,995,17,304
West Bank and Gaza,1/8/21,146074,1559,822,23,305
West Bank and Gaza,1/9/21,146701,1583,627,24,306
West Bank and Gaza,1/10/21,147400,1604,699,21,307
West Bank and Gaza,1/11/21,148171,1614,771,10,308
West Bank and Gaza,1/12/21,148968,1630,797,16,309
West Bank and Gaza,1/13/21,149769,1658,801,28,310
West Bank and Gaza,1/14/21,150505,1665,736,7,311
West Bank and Gaza,1/15/21,151142,1687,637,22,312
West Bank and Gaza,1/16/21,151569,1700,427,13,313
West Bank and Gaza,1/17/21,152031,1718,462,18,314
West Bank and Gaza,1/18/21,152555,1726,524,8,315
West Bank and Gaza,1/19/21,153093,1741,538,15,316
West Bank and Gaza,1/20/21,153590,1751,497,10,317
West Bank and Gaza,1/21/21,154063,1757,473,6,318
West Bank and Gaza,1/22/21,154557,1769,494,12,319
West Bank and Gaza,1/23/21,155006,1783,449,14,320
West Bank and Gaza,1/24/21,155414,1791,408,8,321
West Bank and Gaza,1/25/21,155884,1796,470,5,322
West Bank and Gaza,1/26/21,156393,1803,509,7,323
West Bank and Gaza,1/27/21,156996,1808,603,5,324
West Bank and Gaza,1/28/21,157593,1812,597,4,325
West Bank and Gaza,1/29/21,158168,1823,575,11,326
West Bank and Gaza,1/30/21,158559,1831,391,8,327
West Bank and Gaza,1/31/21,158962,1833,403,2,328
West Bank and Gaza,2/1/21,159443,1840,481,7,329
West Bank and Gaza,2/2/21,159956,1849,513,9,330
West Bank and Gaza,2/3/21,160426,1857,470,8,331
West Bank and Gaza,2/4/21,161087,1865,661,8,332
West Bank and Gaza,2/5/21,161559,1867,472,2,333
West Bank and Gaza,2/6/21,162029,1870,470,3,334
West Bank and Gaza,2/7/21,162601,1881,572,11,335
West Bank and Gaza,2/8/21,163213,1888,612,7,336
West Bank and Gaza,2/9/21,163975,1897,762,9,337
West Bank and Gaza,2/10/21,164736,1909,761,12,338
West Bank and Gaza,2/11/21,165535,1910,799,1,339
West Bank and Gaza,2/12/21,166200,1918,665,8,340
West Bank and Gaza,2/13/21,166800,1930,600,12,341
West Bank and Gaza,2/14/21,167604,1933,804,3,342
