country,date,confirmed,deaths,new_confirmed,new_deaths,tagged_day
Guinea,3/30/20,22,0,6,0,1
Guinea,3/31/20,22,0,0,0,2
Guinea,4/1/20,30,0,8,0,3
Guinea,4/2/20,52,0,22,0,4
Guinea,4/3/20,73,0,21,0,5
Guinea,4/4/20,111,0,38,0,6
Guinea,4/5/20,121,0,10,0,7
Guinea,4/6/20,128,0,7,0,8
Guinea,4/7/20,144,0,16,0,9
Guinea,4/8/20,164,0,20,0,10
Guinea,4/9/20,194,0,30,0,11
Guinea,4/10/20,212,0,18,0,12
Guinea,4/11/20,250,0,38,0,13
Guinea,4/12/20,250,0,0,0,14
Guinea,4/13/20,319,0,69,0,15
Guinea,4/14/20,363,0,44,0,16
Guinea,4/15/20,404,1,41,1,17
Guinea,4/16/20,438,1,34,0,18
Guinea,4/17/20,477,3,39,2,19
Guinea,4/18/20,518,3,41,0,20
Guinea,4/19/20,579,5,61,2,21
Guinea,4/20/20,622,5,43,0,22
Guinea,4/21/20,688,6,66,1,23
Guinea,4/22/20,761,6,73,0,24
Guinea,4/23/20,862,6,101,0,25
Guinea,4/24/20,954,6,92,0,26
Guinea,4/25/20,996,7,42,1,27
Guinea,4/26/20,996,7,0,0,28
Guinea,4/27/20,1163,7,167,0,29
Guinea,4/28/20,1240,7,77,0,30
Guinea,4/29/20,1351,7,111,0,31
Guinea,4/30/20,1495,7,144,0,32
Guinea,5/1/20,1537,7,42,0,33
Guinea,5/2/20,1586,7,49,0,34
Guinea,5/3/20,1586,7,0,0,35
Guinea,5/4/20,1710,9,124,2,36
Guinea,5/5/20,1811,10,101,1,37
Guinea,5/6/20,1856,11,45,1,38
Guinea,5/7/20,1927,11,71,0,39
Guinea,5/8/20,2009,11,82,0,40
Guinea,5/9/20,2042,11,33,0,41
Guinea,5/10/20,2146,11,104,0,42
Guinea,5/11/20,2146,11,0,0,43
Guinea,5/12/20,2298,11,152,0,44
Guinea,5/13/20,2374,14,76,3,45
Guinea,5/14/20,2473,15,99,1,46
Guinea,5/15/20,2473,15,0,0,47
Guinea,5/16/20,2658,16,185,1,48
Guinea,5/17/20,2658,16,0,0,49
Guinea,5/18/20,2796,16,138,0,50
Guinea,5/19/20,2863,18,67,2,51
Guinea,5/20/20,2863,18,0,0,52
Guinea,5/21/20,3067,18,204,0,53
Guinea,5/22/20,3067,19,0,1,54
Guinea,5/23/20,3176,20,109,1,55
Guinea,5/24/20,3275,20,99,0,56
Guinea,5/25/20,3275,20,0,0,57
Guinea,5/26/20,3275,20,0,0,58
Guinea,5/27/20,3275,20,0,0,59
Guinea,5/28/20,3553,22,278,2,60
Guinea,5/29/20,3656,22,103,0,61
Guinea,5/30/20,3706,23,50,1,62
Guinea,5/31/20,3706,23,0,0,63
Guinea,6/1/20,3844,23,138,0,64
Guinea,6/2/20,3886,23,42,0,65
Guinea,6/3/20,3933,23,47,0,66
Guinea,6/4/20,3991,23,58,0,67
Guinea,6/5/20,4060,23,69,0,68
Guinea,6/6/20,4117,23,57,0,69
Guinea,6/7/20,4117,23,0,0,70
Guinea,6/8/20,4216,23,99,0,71
Guinea,6/9/20,4258,23,42,0,72
Guinea,6/10/20,4258,23,0,0,73
Guinea,6/11/20,4372,23,114,0,74
Guinea,6/12/20,4426,24,54,1,75
Guinea,6/13/20,4484,25,58,1,76
Guinea,6/14/20,4532,25,48,0,77
Guinea,6/15/20,4572,26,40,1,78
Guinea,6/16/20,4639,26,67,0,79
Guinea,6/17/20,4668,26,29,0,80
Guinea,6/18/20,4841,26,173,0,81
Guinea,6/19/20,4904,27,63,1,82
Guinea,6/20/20,4960,27,56,0,83
Guinea,6/21/20,4988,27,28,0,84
Guinea,6/22/20,4988,27,0,0,85
Guinea,6/23/20,5040,28,52,1,86
Guinea,6/24/20,5174,29,134,1,87
Guinea,6/25/20,5174,29,0,0,88
Guinea,6/26/20,5260,29,86,0,89
Guinea,6/27/20,5291,30,31,1,90
Guinea,6/28/20,5342,31,51,1,91
Guinea,6/29/20,5351,31,9,0,92
Guinea,6/30/20,5391,33,40,2,93
Guinea,7/1/20,5404,33,13,0,94
Guinea,7/2/20,5450,33,46,0,95
Guinea,7/3/20,5521,33,71,0,96
Guinea,7/4/20,5570,34,49,1,97
Guinea,7/5/20,5610,34,40,0,98
Guinea,7/6/20,5610,34,0,0,99
Guinea,7/7/20,5636,34,26,0,100
Guinea,7/8/20,5697,34,61,0,101
Guinea,7/9/20,5881,36,184,2,102
Guinea,7/10/20,5969,37,88,1,103
Guinea,7/11/20,6044,37,75,0,104
Guinea,7/12/20,6141,37,97,0,105
Guinea,7/13/20,6141,37,0,0,106
Guinea,7/14/20,6200,38,59,1,107
Guinea,7/15/20,6276,38,76,0,108
Guinea,7/16/20,6359,39,83,1,109
Guinea,7/17/20,6430,39,71,0,110
Guinea,7/18/20,6491,39,61,0,111
Guinea,7/19/20,6544,39,53,0,112
Guinea,7/20/20,6590,40,46,1,113
Guinea,7/21/20,6652,41,62,1,114
Guinea,7/22/20,6747,41,95,0,115
Guinea,7/23/20,6806,42,59,1,116
Guinea,7/24/20,6867,42,61,0,117
Guinea,7/25/20,6927,42,60,0,118
Guinea,7/26/20,7008,43,81,1,119
Guinea,7/27/20,7055,45,47,2,120
Guinea,7/28/20,7126,46,71,1,121
Guinea,7/29/20,7183,46,57,0,122
Guinea,7/30/20,7242,46,59,0,123
Guinea,7/31/20,7308,46,66,0,124
Guinea,8/1/20,7308,46,0,0,125
Guinea,8/2/20,7317,46,9,0,126
Guinea,8/3/20,7364,46,47,0,127
Guinea,8/4/20,7489,48,125,2,128
Guinea,8/5/20,7575,49,86,1,129
Guinea,8/6/20,7664,49,89,0,130
Guinea,8/7/20,7777,50,113,1,131
Guinea,8/8/20,7875,50,98,0,132
Guinea,8/9/20,7930,50,55,0,133
Guinea,8/10/20,7930,50,0,0,134
Guinea,8/11/20,8018,50,88,0,135
Guinea,8/12/20,8116,50,98,0,136
Guinea,8/13/20,8198,50,82,0,137
Guinea,8/14/20,8260,50,62,0,138
Guinea,8/15/20,8343,50,83,0,139
Guinea,8/16/20,8482,51,139,1,140
Guinea,8/17/20,8620,51,138,0,141
Guinea,8/18/20,8715,52,95,1,142
Guinea,8/19/20,8792,53,77,1,143
Guinea,8/20/20,8876,53,84,0,144
Guinea,8/21/20,8932,53,56,0,145
Guinea,8/22/20,8932,53,0,0,146
Guinea,8/23/20,8967,53,35,0,147
Guinea,8/24/20,9076,55,109,2,148
Guinea,8/25/20,9128,57,52,2,149
Guinea,8/26/20,9167,57,39,0,150
Guinea,8/27/20,9213,58,46,1,151
Guinea,8/28/20,9251,59,38,1,152
Guinea,8/29/20,9251,59,0,0,153
Guinea,8/30/20,9371,59,120,0,154
Guinea,8/31/20,9409,59,38,0,155
Guinea,9/1/20,9479,59,70,0,156
Guinea,9/2/20,9479,59,0,0,157
Guinea,9/3/20,9579,61,100,2,158
Guinea,9/4/20,9649,61,70,0,159
Guinea,9/5/20,9649,61,0,0,160
Guinea,9/6/20,9798,61,149,0,161
Guinea,9/7/20,9816,62,18,1,162
Guinea,9/8/20,9848,63,32,1,163
Guinea,9/9/20,9885,63,37,0,164
Guinea,9/10/20,9946,63,61,0,165
Guinea,9/11/20,9979,63,33,0,166
Guinea,9/12/20,10020,63,41,0,167
Guinea,9/13/20,10045,63,25,0,168
Guinea,9/14/20,10061,63,16,0,169
Guinea,9/15/20,10111,63,50,0,170
Guinea,9/16/20,10154,63,43,0,171
Guinea,9/17/20,10154,63,0,0,172
Guinea,9/18/20,10231,63,77,0,173
Guinea,9/19/20,10286,63,55,0,174
Guinea,9/20/20,10325,64,39,1,175
Guinea,9/21/20,10344,65,19,1,176
Guinea,9/22/20,10387,65,43,0,177
Guinea,9/23/20,10434,65,47,0,178
Guinea,9/24/20,10434,65,0,0,179
Guinea,9/25/20,10478,65,44,0,180
Guinea,9/26/20,10512,65,34,0,181
Guinea,9/27/20,10580,66,68,1,182
Guinea,9/28/20,10598,66,18,0,183
Guinea,9/29/20,10634,66,36,0,184
Guinea,9/30/20,10652,66,18,0,185
Guinea,10/1/20,10652,66,0,0,186
Guinea,10/2/20,10735,66,83,0,187
Guinea,10/3/20,10735,66,0,0,188
Guinea,10/4/20,10754,66,19,0,189
Guinea,10/5/20,10800,67,46,1,190
Guinea,10/6/20,10863,68,63,1,191
Guinea,10/7/20,10863,68,0,0,192
Guinea,10/8/20,10901,68,38,0,193
Guinea,10/9/20,10954,68,53,0,194
Guinea,10/10/20,10996,69,42,1,195
Guinea,10/11/20,11022,69,26,0,196
Guinea,10/12/20,11062,70,40,1,197
Guinea,10/13/20,11134,70,72,0,198
Guinea,10/14/20,11188,70,54,0,199
Guinea,10/15/20,11255,70,67,0,200
Guinea,10/16/20,11362,70,107,0,201
Guinea,10/17/20,11478,70,116,0,202
Guinea,10/18/20,11518,70,40,0,203
Guinea,10/19/20,11518,70,0,0,204
Guinea,10/20/20,11538,70,20,0,205
Guinea,10/21/20,11599,70,61,0,206
Guinea,10/22/20,11635,71,36,1,207
Guinea,10/23/20,11635,71,0,0,208
Guinea,10/24/20,11635,71,0,0,209
Guinea,10/25/20,11635,71,0,0,210
Guinea,10/26/20,11635,71,0,0,211
Guinea,10/27/20,11819,71,184,0,212
Guinea,10/28/20,11819,71,0,0,213
Guinea,10/29/20,12020,71,201,0,214
Guinea,10/30/20,12072,72,52,1,215
Guinea,10/31/20,12072,72,0,0,216
Guinea,11/1/20,12195,73,123,1,217
Guinea,11/2/20,12213,73,18,0,218
Guinea,11/3/20,12213,73,0,0,219
Guinea,11/4/20,12331,73,118,0,220
Guinea,11/5/20,12363,73,32,0,221
Guinea,11/6/20,12363,73,0,0,222
Guinea,11/7/20,12400,73,37,0,223
Guinea,11/8/20,12414,74,14,1,224
Guinea,11/9/20,12459,74,45,0,225
Guinea,11/10/20,12484,74,25,0,226
Guinea,11/11/20,12516,74,32,0,227
Guinea,11/12/20,12537,74,21,0,228
Guinea,11/13/20,12537,74,0,0,229
Guinea,11/14/20,12585,74,48,0,230
Guinea,11/15/20,12611,75,26,1,231
Guinea,11/16/20,12624,75,13,0,232
Guinea,11/17/20,12654,75,30,0,233
Guinea,11/18/20,12713,75,59,0,234
Guinea,11/19/20,12713,75,0,0,235
Guinea,11/20/20,12743,75,30,0,236
Guinea,11/21/20,12798,75,55,0,237
Guinea,11/22/20,12826,75,28,0,238
Guinea,11/23/20,12841,75,15,0,239
Guinea,11/24/20,12863,75,22,0,240
Guinea,11/25/20,12929,76,66,1,241
Guinea,11/26/20,12949,76,20,0,242
Guinea,11/27/20,13039,76,90,0,243
Guinea,11/28/20,13039,76,0,0,244
Guinea,11/29/20,13039,76,0,0,245
Guinea,11/30/20,13119,76,80,0,246
Guinea,12/1/20,13119,76,0,0,247
Guinea,12/2/20,13143,76,24,0,248
Guinea,12/3/20,13167,76,24,0,249
Guinea,12/4/20,13186,76,19,0,250
Guinea,12/5/20,13233,76,47,0,251
Guinea,12/6/20,13233,76,0,0,252
Guinea,12/7/20,13264,79,31,3,253
Guinea,12/8/20,13264,79,0,0,254
Guinea,12/9/20,13325,79,61,0,255
Guinea,12/10/20,13368,79,43,0,256
Guinea,12/11/20,13398,79,30,0,257
Guinea,12/12/20,13420,79,22,0,258
Guinea,12/13/20,13420,79,0,0,259
Guinea,12/14/20,13457,80,37,1,260
Guinea,12/15/20,13457,80,0,0,261
Guinea,12/16/20,13474,80,17,0,262
Guinea,12/17/20,13485,80,11,0,263
Guinea,12/18/20,13511,80,26,0,264
Guinea,12/19/20,13532,80,21,0,265
Guinea,12/20/20,13545,80,13,0,266
Guinea,12/21/20,13578,80,33,0,267
Guinea,12/22/20,13578,80,0,0,268
Guinea,12/23/20,13598,80,20,0,269
Guinea,12/24/20,13630,80,32,0,270
Guinea,12/25/20,13646,80,16,0,271
