country,date,confirmed,deaths,new_confirmed,new_deaths,tagged_day
Honduras,3/20/20,24,0,12,0,1
Honduras,3/21/20,24,0,0,0,2
Honduras,3/22/20,26,0,2,0,3
Honduras,3/23/20,30,0,4,0,4
Honduras,3/24/20,30,0,0,0,5
Honduras,3/25/20,36,0,6,0,6
Honduras,3/26/20,52,1,16,1,7
Honduras,3/27/20,68,1,16,0,8
Honduras,3/28/20,95,1,27,0,9
Honduras,3/29/20,110,3,15,2,10
Honduras,3/30/20,139,7,29,4,11
Honduras,3/31/20,141,7,2,0,12
Honduras,4/1/20,172,10,31,3,13
Honduras,4/2/20,219,14,47,4,14
Honduras,4/3/20,222,15,3,1,15
Honduras,4/4/20,264,15,42,0,16
Honduras,4/5/20,268,22,4,7,17
Honduras,4/6/20,298,22,30,0,18
Honduras,4/7/20,305,22,7,0,19
Honduras,4/8/20,312,22,7,0,20
Honduras,4/9/20,343,23,31,1,21
Honduras,4/10/20,382,23,39,0,22
Honduras,4/11/20,392,24,10,1,23
Honduras,4/12/20,393,25,1,1,24
Honduras,4/13/20,397,25,4,0,25
Honduras,4/14/20,407,26,10,1,26
Honduras,4/15/20,419,31,12,5,27
Honduras,4/16/20,426,35,7,4,28
Honduras,4/17/20,442,41,16,6,29
Honduras,4/18/20,457,46,15,5,30
Honduras,4/19/20,472,46,15,0,31
Honduras,4/20/20,477,46,5,0,32
Honduras,4/21/20,494,46,17,0,33
Honduras,4/22/20,510,46,16,0,34
Honduras,4/23/20,519,47,9,1,35
Honduras,4/24/20,591,55,72,8,36
Honduras,4/25/20,627,59,36,4,37
Honduras,4/26/20,627,59,0,0,38
Honduras,4/27/20,661,61,34,2,39
Honduras,4/28/20,702,64,41,3,40
Honduras,4/29/20,738,66,36,2,41
Honduras,4/30/20,771,71,33,5,42
Honduras,5/1/20,804,75,33,4,43
Honduras,5/2/20,1010,76,206,1,44
Honduras,5/3/20,1055,82,45,6,45
Honduras,5/4/20,1178,83,123,1,46
Honduras,5/5/20,1270,93,92,10,47
Honduras,5/6/20,1461,99,191,6,48
Honduras,5/7/20,1685,105,224,6,49
Honduras,5/8/20,1771,107,86,2,50
Honduras,5/9/20,1830,108,59,1,51
Honduras,5/10/20,1972,108,142,0,52
Honduras,5/11/20,2100,116,128,8,53
Honduras,5/12/20,2080,121,-20,5,54
Honduras,5/13/20,2255,123,175,2,55
Honduras,5/14/20,2318,133,63,10,56
Honduras,5/15/20,2460,134,142,1,57
Honduras,5/16/20,2565,138,105,4,58
Honduras,5/17/20,2646,142,81,4,59
Honduras,5/18/20,2798,146,152,4,60
Honduras,5/19/20,2955,147,157,1,61
Honduras,5/20/20,2955,147,0,0,62
Honduras,5/21/20,3204,156,249,9,63
Honduras,5/22/20,3477,167,273,11,64
Honduras,5/23/20,3477,167,0,0,65
Honduras,5/24/20,3950,180,473,13,66
Honduras,5/25/20,4189,182,239,2,67
Honduras,5/26/20,4401,188,212,6,68
Honduras,5/27/20,4640,194,239,6,69
Honduras,5/28/20,4752,196,112,2,70
Honduras,5/29/20,4752,196,0,0,71
Honduras,5/30/20,5094,201,342,5,72
Honduras,5/31/20,5202,212,108,11,73
Honduras,6/1/20,5362,217,160,5,74
Honduras,6/2/20,5527,225,165,8,75
Honduras,6/3/20,5690,234,163,9,76
Honduras,6/4/20,5880,243,190,9,77
Honduras,6/5/20,5971,248,91,5,78
Honduras,6/6/20,6155,250,184,2,79
Honduras,6/7/20,6327,258,172,8,80
Honduras,6/8/20,6450,262,123,4,81
Honduras,6/9/20,6935,271,485,9,82
Honduras,6/10/20,7360,290,425,19,83
Honduras,6/11/20,7669,294,309,4,84
Honduras,6/12/20,8132,306,463,12,85
Honduras,6/13/20,8455,310,323,4,86
Honduras,6/14/20,8858,312,403,2,87
Honduras,6/15/20,9178,322,320,10,88
Honduras,6/16/20,9656,330,478,8,89
Honduras,6/17/20,10299,336,643,6,90
Honduras,6/18/20,10739,343,440,7,91
Honduras,6/19/20,11258,349,519,6,92
Honduras,6/20/20,12306,358,1048,9,93
Honduras,6/21/20,12769,363,463,5,94
Honduras,6/22/20,13356,395,587,32,95
Honduras,6/23/20,13943,405,587,10,96
Honduras,6/24/20,14571,417,628,12,97
Honduras,6/25/20,15366,426,795,9,98
Honduras,6/26/20,15994,471,628,45,99
Honduras,6/27/20,17007,479,1013,8,100
Honduras,6/28/20,18082,479,1075,0,101
Honduras,6/29/20,18818,485,736,6,102
Honduras,6/30/20,19558,497,740,12,103
Honduras,7/1/20,20262,542,704,45,104
Honduras,7/2/20,21120,591,858,49,105
Honduras,7/3/20,22116,605,996,14,106
Honduras,7/4/20,22921,629,805,24,107
Honduras,7/5/20,23943,639,1022,10,108
Honduras,7/6/20,24665,656,722,17,109
Honduras,7/7/20,25428,677,763,21,110
Honduras,7/8/20,25978,694,550,17,111
Honduras,7/9/20,26384,704,406,10,112
Honduras,7/10/20,27053,750,669,46,113
Honduras,7/11/20,27583,771,530,21,114
Honduras,7/12/20,28090,774,507,3,115
Honduras,7/13/20,28579,789,489,15,116
Honduras,7/14/20,29106,807,527,18,117
Honduras,7/15/20,30036,825,930,18,118
Honduras,7/16/20,30867,835,831,10,119
Honduras,7/17/20,31745,857,878,22,120
Honduras,7/18/20,32793,891,1048,34,121
Honduras,7/19/20,33835,900,1042,9,122
Honduras,7/20/20,34611,935,776,35,123
Honduras,7/21/20,35345,988,734,53,124
Honduras,7/22/20,36102,1006,757,18,125
Honduras,7/23/20,36902,1011,800,5,126
Honduras,7/24/20,37559,1061,657,50,127
Honduras,7/25/20,38438,1098,879,37,128
Honduras,7/26/20,39276,1116,838,18,129
Honduras,7/27/20,39741,1166,465,50,130
Honduras,7/28/20,40460,1214,719,48,131
Honduras,7/29/20,40944,1259,484,45,132
Honduras,7/30/20,41426,1312,482,53,133
Honduras,7/31/20,42014,1337,588,25,134
Honduras,8/1/20,42685,1368,671,31,135
Honduras,8/2/20,43197,1377,512,9,136
Honduras,8/3/20,43794,1384,597,7,137
Honduras,8/4/20,44299,1400,505,16,138
Honduras,8/5/20,45098,1423,799,23,139
Honduras,8/6/20,45755,1446,657,23,140
Honduras,8/7/20,46365,1465,610,19,141
Honduras,8/8/20,46973,1476,608,11,142
Honduras,8/9/20,47454,1495,481,19,143
Honduras,8/10/20,47872,1506,418,11,144
Honduras,8/11/20,48403,1515,531,9,145
Honduras,8/12/20,48657,1533,254,18,146
Honduras,8/13/20,49042,1542,385,9,147
Honduras,8/14/20,49467,1548,425,6,148
Honduras,8/15/20,49979,1567,512,19,149
Honduras,8/16/20,50502,1575,523,8,150
Honduras,8/17/20,50995,1583,493,8,151
Honduras,8/18/20,51670,1593,675,10,152
Honduras,8/19/20,52298,1608,628,15,153
Honduras,8/20/20,52819,1619,521,11,154
Honduras,8/21/20,53381,1632,562,13,155
Honduras,8/22/20,53983,1643,602,11,156
Honduras,8/23/20,54511,1654,528,11,157
Honduras,8/24/20,55479,1683,968,29,158
Honduras,8/25/20,55877,1703,398,20,159
Honduras,8/26/20,56649,1747,772,44,160
Honduras,8/27/20,57669,1803,1020,56,161
Honduras,8/28/20,58810,1827,1141,24,162
Honduras,8/29/20,59645,1842,835,15,163
Honduras,8/30/20,60174,1858,529,16,164
Honduras,8/31/20,61014,1873,840,15,165
Honduras,9/1/20,61769,1888,755,15,166
Honduras,9/2/20,62526,1924,757,36,167
Honduras,9/3/20,63158,1954,632,30,168
Honduras,9/4/20,63798,1984,640,30,169
Honduras,9/5/20,64352,2006,554,22,170
Honduras,9/6/20,64764,2007,412,1,171
Honduras,9/7/20,64814,2023,50,16,172
Honduras,9/8/20,65218,2034,404,11,173
Honduras,9/9/20,65597,2044,379,10,174
Honduras,9/10/20,65802,2049,205,5,175
Honduras,9/11/20,66049,2058,247,9,176
Honduras,9/12/20,67136,2065,1087,7,177
Honduras,9/13/20,67789,2079,653,14,178
Honduras,9/14/20,68620,2087,831,8,179
Honduras,9/15/20,68620,2087,0,0,180
Honduras,9/16/20,69660,2102,1040,15,181
Honduras,9/17/20,70120,2122,460,20,182
Honduras,9/18/20,70611,2146,491,24,183
Honduras,9/19/20,71143,2166,532,20,184
Honduras,9/20/20,71616,2184,473,18,185
Honduras,9/21/20,72075,2204,459,20,186
Honduras,9/22/20,72306,2206,231,2,187
Honduras,9/23/20,72675,2222,369,16,188
Honduras,9/24/20,73193,2249,518,27,189
Honduras,9/25/20,73840,2271,647,22,190
Honduras,9/26/20,74548,2288,708,17,191
Honduras,9/27/20,74548,2288,0,0,192
Honduras,9/28/20,75537,2301,989,13,193
Honduras,9/29/20,76098,2323,561,22,194
Honduras,9/30/20,76900,2353,802,30,195
Honduras,10/1/20,77598,2380,698,27,196
Honduras,10/2/20,78269,2386,671,6,197
Honduras,10/3/20,78788,2399,519,13,198
Honduras,10/4/20,79629,2422,841,23,199
Honduras,10/5/20,80020,2433,391,11,200
Honduras,10/6/20,80662,2447,642,14,201
Honduras,10/7/20,81016,2466,354,19,202
Honduras,10/8/20,81672,2477,656,11,203
Honduras,10/9/20,82552,2492,880,15,204
Honduras,10/10/20,83146,2504,594,12,205
Honduras,10/11/20,84081,2512,935,8,206
Honduras,10/12/20,84413,2521,332,9,207
Honduras,10/13/20,84852,2528,439,7,208
Honduras,10/14/20,85458,2533,606,5,209
Honduras,10/15/20,86089,2552,631,19,210
Honduras,10/16/20,86691,2556,602,4,211
Honduras,10/17/20,87594,2563,903,7,212
Honduras,10/18/20,88425,2568,831,5,213
Honduras,10/19/20,89381,2576,956,8,214
Honduras,10/20/20,90232,2582,851,6,215
Honduras,10/21/20,91078,2596,846,14,216
Honduras,10/22/20,91509,2604,431,8,217
Honduras,10/23/20,91509,2604,0,0,218
Honduras,10/24/20,92724,2617,1215,13,219
Honduras,10/25/20,93214,2623,490,6,220
Honduras,10/26/20,93966,2633,752,10,221
Honduras,10/27/20,94623,2639,657,6,222
Honduras,10/28/20,95199,2652,576,13,223
Honduras,10/29/20,96150,2661,951,9,224
Honduras,10/30/20,96888,2669,738,8,225
Honduras,10/31/20,96888,2669,0,0,226
Honduras,11/1/20,98212,2675,1324,6,227
Honduras,11/2/20,98405,2688,193,13,228
Honduras,11/3/20,98688,2706,283,18,229
Honduras,11/4/20,99124,2730,436,24,230
Honduras,11/5/20,99347,2736,223,6,231
Honduras,11/6/20,99576,2741,229,5,232
Honduras,11/7/20,100041,2745,465,4,233
Honduras,11/8/20,100041,2745,0,0,234
Honduras,11/9/20,100573,2765,532,20,235
Honduras,11/10/20,100804,2780,231,15,236
Honduras,11/11/20,101169,2797,365,17,237
Honduras,11/12/20,101468,2804,299,7,238
Honduras,11/13/20,102079,2820,611,16,239
Honduras,11/14/20,102555,2822,476,2,240
Honduras,11/15/20,103102,2823,547,1,241
Honduras,11/16/20,103239,2839,137,16,242
Honduras,11/17/20,103488,2839,249,0,243
Honduras,11/18/20,103488,2839,0,0,244
Honduras,11/19/20,103488,2839,0,0,245
Honduras,11/20/20,103551,2853,63,14,246
Honduras,11/21/20,104435,2857,884,4,247
Honduras,11/22/20,104435,2857,0,0,248
Honduras,11/23/20,105211,2869,776,12,249
Honduras,11/24/20,105211,2869,0,0,250
Honduras,11/25/20,106116,2888,905,19,251
Honduras,11/26/20,106681,2892,565,4,252
Honduras,11/27/20,107134,2899,453,7,253
Honduras,11/28/20,107513,2905,379,6,254
Honduras,11/29/20,107888,2909,375,4,255
Honduras,11/30/20,108253,2918,365,9,256
Honduras,12/1/20,108253,2918,0,0,257
Honduras,12/2/20,109144,2930,891,12,258
Honduras,12/3/20,109760,2938,616,8,259
Honduras,12/4/20,109760,2938,0,0,260
Honduras,12/5/20,109960,2941,200,3,261
Honduras,12/6/20,111023,2946,1063,5,262
Honduras,12/7/20,111023,2946,0,0,263
Honduras,12/8/20,111707,2950,684,4,264
Honduras,12/9/20,112792,2961,1085,11,265
Honduras,12/10/20,113207,2968,415,7,266
Honduras,12/11/20,113708,2971,501,3,267
Honduras,12/12/20,114043,2974,335,3,268
Honduras,12/13/20,114359,2975,316,1,269
Honduras,12/14/20,114642,2989,283,14,270
Honduras,12/15/20,114943,3001,301,12,271
Honduras,12/16/20,115317,3013,374,12,272
Honduras,12/17/20,115474,3021,157,8,273
Honduras,12/18/20,116212,3023,738,2,274
Honduras,12/19/20,116212,3023,0,0,275
Honduras,12/20/20,117022,3027,810,4,276
Honduras,12/21/20,117190,3034,168,7,277
Honduras,12/22/20,117588,3046,398,12,278
Honduras,12/23/20,118036,3054,448,8,279
Honduras,12/24/20,118036,3054,0,0,280
Honduras,12/25/20,118659,3061,623,7,281
