country,date,confirmed,deaths,new_confirmed,new_deaths,tagged_day
Turkey,3/17/20,47,1,29,1,1
Turkey,3/18/20,98,1,51,0,2
Turkey,3/19/20,192,3,94,2,3
Turkey,3/20/20,359,4,167,1,4
Turkey,3/21/20,670,9,311,5,5
Turkey,3/22/20,1236,30,566,21,6
Turkey,3/23/20,1529,37,293,7,7
Turkey,3/24/20,1872,44,343,7,8
Turkey,3/25/20,2433,59,561,15,9
Turkey,3/26/20,3629,75,1196,16,10
Turkey,3/27/20,5698,92,2069,17,11
Turkey,3/28/20,7402,108,1704,16,12
Turkey,3/29/20,9217,131,1815,23,13
Turkey,3/30/20,10827,168,1610,37,14
Turkey,3/31/20,13531,214,2704,46,15
Turkey,4/1/20,15679,277,2148,63,16
Turkey,4/2/20,18135,356,2456,79,17
Turkey,4/3/20,20921,425,2786,69,18
Turkey,4/4/20,23934,501,3013,76,19
Turkey,4/5/20,27069,574,3135,73,20
Turkey,4/6/20,30217,649,3148,75,21
Turkey,4/7/20,34109,725,3892,76,22
Turkey,4/8/20,38226,812,4117,87,23
Turkey,4/9/20,42282,908,4056,96,24
Turkey,4/10/20,47029,1006,4747,98,25
Turkey,4/11/20,52167,1101,5138,95,26
Turkey,4/12/20,56956,1198,4789,97,27
Turkey,4/13/20,61049,1296,4093,98,28
Turkey,4/14/20,65111,1403,4062,107,29
Turkey,4/15/20,69392,1518,4281,115,30
Turkey,4/16/20,74193,1643,4801,125,31
Turkey,4/17/20,78546,1769,4353,126,32
Turkey,4/18/20,82329,1890,3783,121,33
Turkey,4/19/20,86306,2017,3977,127,34
Turkey,4/20/20,90980,2140,4674,123,35
Turkey,4/21/20,95591,2259,4611,119,36
Turkey,4/22/20,98674,2376,3083,117,37
Turkey,4/23/20,101790,2491,3116,115,38
Turkey,4/24/20,104912,2600,3122,109,39
Turkey,4/25/20,107773,2706,2861,106,40
Turkey,4/26/20,110130,2805,2357,99,41
Turkey,4/27/20,112261,2900,2131,95,42
Turkey,4/28/20,114653,2992,2392,92,43
Turkey,4/29/20,117589,3081,2936,89,44
Turkey,4/30/20,120204,3174,2615,93,45
Turkey,5/1/20,122392,3258,2188,84,46
Turkey,5/2/20,124375,3336,1983,78,47
Turkey,5/3/20,126045,3397,1670,61,48
Turkey,5/4/20,127659,3461,1614,64,49
Turkey,5/5/20,129491,3520,1832,59,50
Turkey,5/6/20,131744,3584,2253,64,51
Turkey,5/7/20,133721,3641,1977,57,52
Turkey,5/8/20,135569,3689,1848,48,53
Turkey,5/9/20,137115,3739,1546,50,54
Turkey,5/10/20,138657,3786,1542,47,55
Turkey,5/11/20,139771,3841,1114,55,56
Turkey,5/12/20,141475,3894,1704,53,57
Turkey,5/13/20,143114,3952,1639,58,58
Turkey,5/14/20,144749,4007,1635,55,59
Turkey,5/15/20,146457,4055,1708,48,60
Turkey,5/16/20,148067,4096,1610,41,61
Turkey,5/17/20,149435,4140,1368,44,62
Turkey,5/18/20,150593,4171,1158,31,63
Turkey,5/19/20,151615,4199,1022,28,64
Turkey,5/20/20,152587,4222,972,23,65
Turkey,5/21/20,153548,4249,961,27,66
Turkey,5/22/20,154500,4276,952,27,67
Turkey,5/23/20,155686,4308,1186,32,68
Turkey,5/24/20,156827,4340,1141,32,69
Turkey,5/25/20,157814,4369,987,29,70
Turkey,5/26/20,158762,4397,948,28,71
Turkey,5/27/20,159797,4431,1035,34,72
Turkey,5/28/20,160979,4461,1182,30,73
Turkey,5/29/20,162120,4489,1141,28,74
Turkey,5/30/20,163103,4515,983,26,75
Turkey,5/31/20,163942,4540,839,25,76
Turkey,6/1/20,164769,4563,827,23,77
Turkey,6/2/20,165555,4585,786,22,78
Turkey,6/3/20,166422,4609,867,24,79
Turkey,6/4/20,167410,4630,988,21,80
Turkey,6/5/20,168340,4648,930,18,81
Turkey,6/6/20,169218,4669,878,21,82
Turkey,6/7/20,170132,4692,914,23,83
Turkey,6/8/20,171121,4711,989,19,84
Turkey,6/9/20,172114,4729,993,18,85
Turkey,6/10/20,173036,4746,922,17,86
Turkey,6/11/20,174023,4763,987,17,87
Turkey,6/12/20,175218,4778,1195,15,88
Turkey,6/13/20,176677,4792,1459,14,89
Turkey,6/14/20,178239,4807,1562,15,90
Turkey,6/15/20,179831,4825,1592,18,91
Turkey,6/16/20,181298,4842,1467,17,92
Turkey,6/17/20,182727,4861,1429,19,93
Turkey,6/18/20,184031,4882,1304,21,94
Turkey,6/19/20,185245,4905,1214,23,95
Turkey,6/20/20,186493,4927,1248,22,96
Turkey,6/21/20,187685,4950,1192,23,97
Turkey,6/22/20,188897,4974,1212,24,98
Turkey,6/23/20,190165,5001,1268,27,99
Turkey,6/24/20,191657,5025,1492,24,100
Turkey,6/25/20,193115,5046,1458,21,101
Turkey,6/26/20,194511,5065,1396,19,102
Turkey,6/27/20,195883,5082,1372,17,103
Turkey,6/28/20,197239,5097,1356,15,104
Turkey,6/29/20,198613,5115,1374,18,105
Turkey,6/30/20,199906,5131,1293,16,106
Turkey,7/1/20,201098,5150,1192,19,107
Turkey,7/2/20,202284,5167,1186,17,108
Turkey,7/3/20,203456,5186,1172,19,109
Turkey,7/4/20,204610,5206,1154,20,110
Turkey,7/5/20,205758,5225,1148,19,111
Turkey,7/6/20,206844,5241,1086,16,112
Turkey,7/7/20,207897,5260,1053,19,113
Turkey,7/8/20,208938,5282,1041,22,114
Turkey,7/9/20,209962,5300,1024,18,115
Turkey,7/10/20,210965,5323,1003,23,116
Turkey,7/11/20,211981,5344,1016,21,117
Turkey,7/12/20,212993,5363,1012,19,118
Turkey,7/13/20,214001,5382,1008,19,119
Turkey,7/14/20,214993,5402,992,20,120
Turkey,7/15/20,215940,5419,947,17,121
Turkey,7/16/20,216873,5440,933,21,122
Turkey,7/17/20,217799,5458,926,18,123
Turkey,7/18/20,218717,5475,918,17,124
Turkey,7/19/20,219641,5491,924,16,125
Turkey,7/20/20,220572,5508,931,17,126
Turkey,7/21/20,221500,5526,928,18,127
Turkey,7/22/20,222402,5545,902,19,128
Turkey,7/23/20,223315,5563,913,18,129
Turkey,7/24/20,224252,5580,937,17,130
Turkey,7/25/20,225173,5596,921,16,131
Turkey,7/26/20,226100,5613,927,17,132
Turkey,7/27/20,227019,5630,919,17,133
Turkey,7/28/20,227982,5645,963,15,134
Turkey,7/29/20,228924,5659,942,14,135
Turkey,7/30/20,229891,5674,967,15,136
Turkey,7/31/20,230873,5691,982,17,137
Turkey,8/1/20,231869,5710,996,19,138
Turkey,8/2/20,232856,5728,987,18,139
Turkey,8/3/20,233851,5747,995,19,140
Turkey,8/4/20,234934,5765,1083,18,141
Turkey,8/5/20,236112,5784,1178,19,142
Turkey,8/6/20,237265,5798,1153,14,143
Turkey,8/7/20,238450,5813,1185,15,144
Turkey,8/8/20,239622,5829,1172,16,145
Turkey,8/9/20,240804,5844,1182,15,146
Turkey,8/10/20,241997,5858,1193,14,147
Turkey,8/11/20,243180,5873,1183,15,148
Turkey,8/12/20,244392,5891,1212,18,149
Turkey,8/13/20,245635,5912,1243,21,150
Turkey,8/14/20,246861,5934,1226,22,151
Turkey,8/15/20,248117,5955,1256,21,152
Turkey,8/16/20,249309,5974,1192,19,153
Turkey,8/17/20,250542,5996,1233,22,154
Turkey,8/18/20,251805,6016,1263,20,155
Turkey,8/19/20,253108,6039,1303,23,156
Turkey,8/20/20,254520,6058,1412,19,157
Turkey,8/21/20,255723,6080,1203,22,158
Turkey,8/22/20,257032,6102,1309,22,159
Turkey,8/23/20,258249,6121,1217,19,160
Turkey,8/24/20,259692,6139,1443,18,161
Turkey,8/25/20,261194,6163,1502,24,162
Turkey,8/26/20,262507,6183,1313,20,163
Turkey,8/27/20,263998,6209,1491,26,164
Turkey,8/28/20,265515,6245,1517,36,165
Turkey,8/29/20,267064,6284,1549,39,166
Turkey,8/30/20,268546,6326,1482,42,167
Turkey,8/31/20,270133,6370,1587,44,168
Turkey,9/1/20,271705,6417,1572,47,169
Turkey,9/2/20,273301,6462,1596,45,170
Turkey,9/3/20,274943,6511,1642,49,171
Turkey,9/4/20,276555,6564,1612,53,172
Turkey,9/5/20,278228,6620,1673,56,173
Turkey,9/6/20,279806,6673,1578,53,174
Turkey,9/7/20,281509,6730,1703,57,175
Turkey,9/8/20,283270,6782,1761,52,176
Turkey,9/9/20,284943,6837,1673,55,177
Turkey,9/10/20,286455,6895,1512,58,178
Turkey,9/11/20,288126,6951,1671,56,179
Turkey,9/12/20,289635,6999,1509,48,180
Turkey,9/13/20,291162,7056,1527,57,181
Turkey,9/14/20,292878,7119,1716,63,182
Turkey,9/15/20,294620,7186,1742,67,183
Turkey,9/16/20,296391,7249,1771,63,184
Turkey,9/17/20,298039,7315,1648,66,185
Turkey,9/18/20,299810,7377,1771,62,186
Turkey,9/19/20,301348,7445,1538,68,187
Turkey,9/20/20,302867,7506,1519,61,188
Turkey,9/21/20,304610,7574,1743,68,189
Turkey,9/22/20,306302,7639,1692,65,190
Turkey,9/23/20,308069,7711,1767,72,191
Turkey,9/24/20,309790,7785,1721,74,192
Turkey,9/25/20,311455,7858,1665,73,193
Turkey,9/26/20,312966,7929,1511,71,194
Turkey,9/27/20,314433,7997,1467,68,195
Turkey,9/28/20,315845,8062,1412,65,196
Turkey,9/29/20,317272,8130,1427,68,197
Turkey,9/30/20,318663,8195,1391,65,198
Turkey,10/1/20,320070,8262,1407,67,199
Turkey,10/2/20,321512,8325,1442,63,200
Turkey,10/3/20,323014,8384,1502,59,201
Turkey,10/4/20,324443,8441,1429,57,202
Turkey,10/5/20,326046,8498,1603,57,203
Turkey,10/6/20,327557,8553,1511,55,204
Turkey,10/7/20,329138,8609,1581,56,205
Turkey,10/8/20,330753,8667,1615,58,206
Turkey,10/9/20,332382,8722,1629,55,207
Turkey,10/10/20,334031,8778,1649,56,208
Turkey,10/11/20,335533,8837,1502,59,209
Turkey,10/12/20,337147,8895,1614,58,210
Turkey,10/13/20,338779,8957,1632,62,211
Turkey,10/14/20,340450,9014,1671,57,212
Turkey,10/15/20,342143,9080,1693,66,213
Turkey,10/16/20,343955,9153,1812,73,214
Turkey,10/17/20,345678,9224,1723,71,215
Turkey,10/18/20,347493,9296,1815,72,216
Turkey,10/19/20,349519,9371,2026,75,217
Turkey,10/20/20,351413,9445,1894,74,218
Turkey,10/21/20,353426,9513,2013,68,219
Turkey,10/22/20,355528,9584,2102,71,220
Turkey,10/23/20,357693,9658,2165,74,221
Turkey,10/24/20,359784,9727,2091,69,222
Turkey,10/25/20,361801,9799,2017,72,223
Turkey,10/26/20,363999,9874,2198,75,224
Turkey,10/27/20,366208,9950,2209,76,225
Turkey,10/28/20,368513,10027,2305,77,226
Turkey,10/29/20,370832,10099,2319,72,227
Turkey,10/30/20,373154,10177,2322,78,228
Turkey,10/31/20,375367,10252,2213,75,229
Turkey,11/1/20,377473,10326,2106,74,230
Turkey,11/2/20,379775,10402,2302,76,231
Turkey,11/3/20,382118,10481,2343,79,232
Turkey,11/4/20,384509,10558,2391,77,233
Turkey,11/5/20,386820,10639,2311,81,234
Turkey,11/6/20,389256,10722,2436,83,235
Turkey,11/7/20,391739,10803,2483,81,236
Turkey,11/8/20,394255,10887,2516,84,237
Turkey,11/9/20,396831,10972,2576,85,238
Turkey,11/10/20,399360,11059,2529,87,239
Turkey,11/11/20,402053,11145,2693,86,240
Turkey,11/12/20,404894,11233,2841,88,241
Turkey,11/13/20,407939,11326,3045,93,242
Turkey,11/14/20,411055,11418,3116,92,243
Turkey,11/15/20,414278,11507,3223,89,244
Turkey,11/16/20,417594,11601,3316,94,245
Turkey,11/17/20,421413,11704,3819,103,246
Turkey,11/18/20,425628,11820,4215,116,247
Turkey,11/19/20,430170,11943,4542,123,248
Turkey,11/20/20,435273,12084,5103,141,249
Turkey,11/21/20,440805,12219,5532,135,250
Turkey,11/22/20,446822,12358,6017,139,251
Turkey,11/23/20,453535,12511,6713,153,252
Turkey,11/24/20,460916,12672,7381,161,253
Turkey,11/25/20,467730,12840,6814,168,254
Turkey,11/26/20,503738,13014,36008,174,255
Turkey,11/27/20,548244,13191,44506,177,256
Turkey,11/28/20,578347,13373,30103,182,257
Turkey,11/29/20,607628,13558,29281,185,258
Turkey,11/30/20,638847,13746,31219,188,259
Turkey,12/1/20,668957,13936,30110,190,260
Turkey,12/2/20,700880,14129,31923,193,261
Turkey,12/3/20,733261,14316,32381,187,262
Turkey,12/4/20,765997,14509,32736,193,263
Turkey,12/5/20,797893,14705,31896,196,264
Turkey,12/6/20,828295,14900,30402,195,265
Turkey,12/7/20,860432,15103,32137,203,266
Turkey,12/8/20,893630,15314,33198,211,267
Turkey,12/9/20,925342,15531,31712,217,268
Turkey,12/10/20,1748567,15751,823225,220,269
Turkey,12/11/20,1780673,15977,32106,226,270
Turkey,12/12/20,1809809,16199,29136,222,271
Turkey,12/13/20,1836728,16417,26919,218,272
Turkey,12/14/20,1866345,16646,29617,229,273
Turkey,12/15/20,1898447,16881,32102,235,274
Turkey,12/16/20,1928165,17121,29718,240,275
Turkey,12/17/20,1955680,17364,27515,243,276
Turkey,12/18/20,1982090,17610,26410,246,277
Turkey,12/19/20,2004285,17851,22195,241,278
Turkey,12/20/20,2024601,18097,20316,246,279
Turkey,12/21/20,2043704,18351,19103,254,280
Turkey,12/22/20,2062960,18602,19256,251,281
Turkey,12/23/20,2082610,18861,19650,259,282
Turkey,12/24/20,2100712,19115,18102,254,283
Turkey,12/25/20,2118255,19371,17543,256,284
