state,date,confirmed,deaths,new_confirmed,new_deaths,tagged_day
Nebraska,3/12/20,10,0,5,0,1
Nebraska,3/13/20,14,0,4,0,2
Nebraska,3/14/20,18,0,4,0,3
Nebraska,3/15/20,17,0,-1,0,4
Nebraska,3/16/20,18,0,1,0,5
Nebraska,3/17/20,23,0,5,0,6
Nebraska,3/18/20,24,0,1,0,7
Nebraska,3/19/20,29,0,5,0,8
Nebraska,3/20/20,37,0,8,0,9
Nebraska,3/21/20,38,0,1,0,10
Nebraska,3/22/20,51,0,13,0,11
Nebraska,3/23/20,51,0,0,0,12
Nebraska,3/24/20,66,0,15,0,13
Nebraska,3/25/20,71,0,5,0,14
Nebraska,3/26/20,74,0,3,0,15
Nebraska,3/27/20,82,0,8,0,16
Nebraska,3/28/20,96,2,14,2,17
Nebraska,3/29/20,108,2,12,0,18
Nebraska,3/30/20,145,2,37,0,19
Nebraska,3/31/20,172,3,27,1,20
Nebraska,4/1/20,210,4,38,1,21
Nebraska,4/2/20,246,5,36,1,22
Nebraska,4/3/20,279,6,33,1,23
Nebraska,4/4/20,321,6,42,0,24
Nebraska,4/5/20,364,8,43,2,25
Nebraska,4/6/20,417,9,53,1,26
Nebraska,4/7/20,447,10,30,1,27
Nebraska,4/8/20,519,12,72,2,28
Nebraska,4/9/20,568,14,49,2,29
Nebraska,4/10/20,635,15,67,1,30
Nebraska,4/11/20,699,17,64,2,31
Nebraska,4/12/20,791,17,92,0,32
Nebraska,4/13/20,814,17,23,0,33
Nebraska,4/14/20,897,20,83,3,34
Nebraska,4/15/20,901,20,4,0,35
Nebraska,4/16/20,952,21,51,1,36
Nebraska,4/17/20,1066,24,114,3,37
Nebraska,4/18/20,1249,24,183,0,38
Nebraska,4/19/20,1474,28,225,4,39
Nebraska,4/20/20,1648,33,174,5,40
Nebraska,4/21/20,1685,33,37,0,41
Nebraska,4/22/20,1813,38,128,5,42
Nebraska,4/23/20,2202,47,389,9,43
Nebraska,4/24/20,2424,50,222,3,44
Nebraska,4/25/20,2719,50,295,0,45
Nebraska,4/26/20,3030,56,311,6,46
Nebraska,4/27/20,3358,56,328,0,47
Nebraska,4/28/20,3517,56,159,0,48
Nebraska,4/29/20,3851,56,334,0,49
Nebraska,4/30/20,4281,70,430,14,50
Nebraska,5/1/20,5008,73,727,3,51
Nebraska,5/2/20,5317,73,309,0,52
Nebraska,5/3/20,5661,78,344,5,53
Nebraska,5/4/20,6037,78,376,0,54
Nebraska,5/5/20,6373,78,336,0,55
Nebraska,5/6/20,6689,78,316,0,56
Nebraska,5/7/20,7334,91,645,13,57
Nebraska,5/8/20,7818,90,484,-1,58
Nebraska,5/9/20,8093,90,275,0,59
Nebraska,5/10/20,8171,90,78,0,60
Nebraska,5/11/20,8407,98,236,8,61
Nebraska,5/12/20,8532,100,125,2,62
Nebraska,5/13/20,8912,103,380,3,63
Nebraska,5/14/20,9260,103,348,0,64
Nebraska,5/15/20,9610,113,350,10,65
Nebraska,5/16/20,10220,123,610,10,66
Nebraska,5/17/20,10177,123,-43,0,67
Nebraska,5/18/20,10625,123,448,0,68
Nebraska,5/19/20,10854,123,229,0,69
Nebraska,5/20/20,11122,138,268,15,70
Nebraska,5/21/20,11427,138,305,0,71
Nebraska,5/22/20,11662,147,235,9,72
Nebraska,5/23/20,11963,147,301,0,73
Nebraska,5/24/20,12134,147,171,0,74
Nebraska,5/25/20,12362,147,228,0,75
Nebraska,5/26/20,12619,147,257,0,76
Nebraska,5/27/20,12984,153,365,6,77
Nebraska,5/28/20,13249,163,265,10,78
Nebraska,5/29/20,13648,164,399,1,79
Nebraska,5/30/20,13905,170,257,6,80
Nebraska,5/31/20,14101,170,196,0,81
Nebraska,6/1/20,14345,170,244,0,82
Nebraska,6/2/20,14616,170,271,0,83
Nebraska,6/3/20,14885,170,269,0,84
Nebraska,6/4/20,15139,187,254,17,85
Nebraska,6/5/20,15406,187,267,0,86
Nebraska,6/6/20,15572,187,166,0,87
Nebraska,6/7/20,15664,187,92,0,88
Nebraska,6/8/20,15786,188,122,1,89
Nebraska,6/9/20,15918,189,132,1,90
Nebraska,6/10/20,16058,191,140,2,91
Nebraska,6/11/20,16315,212,257,21,92
Nebraska,6/12/20,16522,215,207,3,93
Nebraska,6/13/20,16640,215,118,0,94
Nebraska,6/14/20,16730,215,90,0,95
Nebraska,6/15/20,16851,220,121,5,96
Nebraska,6/16/20,17038,231,187,11,97
Nebraska,6/17/20,17231,234,193,3,98
Nebraska,6/18/20,17414,239,183,5,99
Nebraska,6/19/20,17588,244,174,5,100
Nebraska,6/20/20,17707,244,119,0,101
Nebraska,6/21/20,17812,244,105,0,102
Nebraska,6/22/20,17963,249,151,5,103
Nebraska,6/23/20,18099,256,136,7,104
Nebraska,6/24/20,18221,257,122,1,105
Nebraska,6/25/20,18346,260,125,3,106
Nebraska,6/26/20,18524,266,178,6,107
Nebraska,6/27/20,18775,267,251,1,108
Nebraska,6/28/20,18899,267,124,0,109
Nebraska,6/29/20,19042,269,143,2,110
Nebraska,6/30/20,19177,274,135,5,111
Nebraska,7/1/20,19310,276,133,2,112
Nebraska,7/2/20,19452,282,142,6,113
Nebraska,7/3/20,19660,284,208,2,114
Nebraska,7/4/20,19827,284,167,0,115
Nebraska,7/5/20,19929,284,102,0,116
Nebraska,7/6/20,20046,283,117,-1,117
Nebraska,7/7/20,20201,282,155,-1,118
Nebraska,7/8/20,20425,282,224,0,119
Nebraska,7/9/20,20623,284,198,2,120
Nebraska,7/10/20,20777,286,154,2,121
Nebraska,7/11/20,20998,285,221,-1,122
Nebraska,7/12/20,21172,285,174,0,123
Nebraska,7/13/20,21399,288,227,3,124
Nebraska,7/14/20,21717,286,318,-2,125
Nebraska,7/15/20,21979,291,262,5,126
Nebraska,7/16/20,22134,299,155,8,127
Nebraska,7/17/20,22361,301,227,2,128
Nebraska,7/18/20,22481,301,120,0,129
Nebraska,7/19/20,22583,301,102,0,130
Nebraska,7/20/20,22847,313,264,12,131
Nebraska,7/21/20,23190,310,343,-3,132
Nebraska,7/22/20,23486,311,296,1,133
Nebraska,7/23/20,23818,316,332,5,134
Nebraska,7/24/20,24174,316,356,0,135
Nebraska,7/25/20,24395,316,221,0,136
Nebraska,7/26/20,24618,316,223,0,137
Nebraska,7/27/20,24899,317,281,1,138
Nebraska,7/28/20,25157,321,258,4,139
Nebraska,7/29/20,25422,324,265,3,140
Nebraska,7/30/20,25766,328,344,4,141
Nebraska,7/31/20,26211,332,445,4,142
Nebraska,8/1/20,26391,332,180,0,143
Nebraska,8/2/20,26702,332,311,0,144
Nebraska,8/3/20,26956,328,254,-4,145
Nebraska,8/4/20,27178,332,222,4,146
Nebraska,8/5/20,27489,340,311,8,147
Nebraska,8/6/20,27821,340,332,0,148
Nebraska,8/7/20,28104,345,283,5,149
Nebraska,8/8/20,28245,345,141,0,150
Nebraska,8/9/20,28432,345,187,0,151
Nebraska,8/10/20,28696,348,264,3,152
Nebraska,8/11/20,29030,351,334,3,153
Nebraska,8/12/20,29244,356,214,5,154
Nebraska,8/13/20,29660,360,416,4,155
Nebraska,8/14/20,29988,361,328,1,156
Nebraska,8/15/20,30241,361,253,0,157
Nebraska,8/16/20,30372,361,131,0,158
