state,date,confirmed,deaths,new_confirmed,new_deaths,tagged_day
Nevada,3/12/20,10,0,3,0,1
Nevada,3/13/20,18,0,8,0,2
Nevada,3/14/20,20,0,2,0,3
Nevada,3/15/20,20,0,0,0,4
Nevada,3/16/20,45,1,25,1,5
Nevada,3/17/20,55,1,10,0,6
Nevada,3/18/20,55,1,0,0,7
Nevada,3/19/20,95,1,40,0,8
Nevada,3/20/20,161,2,66,1,9
Nevada,3/21/20,161,2,0,0,10
Nevada,3/22/20,190,2,29,0,11
Nevada,3/23/20,245,4,55,2,12
Nevada,3/24/20,278,4,33,0,13
Nevada,3/25/20,323,6,45,2,14
Nevada,3/26/20,420,10,97,4,15
Nevada,3/27/20,536,10,116,0,16
Nevada,3/28/20,626,10,90,0,17
Nevada,3/29/20,920,15,294,5,18
Nevada,3/30/20,1012,15,92,0,19
Nevada,3/31/20,1114,26,102,11,20
Nevada,4/1/20,1279,31,165,5,21
Nevada,4/2/20,1463,38,184,7,22
Nevada,4/3/20,1514,43,51,5,23
Nevada,4/4/20,1742,46,228,3,24
Nevada,4/5/20,1855,46,113,0,25
Nevada,4/6/20,1953,46,98,0,26
Nevada,4/7/20,2124,72,171,26,27
Nevada,4/8/20,2259,72,135,0,28
Nevada,4/9/20,2456,81,197,9,29
Nevada,4/10/20,2722,90,266,9,30
Nevada,4/11/20,2702,102,-20,12,31
Nevada,4/12/20,2836,112,134,10,32
Nevada,4/13/20,2990,114,154,2,33
Nevada,4/14/20,3134,126,144,12,34
Nevada,4/15/20,3211,131,77,5,35
Nevada,4/16/20,3214,137,3,6,36
Nevada,4/17/20,3524,142,310,5,37
Nevada,4/18/20,3626,151,102,9,38
Nevada,4/19/20,3728,158,102,7,39
Nevada,4/20/20,3830,159,102,1,40
Nevada,4/21/20,3937,163,107,4,41
Nevada,4/22/20,4081,172,144,9,42
Nevada,4/23/20,4208,195,127,23,43
Nevada,4/24/20,4398,197,190,2,44
Nevada,4/25/20,4539,205,141,8,45
Nevada,4/26/20,4734,206,195,1,46
Nevada,4/27/20,4700,206,-34,0,47
Nevada,4/28/20,4821,219,121,13,48
Nevada,4/29/20,4934,230,113,11,49
Nevada,4/30/20,5053,243,119,13,50
Nevada,5/1/20,5248,246,195,3,51
Nevada,5/2/20,5389,255,141,9,52
Nevada,5/3/20,5472,258,83,3,53
Nevada,5/4/20,5630,265,158,7,54
Nevada,5/5/20,5660,270,30,5,55
Nevada,5/6/20,5741,289,81,19,56
Nevada,5/7/20,5855,297,114,8,57
Nevada,5/8/20,5920,294,65,-3,58
Nevada,5/9/20,6171,313,251,19,59
Nevada,5/10/20,6120,310,-51,-3,60
Nevada,5/11/20,6152,312,32,2,61
Nevada,5/12/20,6313,321,161,9,62
Nevada,5/13/20,6476,331,163,10,63
Nevada,5/14/20,6504,333,28,2,64
Nevada,5/15/20,6733,343,229,10,65
Nevada,5/16/20,6813,347,80,4,66
Nevada,5/17/20,6949,350,136,3,67
Nevada,5/18/20,7061,358,112,8,68
Nevada,5/19/20,7096,358,35,0,69
Nevada,5/20/20,7388,377,292,19,70
Nevada,5/21/20,7400,383,12,6,71
Nevada,5/22/20,7525,386,125,3,72
Nevada,5/23/20,7526,387,1,1,73
Nevada,5/24/20,7881,380,355,-7,74
Nevada,5/25/20,7956,394,75,14,75
Nevada,5/26/20,8057,394,101,0,76
Nevada,5/27/20,8150,402,93,8,77
Nevada,5/28/20,8248,406,98,4,78
Nevada,5/29/20,8376,406,128,0,79
Nevada,5/30/20,8517,417,141,11,80
Nevada,5/31/20,8628,417,111,0,81
Nevada,6/1/20,8702,417,74,0,82
Nevada,6/2/20,8858,417,156,0,83
Nevada,6/3/20,8951,431,93,14,84
Nevada,6/4/20,9129,430,178,-1,85
Nevada,6/5/20,9309,436,180,6,86
Nevada,6/6/20,9491,437,182,1,87
Nevada,6/7/20,9669,438,178,1,88
Nevada,6/8/20,9816,442,147,4,89
Nevada,6/9/20,10045,446,229,4,90
Nevada,6/10/20,10218,449,173,3,91
Nevada,6/11/20,10473,459,255,10,92
Nevada,6/12/20,10704,461,231,2,93
Nevada,6/13/20,10997,462,293,1,94
Nevada,6/14/20,11201,463,204,1,95
Nevada,6/15/20,11315,465,114,2,96
Nevada,6/16/20,11683,467,368,2,97
Nevada,6/17/20,11854,473,171,6,98
Nevada,6/18/20,12169,475,315,2,99
Nevada,6/19/20,12524,479,355,4,100
Nevada,6/20/20,12976,486,452,7,101
Nevada,6/21/20,13240,487,264,1,102
Nevada,6/22/20,13528,489,288,2,103
Nevada,6/23/20,13997,492,469,3,104
Nevada,6/24/20,14362,494,365,2,105
Nevada,6/25/20,14859,495,497,1,106
Nevada,6/26/20,15240,498,381,3,107
Nevada,6/27/20,16339,500,1099,2,108
Nevada,6/28/20,17160,500,821,0,109
Nevada,6/29/20,17894,504,734,4,110
Nevada,6/30/20,18456,507,562,3,111
Nevada,7/1/20,19101,511,645,4,112
Nevada,7/2/20,19733,525,632,14,113
Nevada,7/3/20,20718,528,985,3,114
Nevada,7/4/20,21575,530,857,2,115
Nevada,7/5/20,22418,534,843,4,116
Nevada,7/6/20,22909,537,491,3,117
Nevada,7/7/20,23785,548,876,11,118
Nevada,7/8/20,24301,553,516,5,119
Nevada,7/9/20,24904,571,603,18,120
Nevada,7/10/20,25908,579,1004,8,121
Nevada,7/11/20,26838,592,930,13,122
Nevada,7/12/20,27683,593,845,1,123
Nevada,7/13/20,28515,593,832,0,124
Nevada,7/14/20,29619,612,1104,19,125
Nevada,7/15/20,30468,618,849,6,126
Nevada,7/16/20,31915,626,1447,8,127
Nevada,7/17/20,33295,637,1380,11,128
Nevada,7/18/20,34477,646,1182,9,129
Nevada,7/19/20,35765,647,1288,1,130
Nevada,7/20/20,36713,648,948,1,131
Nevada,7/21/20,37528,676,815,28,132
Nevada,7/22/20,38657,704,1129,28,133
Nevada,7/23/20,39919,709,1262,5,134
Nevada,7/24/20,40885,722,966,13,135
Nevada,7/25/20,41816,732,931,10,136
Nevada,7/26/20,42843,734,1027,2,137
Nevada,7/27/20,43831,739,988,5,138
Nevada,7/28/20,44936,759,1105,20,139
Nevada,7/29/20,45806,780,870,21,140
Nevada,7/30/20,46824,801,1018,21,141
Nevada,7/31/20,48088,830,1264,29,142
Nevada,8/1/20,49074,832,986,2,143
Nevada,8/2/20,50205,832,1131,0,144
Nevada,8/3/20,51199,847,994,15,145
Nevada,8/4/20,52179,862,980,15,146
Nevada,8/5/20,52828,890,649,28,147
Nevada,8/6/20,53557,900,729,10,148
Nevada,8/7/20,54533,920,976,20,149
Nevada,8/8/20,55419,949,886,29,150
Nevada,8/9/20,56230,957,811,8,151
Nevada,8/10/20,56972,963,742,6,152
Nevada,8/11/20,57520,981,548,18,153
Nevada,8/12/20,58048,996,528,15,154
Nevada,8/13/20,58650,1030,602,34,155
Nevada,8/14/20,59749,1045,1099,15,156
Nevada,8/15/20,60608,1069,859,24,157
Nevada,8/16/20,61305,1072,697,3,158
