state,date,confirmed,deaths,new_confirmed,new_deaths,tagged_day
Washington,3/1/20,11,1,4,0,1
Washington,3/2/20,18,6,7,5,2
Washington,3/3/20,27,7,9,1,3
Washington,3/4/20,39,10,12,3,4
Washington,3/5/20,70,11,31,1,5
Washington,3/6/20,78,13,8,2,6
Washington,3/7/20,102,16,24,3,7
Washington,3/8/20,122,18,20,2,8
Washington,3/9/20,122,19,0,1,9
Washington,3/10/20,167,23,45,4,10
Washington,3/11/20,282,24,115,1,11
Washington,3/12/20,442,31,160,7,12
Washington,3/13/20,568,37,126,6,13
Washington,3/14/20,642,39,74,2,14
Washington,3/15/20,603,40,-39,1,15
Washington,3/16/20,779,48,176,8,16
Washington,3/17/20,955,55,176,7,17
Washington,3/18/20,1022,67,67,12,18
Washington,3/19/20,1374,73,352,6,19
Washington,3/20/20,1524,83,150,10,20
Washington,3/21/20,1793,94,269,11,21
Washington,3/22/20,1997,97,204,3,22
Washington,3/23/20,2221,109,224,12,23
Washington,3/24/20,2328,116,107,7,24
Washington,3/25/20,2591,133,263,17,25
Washington,3/26/20,3207,150,616,17,26
Washington,3/27/20,3477,157,270,7,27
Washington,3/28/20,4030,188,553,31,28
Washington,3/29/20,4465,198,435,10,29
Washington,3/30/20,4923,205,458,7,30
Washington,3/31/20,5432,225,509,20,31
Washington,4/1/20,5608,234,176,9,32
Washington,4/2/20,6389,271,781,37,33
Washington,4/3/20,6846,291,457,20,34
Washington,4/4/20,7247,315,401,24,35
Washington,4/5/20,7825,336,578,21,36
Washington,4/6/20,8311,381,486,45,37
Washington,4/7/20,8692,400,381,19,38
Washington,4/8/20,9276,426,584,26,39
Washington,4/9/20,9639,456,363,30,40
Washington,4/10/20,10119,483,480,27,41
Washington,4/11/20,10434,495,315,12,42
Washington,4/12/20,10609,506,175,11,43
Washington,4/13/20,10635,513,26,7,44
Washington,4/14/20,10799,530,164,17,45
Washington,4/15/20,10942,552,143,22,46
Washington,4/16/20,11057,579,115,27,47
Washington,4/17/20,11517,603,460,24,48
Washington,4/18/20,11776,613,259,10,49
Washington,4/19/20,11978,636,202,23,50
Washington,4/20/20,12114,643,136,7,51
Washington,4/21/20,12392,664,278,21,52
Washington,4/22/20,12596,686,204,22,53
Washington,4/23/20,12753,711,157,25,54
Washington,4/24/20,12977,722,224,11,55
Washington,4/25/20,13319,737,342,15,56
Washington,4/26/20,13521,749,202,12,57
Washington,4/27/20,13686,764,165,15,58
Washington,4/28/20,13842,786,156,22,59
Washington,4/29/20,14070,801,228,15,60
Washington,4/30/20,14327,814,257,13,61
Washington,5/1/20,14637,824,310,10,62
Washington,5/2/20,15003,830,366,6,63
Washington,5/3/20,15185,834,182,4,64
Washington,5/4/20,15462,841,277,7,65
Washington,5/5/20,15594,862,132,21,66
Washington,5/6/20,15905,870,311,8,67
Washington,5/7/20,16231,891,326,21,68
Washington,5/8/20,16388,905,157,14,69
Washington,5/9/20,16674,921,286,16,70
Washington,5/10/20,16891,931,217,10,71
Washington,5/11/20,17122,945,231,14,72
Washington,5/12/20,17330,962,208,17,73
Washington,5/13/20,17512,974,182,12,74
Washington,5/14/20,17773,983,261,9,75
Washington,5/15/20,17951,991,178,8,76
Washington,5/16/20,18288,999,337,8,77
Washington,5/17/20,18433,1001,145,2,78
Washington,5/18/20,18611,1002,178,1,79
Washington,5/19/20,18811,1031,200,29,80
Washington,5/20/20,18971,1037,160,6,81
Washington,5/21/20,19117,1044,146,7,82
Washington,5/22/20,19265,1050,148,6,83
Washington,5/23/20,19265,1050,0,0,84
Washington,5/24/20,19828,1061,563,11,85
Washington,5/25/20,20065,1070,237,9,86
Washington,5/26/20,20181,1078,116,8,87
Washington,5/27/20,20406,1095,225,17,88
Washington,5/28/20,20764,1106,358,11,89
Washington,5/29/20,21071,1111,307,5,90
Washington,5/30/20,21349,1118,278,7,91
Washington,5/31/20,21702,1118,353,0,92
Washington,6/1/20,21977,1123,275,5,93
Washington,6/2/20,22157,1129,180,6,94
Washington,6/3/20,22484,1135,327,6,95
Washington,6/4/20,22729,1138,245,3,96
Washington,6/5/20,22993,1149,264,11,97
Washington,6/6/20,23442,1153,449,4,98
Washington,6/7/20,23729,1157,287,4,99
Washington,6/8/20,24041,1161,312,4,100
Washington,6/9/20,24354,1176,313,15,101
Washington,6/10/20,24354,1176,0,0,102
Washington,6/11/20,24779,1194,425,18,103
Washington,6/12/20,25171,1204,392,10,104
Washington,6/13/20,25538,1213,367,9,105
Washington,6/14/20,25834,1217,296,4,106
Washington,6/15/20,26158,1220,324,3,107
Washington,6/16/20,26531,1231,373,11,108
Washington,6/17/20,26784,1226,253,-5,109
Washington,6/18/20,27192,1245,408,19,110
Washington,6/19/20,27601,1255,409,10,111
Washington,6/20/20,28225,1265,624,10,112
Washington,6/21/20,28680,1270,455,5,113
Washington,6/22/20,28870,1276,190,6,114
Washington,6/23/20,29386,1284,516,8,115
Washington,6/24/20,29869,1293,483,9,116
Washington,6/25/20,30367,1300,498,7,117
Washington,6/26/20,30855,1304,488,4,118
Washington,6/27/20,31404,1310,549,6,119
Washington,6/28/20,31752,1310,348,0,120
Washington,6/29/20,32253,1320,501,10,121
Washington,6/30/20,32824,1332,571,12,122
Washington,7/1/20,33435,1339,611,7,123
Washington,7/2/20,34151,1342,716,3,124
Washington,7/3/20,34778,1352,627,10,125
Washington,7/4/20,35247,1354,469,2,126
Washington,7/5/20,35898,1359,651,5,127
Washington,7/6/20,36985,1369,1087,10,128
Washington,7/7/20,37420,1384,435,15,129
Washington,7/8/20,37941,1394,521,10,130
Washington,7/9/20,38581,1409,640,15,131
Washington,7/10/20,39218,1424,637,15,132
Washington,7/11/20,39218,1424,0,0,133
Washington,7/12/20,40656,1438,1438,14,134
Washington,7/13/20,41757,1399,1101,-39,135
Washington,7/14/20,42304,1404,547,5,136
Washington,7/15/20,43046,1421,742,17,137
Washington,7/16/20,44313,1427,1267,6,138
Washington,7/17/20,45067,1434,754,7,139
Washington,7/18/20,46026,1444,959,10,140
Washington,7/19/20,46946,1447,920,3,141
Washington,7/20/20,47743,1453,797,6,142
Washington,7/21/20,48575,1465,832,12,143
Washington,7/22/20,49247,1468,672,3,144
Washington,7/23/20,50009,1482,762,14,145
Washington,7/24/20,50824,1495,815,13,146
Washington,7/25/20,51849,1494,1025,-1,147
Washington,7/26/20,52635,1501,786,7,148
Washington,7/27/20,53321,1518,686,17,149
Washington,7/28/20,54205,1548,884,30,150
Washington,7/29/20,54985,1555,780,7,151
Washington,7/30/20,55803,1564,818,9,152
Washington,7/31/20,55803,1564,0,0,153
Washington,8/1/20,57541,1592,1738,28,154
Washington,8/2/20,58173,1596,632,4,155
Washington,8/3/20,58715,1600,542,4,156
Washington,8/4/20,59379,1619,664,19,157
Washington,8/5/20,60084,1624,705,5,158
Washington,8/6/20,60917,1653,833,29,159
Washington,8/7/20,61587,1672,670,19,160
Washington,8/8/20,62523,1688,936,16,161
Washington,8/9/20,63072,1688,549,0,162
Washington,8/10/20,63647,1697,575,9,163
Washington,8/11/20,64151,1716,504,19,164
Washington,8/12/20,64702,1724,551,8,165
Washington,8/13/20,65339,1736,637,12,166
Washington,8/14/20,66139,1755,800,19,167
Washington,8/15/20,66885,1766,746,11,168
Washington,8/16/20,67461,1781,576,15,169
