state,date,confirmed,deaths,new_confirmed,new_deaths,tagged_day
District of Columbia,3/16/20,22,0,22,0,1
District of Columbia,3/17/20,22,0,0,0,2
District of Columbia,3/18/20,31,0,9,0,3
District of Columbia,3/19/20,40,0,9,0,4
District of Columbia,3/20/20,71,1,31,1,5
District of Columbia,3/21/20,98,0,27,-1,6
District of Columbia,3/22/20,102,2,4,2,7
District of Columbia,3/23/20,120,2,18,0,8
District of Columbia,3/24/20,141,2,21,0,9
District of Columbia,3/25/20,187,2,46,0,10
District of Columbia,3/26/20,231,3,44,1,11
District of Columbia,3/27/20,271,3,40,0,12
District of Columbia,3/28/20,304,4,33,1,13
District of Columbia,3/29/20,342,5,38,1,14
District of Columbia,3/30/20,401,9,59,4,15
District of Columbia,3/31/20,495,9,94,0,16
District of Columbia,4/1/20,586,9,91,0,17
District of Columbia,4/2/20,653,12,67,3,18
District of Columbia,4/3/20,757,15,104,3,19
District of Columbia,4/4/20,902,21,145,6,20
District of Columbia,4/5/20,1002,22,100,1,21
District of Columbia,4/6/20,1097,24,95,2,22
District of Columbia,4/7/20,1211,22,114,-2,23
District of Columbia,4/8/20,1440,27,229,5,24
District of Columbia,4/9/20,1523,32,83,5,25
District of Columbia,4/10/20,1660,38,137,6,26
District of Columbia,4/11/20,1778,47,118,9,27
District of Columbia,4/12/20,1875,50,97,3,28
District of Columbia,4/13/20,1955,52,80,2,29
District of Columbia,4/14/20,2058,67,103,15,30
District of Columbia,4/15/20,2197,72,139,5,31
District of Columbia,4/16/20,2350,81,153,9,32
District of Columbia,4/17/20,2476,86,126,5,33
District of Columbia,4/18/20,2666,91,190,5,34
District of Columbia,4/19/20,2793,96,127,5,35
District of Columbia,4/20/20,2927,105,134,9,36
District of Columbia,4/21/20,3098,112,171,7,37
District of Columbia,4/22/20,3206,127,108,15,38
District of Columbia,4/23/20,3361,139,155,12,39
District of Columbia,4/24/20,3528,153,167,14,40
District of Columbia,4/25/20,3699,165,171,12,41
District of Columbia,4/26/20,3841,178,142,13,42
District of Columbia,4/27/20,3892,185,51,7,43
District of Columbia,4/28/20,3994,190,102,5,44
District of Columbia,4/29/20,4106,205,112,15,45
District of Columbia,4/30/20,4323,224,217,19,46
District of Columbia,5/1/20,4658,231,335,7,47
District of Columbia,5/2/20,4797,240,139,9,48
District of Columbia,5/3/20,5016,251,219,11,49
District of Columbia,5/4/20,5170,258,154,7,50
District of Columbia,5/5/20,5322,264,152,6,51
District of Columbia,5/6/20,5461,277,139,13,52
District of Columbia,5/7/20,5654,285,193,8,53
District of Columbia,5/8/20,5899,304,245,19,54
District of Columbia,5/9/20,6102,311,203,7,55
District of Columbia,5/10/20,6272,323,170,12,56
District of Columbia,5/11/20,6389,328,117,5,57
District of Columbia,5/12/20,6485,336,96,8,58
District of Columbia,5/13/20,6584,350,99,14,59
District of Columbia,5/14/20,6736,358,152,8,60
District of Columbia,5/15/20,6871,368,135,10,61
District of Columbia,5/16/20,7042,375,171,7,62
District of Columbia,5/17/20,7123,383,81,8,63
District of Columbia,5/18/20,7270,392,147,9,64
District of Columbia,5/19/20,7434,400,164,8,65
District of Columbia,5/20/20,7551,407,117,7,66
District of Columbia,5/21/20,7788,412,237,5,67
District of Columbia,5/22/20,7893,418,105,6,68
District of Columbia,5/23/20,7966,427,73,9,69
District of Columbia,5/24/20,8110,432,144,5,70
District of Columbia,5/25/20,8225,440,115,8,71
District of Columbia,5/26/20,8334,440,109,0,72
District of Columbia,5/27/20,8406,445,72,5,73
District of Columbia,5/28/20,8492,453,86,8,74
District of Columbia,5/29/20,8538,460,46,7,75
District of Columbia,5/30/20,8717,462,179,2,76
District of Columbia,5/31/20,8801,466,84,4,77
District of Columbia,6/1/20,8857,468,56,2,78
District of Columbia,6/2/20,8886,470,29,2,79
District of Columbia,6/3/20,9016,473,130,3,80
District of Columbia,6/4/20,9120,475,104,2,81
District of Columbia,6/5/20,9199,479,79,4,82
District of Columbia,6/6/20,9269,483,70,4,83
District of Columbia,6/7/20,9332,489,63,6,84
District of Columbia,6/8/20,9389,491,57,2,85
District of Columbia,6/9/20,9474,495,85,4,86
District of Columbia,6/10/20,9537,499,63,4,87
District of Columbia,6/11/20,9589,502,52,3,88
District of Columbia,6/12/20,9654,506,65,4,89
District of Columbia,6/13/20,9709,511,55,5,90
District of Columbia,6/14/20,9767,515,58,4,91
District of Columbia,6/15/20,9799,515,32,0,92
District of Columbia,6/16/20,9818,520,19,5,93
District of Columbia,6/17/20,9847,523,29,3,94
District of Columbia,6/18/20,9903,527,56,4,95
District of Columbia,6/19/20,9952,530,49,3,96
District of Columbia,6/20/20,9984,531,32,1,97
District of Columbia,6/21/20,10020,533,36,2,98
District of Columbia,6/22/20,10058,535,38,2,99
District of Columbia,6/23/20,10094,537,36,2,100
District of Columbia,6/24/20,10128,541,34,4,101
District of Columbia,6/25/20,10159,543,31,2,102
District of Columbia,6/26/20,10185,546,26,3,103
District of Columbia,6/27/20,10216,548,31,2,104
District of Columbia,6/28/20,10248,550,32,2,105
District of Columbia,6/29/20,10292,551,44,1,106
District of Columbia,6/30/20,10327,551,35,0,107
District of Columbia,7/1/20,10365,553,38,2,108
District of Columbia,7/2/20,10390,554,25,1,109
District of Columbia,7/3/20,10435,555,45,1,110
District of Columbia,7/4/20,10447,557,12,2,111
District of Columbia,7/5/20,10482,559,35,2,112
District of Columbia,7/6/20,10515,561,33,2,113
District of Columbia,7/7/20,10569,561,54,0,114
District of Columbia,7/8/20,10642,564,73,3,115
District of Columbia,7/9/20,10679,568,37,4,116
District of Columbia,7/10/20,10743,568,64,0,117
District of Columbia,7/11/20,10801,568,58,0,118
District of Columbia,7/12/20,10847,568,46,0,119
District of Columbia,7/13/20,10906,568,59,0,120
District of Columbia,7/14/20,10946,568,40,0,121
District of Columbia,7/15/20,11026,571,80,3,122
District of Columbia,7/16/20,11076,574,50,3,123
District of Columbia,7/17/20,11115,577,39,3,124
District of Columbia,7/18/20,11194,578,79,1,125
District of Columbia,7/19/20,11261,578,67,0,126
District of Columbia,7/20/20,11339,579,78,1,127
District of Columbia,7/21/20,11427,580,88,1,128
District of Columbia,7/22/20,11529,580,102,0,129
District of Columbia,7/23/20,11571,581,42,1,130
District of Columbia,7/24/20,11649,581,78,0,131
District of Columbia,7/25/20,11717,581,68,0,132
District of Columbia,7/26/20,11780,581,63,0,133
District of Columbia,7/27/20,11858,582,78,1,134
District of Columbia,7/28/20,11945,583,87,1,135
District of Columbia,7/29/20,11999,584,54,1,136
District of Columbia,7/30/20,12057,584,58,0,137
District of Columbia,7/31/20,12126,585,69,1,138
District of Columbia,8/1/20,12205,585,79,0,139
District of Columbia,8/2/20,12274,586,69,1,140
District of Columbia,8/3/20,12313,586,39,0,141
District of Columbia,8/4/20,12398,587,85,1,142
District of Columbia,8/5/20,12443,587,45,0,143
District of Columbia,8/6/20,12518,587,75,0,144
District of Columbia,8/7/20,12589,589,71,2,145
District of Columbia,8/8/20,12653,590,64,1,146
District of Columbia,8/9/20,12753,591,100,1,147
District of Columbia,8/10/20,12807,591,54,0,148
District of Columbia,8/11/20,12896,593,89,2,149
District of Columbia,8/12/20,12959,593,63,0,150
District of Columbia,8/13/20,13024,594,65,1,151
District of Columbia,8/14/20,13118,594,94,0,152
District of Columbia,8/15/20,13159,597,41,3,153
District of Columbia,8/16/20,13220,597,61,0,154
District of Columbia,8/17/20,13273,597,53,0,155
District of Columbia,8/18/20,13325,599,52,2,156
District of Columbia,8/19/20,13354,600,29,1,157
District of Columbia,8/20/20,13409,601,55,1,158
District of Columbia,8/21/20,13469,602,60,1,159
District of Columbia,8/22/20,13534,604,65,2,160
District of Columbia,8/23/20,13590,604,56,0,161
District of Columbia,8/24/20,13639,604,49,0,162
District of Columbia,8/25/20,13684,604,45,0,163
District of Columbia,8/26/20,13684,605,0,1,164
District of Columbia,8/27/20,13794,605,110,0,165
District of Columbia,8/28/20,13851,605,57,0,166
District of Columbia,8/29/20,13925,605,74,0,167
District of Columbia,8/30/20,13959,606,34,1,168
District of Columbia,8/31/20,13992,607,33,1,169
District of Columbia,9/1/20,14049,607,57,0,170
District of Columbia,9/2/20,14077,608,28,1,171
District of Columbia,9/3/20,14135,609,58,1,172
District of Columbia,9/4/20,14186,611,51,2,173
District of Columbia,9/5/20,14238,611,52,0,174
District of Columbia,9/6/20,14279,611,41,0,175
District of Columbia,9/7/20,14315,611,36,0,176
District of Columbia,9/8/20,14362,611,47,0,177
District of Columbia,9/9/20,14387,615,25,4,178
District of Columbia,9/10/20,14412,616,25,1,179
District of Columbia,9/11/20,14493,616,81,0,180
District of Columbia,9/12/20,14493,616,0,0,181
District of Columbia,9/13/20,14592,616,99,0,182
District of Columbia,9/14/20,14622,616,30,0,183
District of Columbia,9/15/20,14687,616,65,0,184
District of Columbia,9/16/20,14743,617,56,1,185
District of Columbia,9/17/20,14790,619,47,2,186
District of Columbia,9/18/20,14852,619,62,0,187
District of Columbia,9/19/20,14902,619,50,0,188
District of Columbia,9/20/20,14955,620,53,1,189
District of Columbia,9/21/20,14978,621,23,1,190
District of Columbia,9/22/20,15021,621,43,0,191
District of Columbia,9/23/20,15050,621,29,0,192
District of Columbia,9/24/20,15106,621,56,0,193
District of Columbia,9/25/20,15163,623,57,2,194
District of Columbia,9/26/20,15215,624,52,1,195
District of Columbia,9/27/20,15250,624,35,0,196
District of Columbia,9/28/20,15264,624,14,0,197
District of Columbia,9/29/20,15300,626,36,2,198
District of Columbia,9/30/20,15326,627,26,1,199
District of Columbia,10/1/20,15358,628,32,1,200
District of Columbia,10/2/20,15423,629,65,1,201
District of Columbia,10/3/20,15473,629,50,0,202
District of Columbia,10/4/20,15519,631,46,2,203
District of Columbia,10/5/20,15547,631,28,0,204
District of Columbia,10/6/20,15652,631,105,0,205
District of Columbia,10/7/20,15652,631,0,0,206
District of Columbia,10/8/20,15765,634,113,3,207
District of Columbia,10/9/20,15843,634,78,0,208
District of Columbia,10/10/20,15918,636,75,2,209
District of Columbia,10/11/20,15984,637,66,1,210
District of Columbia,10/12/20,16022,637,38,0,211
District of Columbia,10/13/20,16068,637,46,0,212
District of Columbia,10/14/20,16132,638,64,1,213
District of Columbia,10/15/20,16166,638,34,0,214
District of Columbia,10/16/20,16255,641,89,3,215
District of Columbia,10/17/20,16334,641,79,0,216
District of Columbia,10/18/20,16370,641,36,0,217
District of Columbia,10/19/20,16395,641,25,0,218
District of Columbia,10/20/20,16445,642,50,1,219
District of Columbia,10/21/20,16498,642,53,0,220
District of Columbia,10/22/20,16537,642,39,0,221
District of Columbia,10/23/20,16609,642,72,0,222
District of Columbia,10/24/20,16706,642,97,0,223
District of Columbia,10/25/20,16767,642,61,0,224
District of Columbia,10/26/20,16812,642,45,0,225
District of Columbia,10/27/20,16906,644,94,2,226
District of Columbia,10/28/20,16973,644,67,0,227
District of Columbia,10/29/20,17074,645,101,1,228
District of Columbia,10/30/20,17144,646,70,1,229
District of Columbia,10/31/20,17266,646,122,0,230
District of Columbia,11/1/20,17369,646,103,0,231
District of Columbia,11/2/20,17438,647,69,1,232
District of Columbia,11/3/20,17524,647,86,0,233
District of Columbia,11/4/20,17601,647,77,0,234
District of Columbia,11/5/20,17682,650,81,3,235
District of Columbia,11/6/20,17792,652,110,2,236
District of Columbia,11/7/20,17891,654,99,2,237
District of Columbia,11/8/20,18001,654,110,0,238
District of Columbia,11/9/20,18087,655,86,1,239
District of Columbia,11/10/20,18173,657,86,2,240
District of Columbia,11/11/20,18379,657,206,0,241
District of Columbia,11/12/20,18507,657,128,0,242
District of Columbia,11/13/20,18666,657,159,0,243
District of Columbia,11/14/20,18814,658,148,1,244
District of Columbia,11/15/20,18977,660,163,2,245
District of Columbia,11/16/20,19064,660,87,0,246
District of Columbia,11/17/20,19309,660,245,0,247
District of Columbia,11/18/20,19465,665,156,5,248
District of Columbia,11/19/20,19678,667,213,2,249
District of Columbia,11/20/20,19808,669,130,2,250
District of Columbia,11/21/20,19961,670,153,1,251
District of Columbia,11/22/20,20151,670,190,0,252
District of Columbia,11/23/20,20290,672,139,2,253
District of Columbia,11/24/20,20409,673,119,1,254
District of Columbia,11/25/20,20516,677,107,4,255
District of Columbia,11/26/20,20736,677,220,0,256
District of Columbia,11/27/20,20937,677,201,0,257
District of Columbia,11/28/20,21308,678,371,1,258
District of Columbia,11/29/20,21448,680,140,2,259
District of Columbia,11/30/20,21552,680,104,0,260
District of Columbia,12/1/20,21685,685,133,5,261
District of Columbia,12/2/20,21842,690,157,5,262
District of Columbia,12/3/20,22164,692,322,2,263
District of Columbia,12/4/20,22480,693,316,1,264
District of Columbia,12/5/20,22872,695,392,2,265
District of Columbia,12/6/20,23136,697,264,2,266
District of Columbia,12/7/20,23319,701,183,4,267
District of Columbia,12/8/20,23589,701,270,0,268
District of Columbia,12/9/20,23854,704,265,3,269
District of Columbia,12/10/20,24098,708,244,4,270
District of Columbia,12/11/20,24357,709,259,1,271
District of Columbia,12/12/20,24643,713,286,4,272
District of Columbia,12/13/20,24874,715,231,2,273
District of Columbia,12/14/20,25038,716,164,1,274
District of Columbia,12/15/20,25339,720,301,4,275
District of Columbia,12/16/20,25602,720,263,0,276
District of Columbia,12/17/20,25830,725,228,5,277
District of Columbia,12/18/20,26104,728,274,3,278
District of Columbia,12/19/20,26342,730,238,2,279
District of Columbia,12/20/20,26601,737,259,7,280
District of Columbia,12/21/20,26740,742,139,5,281
District of Columbia,12/22/20,26900,744,160,2,282
District of Columbia,12/23/20,27226,751,326,7,283
District of Columbia,12/24/20,27436,756,210,5,284
District of Columbia,12/25/20,27436,756,0,0,285
District of Columbia,12/26/20,27710,762,274,6,286
District of Columbia,12/27/20,28202,768,492,6,287
District of Columbia,12/28/20,28342,771,140,3,288
District of Columbia,12/29/20,28535,775,193,4,289
District of Columbia,12/30/20,28758,780,223,5,290
District of Columbia,12/31/20,28983,786,225,6,291
District of Columbia,1/1/21,29252,788,269,2,292
District of Columbia,1/2/21,29509,792,257,4,293
District of Columbia,1/3/21,29764,794,255,2,294
District of Columbia,1/4/21,29904,797,140,3,295
District of Columbia,1/5/21,30166,801,262,4,296
District of Columbia,1/6/21,30482,806,316,5,297
District of Columbia,1/7/21,30750,808,268,2,298
District of Columbia,1/8/21,31107,809,357,1,299
District of Columbia,1/9/21,31457,813,350,4,300
District of Columbia,1/10/21,31791,817,334,4,301
District of Columbia,1/11/21,31993,821,202,4,302
District of Columbia,1/12/21,32423,825,430,4,303
District of Columbia,1/13/21,32600,831,177,6,304
District of Columbia,1/14/21,32820,842,220,11,305
District of Columbia,1/15/21,33140,842,320,0,306
District of Columbia,1/16/21,33537,847,397,5,307
District of Columbia,1/17/21,33851,850,314,3,308
District of Columbia,1/18/21,34033,857,182,7,309
District of Columbia,1/19/21,34259,861,226,4,310
District of Columbia,1/20/21,34403,863,144,2,311
District of Columbia,1/21/21,34612,864,209,1,312
District of Columbia,1/22/21,34905,867,293,3,313
District of Columbia,1/23/21,35077,870,172,3,314
District of Columbia,1/24/21,35301,872,224,2,315
District of Columbia,1/25/21,35505,879,204,7,316
District of Columbia,1/26/21,35700,888,195,9,317
District of Columbia,1/27/21,35865,895,165,7,318
District of Columbia,1/28/21,36132,902,267,7,319
