state,date,confirmed,deaths,new_confirmed,new_deaths,tagged_day
Idaho,3/19/20,23,0,14,0,1
Idaho,3/20/20,36,0,13,0,2
Idaho,3/21/20,42,0,6,0,3
Idaho,3/22/20,42,0,0,0,4
Idaho,3/23/20,68,0,26,0,5
Idaho,3/24/20,81,0,13,0,6
Idaho,3/25/20,91,0,10,0,7
Idaho,3/26/20,146,3,55,3,8
Idaho,3/27/20,205,3,59,0,9
Idaho,3/28/20,234,4,29,1,10
Idaho,3/29/20,281,5,47,1,11
Idaho,3/30/20,340,6,59,1,12
Idaho,3/31/20,515,8,175,2,13
Idaho,4/1/20,566,9,51,1,14
Idaho,4/2/20,776,9,210,0,15
Idaho,4/3/20,891,9,115,0,16
Idaho,4/4/20,1022,10,131,1,17
Idaho,4/5/20,1078,10,56,0,18
Idaho,4/6/20,1101,10,23,0,19
Idaho,4/7/20,1170,13,69,3,20
Idaho,4/8/20,1210,15,40,2,21
Idaho,4/9/20,1232,18,22,3,22
Idaho,4/10/20,1354,24,122,6,23
Idaho,4/11/20,1396,25,42,1,24
Idaho,4/12/20,1407,27,11,2,25
Idaho,4/13/20,1426,27,19,0,26
Idaho,4/14/20,1464,33,38,6,27
Idaho,4/15/20,1473,39,9,6,28
Idaho,4/16/20,1587,41,114,2,29
Idaho,4/17/20,1609,41,22,0,30
Idaho,4/18/20,1655,43,46,2,31
Idaho,4/19/20,1668,44,13,1,32
Idaho,4/20/20,1672,45,4,1,33
Idaho,4/21/20,1736,48,64,3,34
Idaho,4/22/20,1766,51,30,3,35
Idaho,4/23/20,1836,54,70,3,36
Idaho,4/24/20,1870,54,34,0,37
Idaho,4/25/20,1887,56,17,2,38
Idaho,4/26/20,1897,56,10,0,39
Idaho,4/27/20,1897,56,0,0,40
Idaho,4/28/20,1952,60,55,4,41
Idaho,4/29/20,1952,60,0,0,42
Idaho,4/30/20,1984,60,32,0,43
Idaho,5/1/20,2015,63,31,3,44
Idaho,5/2/20,2061,64,46,1,45
Idaho,5/3/20,2061,64,0,0,46
Idaho,5/4/20,2106,64,45,0,47
Idaho,5/5/20,2127,65,21,1,48
Idaho,5/6/20,2158,66,31,1,49
Idaho,5/7/20,2178,67,20,1,50
Idaho,5/8/20,2178,67,0,0,51
Idaho,5/9/20,2205,67,27,0,52
Idaho,5/10/20,2230,67,25,0,53
Idaho,5/11/20,2260,70,30,3,54
Idaho,5/12/20,2293,69,33,-1,55
Idaho,5/13/20,2293,69,0,0,56
Idaho,5/14/20,2351,72,58,3,57
Idaho,5/15/20,2351,72,0,0,58
Idaho,5/16/20,2419,73,68,1,59
Idaho,5/17/20,2419,73,0,0,60
Idaho,5/18/20,2455,74,36,1,61
Idaho,5/19/20,2455,74,0,0,62
Idaho,5/20/20,2506,77,51,3,63
Idaho,5/21/20,2506,77,0,0,64
Idaho,5/22/20,2595,79,89,2,65
Idaho,5/23/20,2595,79,0,0,66
Idaho,5/24/20,2626,79,31,0,67
Idaho,5/25/20,2626,79,0,0,68
Idaho,5/26/20,2626,79,0,0,69
Idaho,5/27/20,2699,81,73,2,70
Idaho,5/28/20,2770,82,71,1,71
Idaho,5/29/20,2770,82,0,0,72
Idaho,5/30/20,2803,82,33,0,73
Idaho,5/31/20,2839,82,36,0,74
Idaho,6/1/20,2839,82,0,0,75
Idaho,6/2/20,2933,83,94,1,76
Idaho,6/3/20,2933,83,0,0,77
Idaho,6/4/20,2990,83,57,0,78
Idaho,6/5/20,3111,83,121,0,79
Idaho,6/6/20,3139,83,28,0,80
Idaho,6/7/20,3139,83,0,0,81
Idaho,6/8/20,3189,83,50,0,82
Idaho,6/9/20,3221,85,32,2,83
Idaho,6/10/20,3260,85,39,0,84
Idaho,6/11/20,3260,85,0,0,85
Idaho,6/12/20,3353,87,93,2,86
Idaho,6/13/20,3353,87,0,0,87
Idaho,6/14/20,3399,87,46,0,88
Idaho,6/15/20,3399,87,0,0,89
Idaho,6/16/20,3462,88,63,1,90
Idaho,6/17/20,3632,88,170,0,91
Idaho,6/18/20,3743,89,111,1,92
Idaho,6/19/20,3871,89,128,0,93
Idaho,6/20/20,4004,89,133,0,94
Idaho,6/21/20,4006,89,2,0,95
Idaho,6/22/20,4256,89,250,0,96
Idaho,6/23/20,4254,89,-2,0,97
Idaho,6/24/20,4402,89,148,0,98
Idaho,6/25/20,4865,90,463,1,99
Idaho,6/26/20,4865,90,0,0,100
Idaho,6/27/20,5322,91,457,1,101
Idaho,6/28/20,5322,91,0,0,102
Idaho,6/29/20,5752,91,430,0,103
Idaho,6/30/20,6117,92,365,1,104
Idaho,7/1/20,6370,92,253,0,105
Idaho,7/2/20,6593,92,223,0,106
Idaho,7/3/20,6994,93,401,1,107
Idaho,7/4/20,7370,93,376,0,108
Idaho,7/5/20,7733,93,363,0,109
Idaho,7/6/20,8052,94,319,1,110
Idaho,7/7/20,8539,94,487,0,111
Idaho,7/8/20,8969,98,430,4,112
Idaho,7/9/20,9429,100,460,2,113
Idaho,7/10/20,9929,101,500,1,114
Idaho,7/11/20,10506,102,577,1,115
Idaho,7/12/20,10903,102,397,0,116
Idaho,7/13/20,11404,102,501,0,117
Idaho,7/14/20,11720,103,316,1,118
Idaho,7/15/20,12449,110,729,7,119
Idaho,7/16/20,13134,114,685,4,120
Idaho,7/17/20,13753,118,619,4,121
Idaho,7/18/20,14303,119,550,1,122
Idaho,7/19/20,14874,119,571,0,123
Idaho,7/20/20,15268,122,394,3,124
Idaho,7/21/20,15823,126,555,4,125
Idaho,7/22/20,16322,135,499,9,126
Idaho,7/23/20,16737,138,415,3,127
Idaho,7/24/20,17265,144,528,6,128
Idaho,7/25/20,17826,146,561,2,129
Idaho,7/26/20,18178,146,352,0,130
Idaho,7/27/20,18692,152,514,6,131
Idaho,7/28/20,19220,160,528,8,132
Idaho,7/29/20,19674,173,454,13,133
Idaho,7/30/20,20242,177,568,4,134
Idaho,7/31/20,20716,188,474,11,135
Idaho,8/1/20,21110,197,394,9,136
Idaho,8/2/20,21110,197,0,0,137
Idaho,8/3/20,21670,200,560,3,138
Idaho,8/4/20,22236,210,566,10,139
Idaho,8/5/20,22708,217,472,7,140
Idaho,8/6/20,23401,223,693,6,141
Idaho,8/7/20,23925,229,524,6,142
Idaho,8/8/20,24497,235,572,6,143
Idaho,8/9/20,24675,237,178,2,144
Idaho,8/10/20,25104,239,429,2,145
Idaho,8/11/20,25598,246,494,7,146
Idaho,8/12/20,26134,246,536,0,147
Idaho,8/13/20,26629,251,495,5,148
Idaho,8/14/20,27171,265,542,14,149
Idaho,8/15/20,27475,269,304,4,150
Idaho,8/16/20,27656,269,181,0,151
Idaho,8/17/20,27937,273,281,4,152
Idaho,8/18/20,28321,282,384,9,153
Idaho,8/19/20,28680,289,359,7,154
Idaho,8/20/20,29110,296,430,7,155
Idaho,8/21/20,29364,305,254,9,156
Idaho,8/22/20,29659,306,295,1,157
Idaho,8/23/20,29845,307,186,1,158
Idaho,8/24/20,30057,314,212,7,159
Idaho,8/25/20,30465,326,408,12,160
Idaho,8/26/20,30771,337,306,11,161
Idaho,8/27/20,31113,343,342,6,162
Idaho,8/28/20,31376,353,263,10,163
Idaho,8/29/20,31668,358,292,5,164
Idaho,8/30/20,31858,359,190,1,165
Idaho,8/31/20,32081,361,223,2,166
Idaho,9/1/20,32353,367,272,6,167
Idaho,9/2/20,32664,372,311,5,168
Idaho,9/3/20,32927,372,263,0,169
Idaho,9/4/20,33193,382,266,10,170
Idaho,9/5/20,33474,384,281,2,171
Idaho,9/6/20,33664,385,190,1,172
Idaho,9/7/20,33738,385,74,0,173
Idaho,9/8/20,33978,389,240,4,174
Idaho,9/9/20,34300,407,322,18,175
Idaho,9/10/20,34617,407,317,0,176
Idaho,9/11/20,34950,412,333,5,177
Idaho,9/12/20,35167,415,217,3,178
Idaho,9/13/20,35279,415,112,0,179
Idaho,9/14/20,35532,419,253,4,180
Idaho,9/15/20,35810,423,278,4,181
Idaho,9/16/20,36093,429,283,6,182
Idaho,9/17/20,36489,434,396,5,183
Idaho,9/18/20,36959,438,470,4,184
Idaho,9/19/20,37247,441,288,3,185
Idaho,9/20/20,37491,443,244,2,186
Idaho,9/21/20,37901,447,410,4,187
Idaho,9/22/20,38347,451,446,4,188
Idaho,9/23/20,38743,454,396,3,189
Idaho,9/24/20,39234,457,491,3,190
Idaho,9/25/20,39757,458,523,1,191
Idaho,9/26/20,40296,460,539,2,192
Idaho,9/27/20,40501,460,205,0,193
Idaho,9/28/20,40923,460,422,0,194
Idaho,9/29/20,41434,464,511,4,195
Idaho,9/30/20,42048,469,614,5,196
Idaho,10/1/20,42561,472,513,3,197
Idaho,10/2/20,43238,474,677,2,198
Idaho,10/3/20,43702,480,464,6,199
Idaho,10/4/20,43964,482,262,2,200
Idaho,10/5/20,44422,487,458,5,201
Idaho,10/6/20,45082,492,660,5,202
Idaho,10/7/20,45753,500,671,8,203
Idaho,10/8/20,46426,503,673,3,204
Idaho,10/9/20,47088,506,662,3,205
Idaho,10/10/20,47701,507,613,1,206
Idaho,10/11/20,48066,507,365,0,207
Idaho,10/12/20,48663,510,597,3,208
Idaho,10/13/20,49247,512,584,2,209
Idaho,10/14/20,49892,516,645,4,210
Idaho,10/15/20,50610,517,718,1,211
Idaho,10/16/20,51704,523,1094,6,212
Idaho,10/17/20,52582,529,878,6,213
Idaho,10/18/20,53092,528,510,-1,214
Idaho,10/19/20,53790,531,698,3,215
Idaho,10/20/20,54663,535,873,4,216
Idaho,10/21/20,55650,546,987,11,217
Idaho,10/22/20,56600,553,950,7,218
Idaho,10/23/20,57673,562,1073,9,219
Idaho,10/24/20,58694,572,1021,10,220
Idaho,10/25/20,59344,573,650,1,221
Idaho,10/26/20,60041,580,697,7,222
Idaho,10/27/20,60923,585,882,5,223
Idaho,10/28/20,61785,599,862,14,224
Idaho,10/29/20,62746,615,961,16,225
Idaho,10/30/20,63810,626,1064,11,226
Idaho,10/31/20,64608,629,798,3,227
Idaho,11/1/20,65088,630,480,1,228
Idaho,11/2/20,65845,632,757,2,229
Idaho,11/3/20,67024,647,1179,15,230
Idaho,11/4/20,68314,664,1290,17,231
Idaho,11/5/20,69579,671,1265,7,232
Idaho,11/6/20,70909,679,1330,8,233
Idaho,11/7/20,72312,683,1403,4,234
Idaho,11/8/20,72961,686,649,3,235
Idaho,11/9/20,74227,698,1266,12,236
Idaho,11/10/20,75428,714,1201,16,237
Idaho,11/11/20,77121,733,1693,19,238
Idaho,11/12/20,78279,749,1158,16,239
Idaho,11/13/20,79798,752,1519,3,240
Idaho,11/14/20,81317,759,1519,7,241
Idaho,11/15/20,82245,759,928,0,242
Idaho,11/16/20,83344,763,1099,4,243
Idaho,11/17/20,85125,798,1781,35,244
Idaho,11/18/20,86435,812,1310,14,245
Idaho,11/19/20,87978,835,1543,23,246
Idaho,11/20/20,89764,845,1786,10,247
Idaho,11/21/20,90834,847,1070,2,248
Idaho,11/22/20,91653,849,819,2,249
Idaho,11/23/20,93090,866,1437,17,250
Idaho,11/24/20,94730,874,1640,8,251
Idaho,11/25/20,96503,895,1773,21,252
Idaho,11/26/20,96503,895,0,0,253
Idaho,11/27/20,98500,909,1997,14,254
Idaho,11/28/20,99660,913,1160,4,255
Idaho,11/29/20,100484,920,824,7,256
Idaho,11/30/20,101698,929,1214,9,257
Idaho,12/1/20,103305,960,1607,31,258
Idaho,12/2/20,104734,991,1429,31,259
Idaho,12/3/20,106455,1014,1721,23,260
Idaho,12/4/20,108366,1032,1911,18,261
Idaho,12/5/20,109705,1032,1339,0,262
Idaho,12/6/20,110510,1035,805,3,263
Idaho,12/7/20,111893,1055,1383,20,264
Idaho,12/8/20,113905,1074,2012,19,265
Idaho,12/9/20,116203,1103,2298,29,266
Idaho,12/10/20,118028,1136,1825,33,267
Idaho,12/11/20,119610,1151,1582,15,268
Idaho,12/12/20,120632,1169,1022,18,269
Idaho,12/13/20,121179,1175,547,6,270
Idaho,12/14/20,122217,1194,1038,19,271
Idaho,12/15/20,124019,1214,1802,20,272
Idaho,12/16/20,125452,1231,1433,17,273
Idaho,12/17/20,126878,1259,1426,28,274
Idaho,12/18/20,128218,1275,1340,16,275
Idaho,12/19/20,129069,1275,851,0,276
Idaho,12/20/20,129960,1280,891,5,277
Idaho,12/21/20,130877,1301,917,21,278
Idaho,12/22/20,132594,1313,1717,12,279
Idaho,12/23/20,133985,1324,1391,11,280
Idaho,12/24/20,135233,1349,1248,25,281
Idaho,12/25/20,135233,1349,0,0,282
Idaho,12/26/20,135787,1354,554,5,283
Idaho,12/27/20,136215,1354,428,0,284
Idaho,12/28/20,137010,1377,795,23,285
Idaho,12/29/20,138524,1393,1514,16,286
Idaho,12/30/20,139864,1403,1340,10,287
Idaho,12/31/20,141077,1436,1213,33,288
Idaho,1/1/21,141077,1436,0,0,289
Idaho,1/2/21,142199,1448,1122,12,290
Idaho,1/3/21,142507,1448,308,0,291
Idaho,1/4/21,143305,1459,798,11,292
Idaho,1/5/21,144843,1471,1538,12,293
Idaho,1/6/21,146106,1488,1263,17,294
Idaho,1/7/21,147173,1517,1067,29,295
Idaho,1/8/21,148258,1523,1085,6,296
Idaho,1/9/21,149235,1528,977,5,297
Idaho,1/10/21,149667,1534,432,6,298
Idaho,1/11/21,150239,1544,572,10,299
Idaho,1/12/21,151273,1556,1034,12,300
Idaho,1/13/21,152364,1564,1091,8,301
Idaho,1/14/21,153358,1591,994,27,302
Idaho,1/15/21,154470,1603,1112,12,303
Idaho,1/16/21,155276,1605,806,2,304
Idaho,1/17/21,155554,1607,278,2,305
Idaho,1/18/21,155554,1607,0,0,306
Idaho,1/19/21,156778,1637,1224,30,307
Idaho,1/20/21,157588,1635,810,-2,308
Idaho,1/21/21,158200,1654,612,19,309
Idaho,1/22/21,158798,1667,598,13,310
Idaho,1/23/21,159325,1668,527,1,311
Idaho,1/24/21,159506,1669,181,1,312
Idaho,1/25/21,160033,1681,527,12,313
Idaho,1/26/21,160592,1688,559,7,314
Idaho,1/27/21,161212,1714,620,26,315
Idaho,1/28/21,161720,1721,508,7,316
