state,date,confirmed,deaths,new_confirmed,new_deaths,tagged_day
Montana,3/19/20,11,0,1,0,1
Montana,3/20/20,20,0,9,0,2
Montana,3/21/20,27,0,7,0,3
Montana,3/22/20,34,0,7,0,4
Montana,3/23/20,34,0,0,0,5
Montana,3/24/20,51,0,17,0,6
Montana,3/25/20,65,0,14,0,7
Montana,3/26/20,90,0,25,0,8
Montana,3/27/20,109,1,19,1,9
Montana,3/28/20,129,1,20,0,10
Montana,3/29/20,154,1,25,0,11
Montana,3/30/20,171,5,17,4,12
Montana,3/31/20,198,5,27,0,13
Montana,4/1/20,208,6,10,1,14
Montana,4/2/20,241,6,33,0,15
Montana,4/3/20,243,5,2,-1,16
Montana,4/4/20,265,6,22,1,17
Montana,4/5/20,286,6,21,0,18
Montana,4/6/20,299,6,13,0,19
Montana,4/7/20,319,6,20,0,20
Montana,4/8/20,332,6,13,0,21
Montana,4/9/20,354,6,22,0,22
Montana,4/10/20,365,6,11,0,23
Montana,4/11/20,377,6,12,0,24
Montana,4/12/20,387,6,10,0,25
Montana,4/13/20,394,7,7,1,26
Montana,4/14/20,399,7,5,0,27
Montana,4/15/20,404,7,5,0,28
Montana,4/16/20,415,7,11,0,29
Montana,4/17/20,422,8,7,1,30
Montana,4/18/20,426,10,4,2,31
Montana,4/19/20,433,10,7,0,32
Montana,4/20/20,433,10,0,0,33
Montana,4/21/20,437,12,4,2,34
Montana,4/22/20,439,14,2,2,35
Montana,4/23/20,442,14,3,0,36
Montana,4/24/20,444,14,2,0,37
Montana,4/25/20,445,14,1,0,38
Montana,4/26/20,448,14,3,0,39
Montana,4/27/20,449,14,1,0,40
Montana,4/28/20,451,15,2,1,41
Montana,4/29/20,451,16,0,1,42
Montana,4/30/20,453,16,2,0,43
Montana,5/1/20,453,16,0,0,44
Montana,5/2/20,455,16,2,0,45
Montana,5/3/20,455,16,0,0,46
Montana,5/4/20,457,16,2,0,47
Montana,5/5/20,456,16,-1,0,48
Montana,5/6/20,456,16,0,0,49
Montana,5/7/20,456,16,0,0,50
Montana,5/8/20,458,16,2,0,51
Montana,5/9/20,458,16,0,0,52
Montana,5/10/20,458,16,0,0,53
Montana,5/11/20,459,16,1,0,54
Montana,5/12/20,461,16,2,0,55
Montana,5/13/20,462,16,1,0,56
Montana,5/14/20,462,16,0,0,57
Montana,5/15/20,466,16,4,0,58
Montana,5/16/20,468,16,2,0,59
Montana,5/17/20,468,16,0,0,60
Montana,5/18/20,470,16,2,0,61
Montana,5/19/20,471,16,1,0,62
Montana,5/20/20,478,16,7,0,63
Montana,5/21/20,479,16,1,0,64
Montana,5/22/20,479,16,0,0,65
Montana,5/23/20,479,16,0,0,66
Montana,5/24/20,479,16,0,0,67
Montana,5/25/20,479,16,0,0,68
Montana,5/26/20,479,17,0,1,69
Montana,5/27/20,481,17,2,0,70
Montana,5/28/20,485,17,4,0,71
Montana,5/29/20,493,17,8,0,72
Montana,5/30/20,505,17,12,0,73
Montana,5/31/20,515,17,10,0,74
Montana,6/1/20,519,17,4,0,75
Montana,6/2/20,523,17,4,0,76
Montana,6/3/20,525,17,2,0,77
Montana,6/4/20,539,17,14,0,78
Montana,6/5/20,541,18,2,1,79
Montana,6/6/20,540,18,-1,0,80
Montana,6/7/20,545,18,5,0,81
Montana,6/8/20,548,18,3,0,82
Montana,6/9/20,554,18,6,0,83
Montana,6/10/20,561,18,7,0,84
Montana,6/11/20,563,18,2,0,85
Montana,6/12/20,573,18,10,0,86
Montana,6/13/20,588,18,15,0,87
Montana,6/14/20,601,19,13,1,88
Montana,6/15/20,609,19,8,0,89
Montana,6/16/20,614,19,5,0,90
Montana,6/17/20,630,20,16,1,91
Montana,6/18/20,655,20,25,0,92
Montana,6/19/20,666,20,11,0,93
Montana,6/20/20,698,20,32,0,94
Montana,6/21/20,717,20,19,0,95
Montana,6/22/20,734,21,17,1,96
Montana,6/23/20,743,21,9,0,97
Montana,6/24/20,766,21,23,0,98
Montana,6/25/20,803,21,37,0,99
Montana,6/26/20,829,22,26,1,100
Montana,6/27/20,852,22,23,0,101
Montana,6/28/20,863,22,11,0,102
Montana,6/29/20,919,22,56,0,103
Montana,6/30/20,967,22,48,0,104
Montana,7/1/20,1016,22,49,0,105
Montana,7/2/20,1083,22,67,0,106
Montana,7/3/20,1128,23,45,1,107
Montana,7/4/20,1167,23,39,0,108
Montana,7/5/20,1212,23,45,0,109
Montana,7/6/20,1249,23,37,0,110
Montana,7/7/20,1327,23,78,0,111
Montana,7/8/20,1371,23,44,0,112
Montana,7/9/20,1466,25,95,2,113
Montana,7/10/20,1593,28,127,3,114
Montana,7/11/20,1677,29,84,1,115
Montana,7/12/20,1758,29,81,0,116
Montana,7/13/20,1843,32,85,3,117
Montana,7/14/20,1952,34,109,2,118
Montana,7/15/20,2096,34,144,0,119
Montana,7/16/20,2231,35,135,1,120
Montana,7/17/20,2366,37,135,2,121
Montana,7/18/20,2471,37,105,0,122
Montana,7/19/20,2533,37,62,0,123
Montana,7/20/20,2620,39,87,2,124
Montana,7/21/20,2711,40,91,1,125
Montana,7/22/20,2812,42,101,2,126
Montana,7/23/20,2909,43,97,1,127
Montana,7/24/20,3038,46,129,3,128
Montana,7/25/20,3259,46,221,0,129
Montana,7/26/20,3341,46,82,0,130
Montana,7/27/20,3380,47,39,1,131
Montana,7/28/20,3474,51,94,4,132
Montana,7/29/20,3676,54,202,3,133
Montana,7/30/20,3814,55,138,1,134
Montana,7/31/20,3965,60,151,5,135
Montana,8/1/20,4081,61,116,1,136
Montana,8/2/20,4193,61,112,0,137
Montana,8/3/20,4233,64,40,3,138
Montana,8/4/20,4314,64,81,0,139
Montana,8/5/20,4429,65,115,1,140
Montana,8/6/20,4602,65,173,0,141
Montana,8/7/20,4757,70,155,5,142
Montana,8/8/20,4889,75,132,5,143
Montana,8/9/20,4952,75,63,0,144
Montana,8/10/20,5017,75,65,0,145
Montana,8/11/20,5104,77,87,2,146
Montana,8/12/20,5268,80,164,3,147
Montana,8/13/20,5407,81,139,1,148
Montana,8/14/20,5541,81,134,0,149
Montana,8/15/20,5659,82,118,1,150
Montana,8/16/20,5750,82,91,0,151
Montana,8/17/20,5792,82,42,0,152
Montana,8/18/20,5846,84,54,2,153
Montana,8/19/20,5956,84,110,0,154
Montana,8/20/20,6072,89,116,5,155
Montana,8/21/20,6216,89,144,0,156
Montana,8/22/20,6376,90,160,1,157
Montana,8/23/20,6429,90,53,0,158
Montana,8/24/20,6489,91,60,1,159
Montana,8/25/20,6624,97,135,6,160
Montana,8/26/20,6785,98,161,1,161
Montana,8/27/20,6929,98,144,0,162
Montana,8/28/20,7063,100,134,2,163
Montana,8/29/20,7251,104,188,4,164
Montana,8/30/20,7340,104,89,0,165
Montana,8/31/20,7421,104,81,0,166
Montana,9/1/20,7509,105,88,1,167
Montana,9/2/20,7691,109,182,4,168
Montana,9/3/20,7871,111,180,2,169
Montana,9/4/20,8019,114,148,3,170
Montana,9/5/20,8164,116,145,2,171
Montana,9/6/20,8264,117,100,1,172
Montana,9/7/20,8316,118,52,1,173
Montana,9/8/20,8381,119,65,1,174
Montana,9/9/20,8468,122,87,3,175
Montana,9/10/20,8663,123,195,1,176
Montana,9/11/20,8785,131,122,8,177
Montana,9/12/20,8925,133,140,2,178
Montana,9/13/20,9021,135,96,2,179
Montana,9/14/20,9107,138,86,3,180
Montana,9/15/20,9244,140,137,2,181
Montana,9/16/20,9431,141,187,1,182
Montana,9/17/20,9647,143,216,2,183
Montana,9/18/20,9871,146,224,3,184
Montana,9/19/20,10163,156,292,10,185
Montana,9/20/20,10299,157,136,1,186
Montana,9/21/20,10429,160,130,3,187
Montana,9/22/20,10700,163,271,3,188
Montana,9/23/20,10912,165,212,2,189
Montana,9/24/20,11242,165,330,0,190
Montana,9/25/20,11564,170,322,5,191
Montana,9/26/20,11907,171,343,1,192
Montana,9/27/20,12107,173,200,2,193
Montana,9/28/20,12413,174,306,1,194
Montana,9/29/20,12724,177,311,3,195
Montana,9/30/20,13071,180,347,3,196
Montana,10/1/20,13500,181,429,1,197
Montana,10/2/20,13855,186,355,5,198
Montana,10/3/20,14356,186,501,0,199
Montana,10/4/20,14635,187,279,1,200
Montana,10/5/20,14847,190,212,3,201
Montana,10/6/20,15347,192,500,2,202
Montana,10/7/20,16063,193,716,1,203
Montana,10/8/20,16677,197,614,4,204
Montana,10/9/20,17399,206,722,9,205
Montana,10/10/20,18117,209,718,3,206
Montana,10/11/20,18702,210,585,1,207
Montana,10/12/20,19125,212,423,2,208
Montana,10/13/20,19611,217,486,5,209
Montana,10/14/20,20210,225,599,8,210
Montana,10/15/20,20933,230,723,5,211
Montana,10/16/20,21595,235,662,5,212
Montana,10/17/20,22225,239,630,4,213
Montana,10/18/20,22821,241,596,2,214
Montana,10/19/20,23390,241,569,0,215
Montana,10/20/20,24093,252,703,11,216
Montana,10/21/20,24712,275,619,23,217
Montana,10/22/20,25640,278,928,3,218
Montana,10/23/20,26503,282,863,4,219
Montana,10/24/20,27142,294,639,12,220
Montana,10/25/20,27880,297,738,3,221
Montana,10/26/20,28501,303,621,6,222
Montana,10/27/20,29346,305,845,2,223
Montana,10/28/20,29966,325,620,20,224
Montana,10/29/20,30853,337,887,12,225
Montana,10/30/20,31916,364,1063,27,226
Montana,10/31/20,32801,375,885,11,227
Montana,11/1/20,33495,376,694,1,228
Montana,11/2/20,34252,386,757,10,229
Montana,11/3/20,35159,399,907,13,230
Montana,11/4/20,35955,404,796,5,231
Montana,11/5/20,36968,407,1013,3,232
Montana,11/6/20,37947,419,979,12,233
Montana,11/7/20,38948,445,1001,26,234
Montana,11/8/20,39679,456,731,11,235
Montana,11/9/20,40053,457,374,1,236
Montana,11/10/20,41151,462,1098,5,237
Montana,11/11/20,42070,472,919,10,238
Montana,11/12/20,43031,472,961,0,239
Montana,11/13/20,44244,477,1213,5,240
Montana,11/14/20,45886,514,1642,37,241
Montana,11/15/20,47158,520,1272,6,242
Montana,11/16/20,48027,522,869,2,243
Montana,11/17/20,49398,543,1371,21,244
Montana,11/18/20,50582,561,1184,18,245
Montana,11/19/20,51818,561,1236,0,246
Montana,11/20/20,53293,567,1475,6,247
Montana,11/21/20,54542,600,1249,33,248
Montana,11/22/20,55680,603,1138,3,249
Montana,11/23/20,56381,614,701,11,250
Montana,11/24/20,57504,630,1123,16,251
Montana,11/25/20,58565,652,1061,22,252
Montana,11/26/20,59682,658,1117,6,253
Montana,11/27/20,59796,657,114,-1,254
Montana,11/28/20,60845,669,1049,12,255
Montana,11/29/20,61801,671,956,2,256
Montana,11/30/20,62198,681,397,10,257
Montana,12/1/20,63205,698,1007,17,258
Montana,12/2/20,64340,713,1135,15,259
Montana,12/3/20,65122,722,782,9,260
Montana,12/4/20,66436,727,1314,5,261
Montana,12/5/20,67069,734,633,7,262
Montana,12/6/20,67875,736,806,2,263
Montana,12/7/20,68591,742,716,6,264
Montana,12/8/20,69346,763,755,21,265
Montana,12/9/20,70133,771,787,8,266
Montana,12/10/20,70892,781,759,10,267
Montana,12/11/20,71870,805,978,24,268
Montana,12/12/20,72644,816,774,11,269
Montana,12/13/20,73303,818,659,2,270
Montana,12/14/20,73303,818,0,0,271
Montana,12/15/20,74040,826,737,8,272
Montana,12/16/20,74644,836,604,10,273
Montana,12/17/20,75483,849,839,13,274
Montana,12/18/20,75992,854,509,5,275
Montana,12/19/20,76619,864,627,10,276
Montana,12/20/20,77170,865,551,1,277
Montana,12/21/20,77324,881,154,16,278
Montana,12/22/20,77947,895,623,14,279
Montana,12/23/20,78522,914,575,19,280
Montana,12/24/20,78929,916,407,2,281
Montana,12/25/20,78929,916,0,0,282
Montana,12/26/20,79433,919,504,3,283
Montana,12/27/20,79780,924,347,5,284
Montana,12/28/20,79999,927,219,3,285
Montana,12/29/20,80426,939,427,12,286
Montana,12/30/20,81300,950,874,11,287
Montana,12/31/20,81555,961,255,11,288
Montana,1/1/21,81555,961,0,0,289
Montana,1/2/21,81944,971,389,10,290
Montana,1/3/21,82381,972,437,1,291
Montana,1/4/21,82664,975,283,3,292
Montana,1/5/21,83378,1005,714,30,293
Montana,1/6/21,84060,1015,682,10,294
Montana,1/7/21,84750,1038,690,23,295
Montana,1/8/21,85568,1049,818,11,296
Montana,1/9/21,86102,1054,534,5,297
Montana,1/10/21,86324,1056,222,2,298
Montana,1/11/21,86653,1057,329,1,299
Montana,1/12/21,87077,1067,424,10,300
Montana,1/13/21,87653,1069,576,2,301
Montana,1/14/21,88110,1077,457,8,302
Montana,1/15/21,88635,1086,525,9,303
Montana,1/16/21,89056,1088,421,2,304
Montana,1/17/21,89393,1092,337,4,305
Montana,1/18/21,89576,1093,183,1,306
Montana,1/19/21,89864,1093,288,0,307
Montana,1/20/21,90255,1094,391,1,308
Montana,1/21/21,90649,1100,394,6,309
Montana,1/22/21,91049,1104,400,4,310
Montana,1/23/21,91410,1141,361,37,311
Montana,1/24/21,91652,1151,242,10,312
Montana,1/25/21,91816,1151,164,0,313
Montana,1/26/21,92160,1185,344,34,314
Montana,1/27/21,92531,1201,371,16,315
Montana,1/28/21,92934,1210,403,9,316
