country,date,confirmed,deaths,new_confirmed,new_deaths,tagged_day
Mauritius,3/22/20,28,2,14,1,1
Mauritius,3/23/20,36,2,8,0,2
Mauritius,3/24/20,42,2,6,0,3
Mauritius,3/25/20,48,2,6,0,4
Mauritius,3/26/20,81,2,33,0,5
Mauritius,3/27/20,94,2,13,0,6
Mauritius,3/28/20,102,2,8,0,7
Mauritius,3/29/20,107,3,5,1,8
Mauritius,3/30/20,128,3,21,0,9
Mauritius,3/31/20,143,5,15,2,10
Mauritius,4/1/20,161,6,18,1,11
Mauritius,4/2/20,169,7,8,1,12
Mauritius,4/3/20,186,7,17,0,13
Mauritius,4/4/20,196,7,10,0,14
Mauritius,4/5/20,227,7,31,0,15
Mauritius,4/6/20,244,7,17,0,16
Mauritius,4/7/20,268,7,24,0,17
Mauritius,4/8/20,273,7,5,0,18
Mauritius,4/9/20,314,7,41,0,19
Mauritius,4/10/20,318,9,4,2,20
Mauritius,4/11/20,319,9,1,0,21
Mauritius,4/12/20,324,9,5,0,22
Mauritius,4/13/20,324,9,0,0,23
Mauritius,4/14/20,324,9,0,0,24
Mauritius,4/15/20,324,9,0,0,25
Mauritius,4/16/20,324,9,0,0,26
Mauritius,4/17/20,324,9,0,0,27
Mauritius,4/18/20,325,9,1,0,28
Mauritius,4/19/20,328,9,3,0,29
Mauritius,4/20/20,328,9,0,0,30
Mauritius,4/21/20,328,9,0,0,31
Mauritius,4/22/20,329,9,1,0,32
Mauritius,4/23/20,331,9,2,0,33
Mauritius,4/24/20,331,9,0,0,34
Mauritius,4/25/20,331,9,0,0,35
Mauritius,4/26/20,332,9,1,0,36
Mauritius,4/27/20,334,10,2,1,37
Mauritius,4/28/20,334,10,0,0,38
Mauritius,4/29/20,332,10,-2,0,39
Mauritius,4/30/20,332,10,0,0,40
Mauritius,5/1/20,332,10,0,0,41
Mauritius,5/2/20,332,10,0,0,42
Mauritius,5/3/20,332,10,0,0,43
Mauritius,5/4/20,332,10,0,0,44
Mauritius,5/5/20,332,10,0,0,45
Mauritius,5/6/20,332,10,0,0,46
Mauritius,5/7/20,332,10,0,0,47
Mauritius,5/8/20,332,10,0,0,48
Mauritius,5/9/20,332,10,0,0,49
Mauritius,5/10/20,332,10,0,0,50
Mauritius,5/11/20,332,10,0,0,51
Mauritius,5/12/20,332,10,0,0,52
Mauritius,5/13/20,332,10,0,0,53
Mauritius,5/14/20,332,10,0,0,54
Mauritius,5/15/20,332,10,0,0,55
Mauritius,5/16/20,332,10,0,0,56
Mauritius,5/17/20,332,10,0,0,57
Mauritius,5/18/20,332,10,0,0,58
Mauritius,5/19/20,332,10,0,0,59
Mauritius,5/20/20,332,10,0,0,60
Mauritius,5/21/20,332,10,0,0,61
Mauritius,5/22/20,332,10,0,0,62
Mauritius,5/23/20,332,10,0,0,63
Mauritius,5/24/20,334,10,2,0,64
Mauritius,5/25/20,334,10,0,0,65
Mauritius,5/26/20,334,10,0,0,66
Mauritius,5/27/20,334,10,0,0,67
Mauritius,5/28/20,334,10,0,0,68
Mauritius,5/29/20,335,10,1,0,69
Mauritius,5/30/20,335,10,0,0,70
Mauritius,5/31/20,335,10,0,0,71
Mauritius,6/1/20,335,10,0,0,72
Mauritius,6/2/20,335,10,0,0,73
Mauritius,6/3/20,335,10,0,0,74
Mauritius,6/4/20,335,10,0,0,75
Mauritius,6/5/20,337,10,2,0,76
Mauritius,6/6/20,337,10,0,0,77
Mauritius,6/7/20,337,10,0,0,78
Mauritius,6/8/20,337,10,0,0,79
Mauritius,6/9/20,337,10,0,0,80
Mauritius,6/10/20,337,10,0,0,81
Mauritius,6/11/20,337,10,0,0,82
