state,date,confirmed,deaths,new_confirmed,new_deaths,tagged_day
Arizona,3/14/20,12,0,3,0,1
Arizona,3/15/20,12,0,0,0,2
Arizona,3/16/20,18,0,6,0,3
Arizona,3/17/20,20,0,2,0,4
Arizona,3/18/20,27,0,7,0,5
Arizona,3/19/20,45,0,18,0,6
Arizona,3/20/20,68,0,23,0,7
Arizona,3/21/20,104,1,36,1,8
Arizona,3/22/20,152,2,48,1,9
Arizona,3/23/20,235,2,83,0,10
Arizona,3/24/20,326,5,91,3,11
Arizona,3/25/20,401,6,75,1,12
Arizona,3/26/20,508,8,107,2,13
Arizona,3/27/20,665,13,157,5,14
Arizona,3/28/20,773,15,108,2,15
Arizona,3/29/20,919,17,146,2,16
Arizona,3/30/20,1157,20,238,3,17
Arizona,3/31/20,1289,25,132,5,18
Arizona,4/1/20,1413,32,124,7,19
Arizona,4/2/20,1596,35,183,3,20
Arizona,4/3/20,1769,44,173,9,21
Arizona,4/4/20,2019,52,250,8,22
Arizona,4/5/20,2269,64,250,12,23
Arizona,4/6/20,2460,65,191,1,24
Arizona,4/7/20,2575,73,115,8,25
Arizona,4/8/20,2726,89,151,16,26
Arizona,4/9/20,3018,98,292,9,27
Arizona,4/10/20,3112,106,94,8,28
Arizona,4/11/20,3393,117,281,11,29
Arizona,4/12/20,3542,125,149,8,30
Arizona,4/13/20,3705,132,163,7,31
Arizona,4/14/20,3809,143,104,11,32
Arizona,4/15/20,3964,155,155,12,33
Arizona,4/16/20,4237,164,273,9,34
Arizona,4/17/20,4511,183,274,19,35
Arizona,4/18/20,4724,180,213,-3,36
Arizona,4/19/20,4933,184,209,4,37
Arizona,4/20/20,5068,191,135,7,38
Arizona,4/21/20,5256,208,188,17,39
Arizona,4/22/20,5473,231,217,23,40
Arizona,4/23/20,5772,249,299,18,41
Arizona,4/24/20,6045,266,273,17,42
Arizona,4/25/20,6286,273,241,7,43
Arizona,4/26/20,6534,275,248,2,44
Arizona,4/27/20,6725,275,191,0,45
Arizona,4/28/20,6955,275,230,0,46
Arizona,4/29/20,7209,308,254,33,47
Arizona,4/30/20,7655,320,446,12,48
Arizona,5/1/20,7969,330,314,10,49
Arizona,5/2/20,8364,330,395,0,50
Arizona,5/3/20,8640,362,276,32,51
Arizona,5/4/20,8924,362,284,0,52
Arizona,5/5/20,9305,395,381,33,53
Arizona,5/6/20,9707,426,402,31,54
Arizona,5/7/20,9945,450,238,24,55
Arizona,5/8/20,10526,517,581,67,56
Arizona,5/9/20,10960,532,434,15,57
Arizona,5/10/20,11119,536,159,4,58
Arizona,5/11/20,11383,542,264,6,59
Arizona,5/12/20,11736,562,353,20,60
Arizona,5/13/20,12216,595,480,33,61
Arizona,5/14/20,12674,624,458,29,62
Arizona,5/15/20,13169,651,495,27,63
Arizona,5/16/20,13666,679,497,28,64
Arizona,5/17/20,13945,680,279,1,65
Arizona,5/18/20,14208,687,263,7,66
Arizona,5/19/20,14576,705,368,18,67
Arizona,5/20/20,14906,747,330,42,68
Arizona,5/21/20,15348,764,442,17,69
Arizona,5/22/20,15624,775,276,11,70
Arizona,5/23/20,16053,801,429,26,71
Arizona,5/24/20,16377,801,324,0,72
Arizona,5/25/20,16575,807,198,6,73
Arizona,5/26/20,16864,810,289,3,74
Arizona,5/27/20,17318,834,454,24,75
Arizona,5/28/20,17877,860,559,26,76
Arizona,5/29/20,18472,886,595,26,77
Arizona,5/30/20,19258,904,786,18,78
Arizona,5/31/20,19936,907,678,3,79
Arizona,6/1/20,20129,918,193,11,80
Arizona,6/2/20,21264,943,1135,25,81
Arizona,6/3/20,22356,983,1092,40,82
Arizona,6/4/20,22886,999,530,16,83
Arizona,6/5/20,24439,1015,1553,16,84
Arizona,6/6/20,25451,1043,1012,28,85
Arizona,6/7/20,26989,1051,1538,8,86
Arizona,6/8/20,27678,1053,689,2,87
Arizona,6/9/20,28296,1076,618,23,88
Arizona,6/10/20,29852,1101,1556,25,89
Arizona,6/11/20,31267,1135,1415,34,90
Arizona,6/12/20,33039,1156,1772,21,91
Arizona,6/13/20,34660,1189,1621,33,92
Arizona,6/14/20,35706,1191,1046,2,93
Arizona,6/15/20,36844,1203,1138,12,94
Arizona,6/16/20,39185,1228,2341,25,95
Arizona,6/17/20,40937,1249,1752,21,96
Arizona,6/18/20,43445,1283,2508,34,97
Arizona,6/19/20,46910,1321,3465,38,98
Arizona,6/20/20,50127,1346,3217,25,99
Arizona,6/21/20,52591,1349,2464,3,100
Arizona,6/22/20,54599,1351,2008,2,101
Arizona,6/23/20,58378,1396,3779,45,102
Arizona,6/24/20,60190,1467,1812,71,103
Arizona,6/25/20,63281,1495,3091,28,104
Arizona,6/26/20,66659,1536,3378,41,105
Arizona,6/27/20,70124,1580,3465,44,106
Arizona,6/28/20,73920,1594,3796,14,107
Arizona,6/29/20,74545,1598,625,4,108
Arizona,6/30/20,79228,1645,4683,47,109
Arizona,7/1/20,84105,1725,4877,80,110
Arizona,7/2/20,87445,1764,3340,39,111
Arizona,7/3/20,91872,1798,4427,34,112
Arizona,7/4/20,94567,1817,2695,19,113
Arizona,7/5/20,98103,1825,3536,8,114
Arizona,7/6/20,101455,1829,3352,4,115
Arizona,7/7/20,105094,1927,3639,98,116
Arizona,7/8/20,108614,1963,3520,36,117
Arizona,7/9/20,112671,2038,4057,75,118
Arizona,7/10/20,116892,2082,4221,44,119
Arizona,7/11/20,119930,2151,3038,69,120
Arizona,7/12/20,122467,2237,2537,86,121
Arizona,7/13/20,123824,2246,1357,9,122
Arizona,7/14/20,128097,2337,4273,91,123
Arizona,7/15/20,131354,2434,3257,97,124
Arizona,7/16/20,134613,2492,3259,58,125
Arizona,7/17/20,138523,2583,3910,91,126
Arizona,7/18/20,141265,2730,2742,147,127
Arizona,7/19/20,143624,2761,2359,31,128
Arizona,7/20/20,145183,2784,1559,23,129
Arizona,7/21/20,148683,2918,3500,134,130
Arizona,7/22/20,150609,2974,1926,56,131
Arizona,7/23/20,152944,3063,2335,89,132
Arizona,7/24/20,156301,3143,3357,80,133
Arizona,7/25/20,160041,3286,3740,143,134
Arizona,7/26/20,162014,3305,1973,19,135
Arizona,7/27/20,163827,3304,1813,-1,136
Arizona,7/28/20,165934,3408,2107,104,137
Arizona,7/29/20,168273,3454,2339,46,138
Arizona,7/30/20,170798,3626,2525,172,139
Arizona,7/31/20,174010,3694,3212,68,140
Arizona,8/1/20,177002,3747,2992,53,141
Arizona,8/2/20,178467,3765,1465,18,142
Arizona,8/3/20,179497,3779,1030,14,143
Arizona,8/4/20,180505,3845,1008,66,144
Arizona,8/5/20,182203,3932,1698,87,145
Arizona,8/6/20,183656,4002,1453,70,146
Arizona,8/7/20,185053,4081,1397,79,147
Arizona,8/8/20,186107,4137,1054,56,148
Arizona,8/9/20,186923,4150,816,13,149
Arizona,8/10/20,187523,4154,600,4,150
Arizona,8/11/20,188737,4199,1214,45,151
Arizona,8/12/20,189443,4347,706,148,152
Arizona,8/13/20,190794,4383,1351,36,153
Arizona,8/14/20,191721,4423,927,40,154
Arizona,8/15/20,192654,4492,933,69,155
Arizona,8/16/20,193537,4506,883,14,156
Arizona,8/17/20,194005,4506,468,0,157
Arizona,8/18/20,194920,4529,915,23,158
Arizona,8/19/20,195557,4634,637,105,159
Arizona,8/20/20,196280,4684,723,50,160
Arizona,8/21/20,196899,4688,619,4,161
Arizona,8/22/20,197895,4756,996,68,162
Arizona,8/23/20,198103,4771,208,15,163
Arizona,8/24/20,198414,4771,311,0,164
Arizona,8/25/20,199273,4792,859,21,165
Arizona,8/26/20,199459,4896,186,104,166
Arizona,8/27/20,200139,4929,680,33,167
Arizona,8/28/20,200658,4978,519,49,168
Arizona,8/29/20,201287,5007,629,29,169
Arizona,8/30/20,201661,5030,374,23,170
Arizona,8/31/20,201835,5029,174,-1,171
Arizona,9/1/20,202342,5044,507,15,172
Arizona,9/2/20,202861,5065,519,21,173
Arizona,9/3/20,203953,5130,1092,65,174
Arizona,9/4/20,204681,5171,728,41,175
Arizona,9/5/20,205517,5207,836,36,176
Arizona,9/6/20,205767,5221,250,14,177
Arizona,9/7/20,205964,5219,197,-2,178
Arizona,9/8/20,206045,5221,81,2,179
Arizona,9/9/20,206541,5251,496,30,180
Arizona,9/10/20,207002,5273,461,22,181
Arizona,9/11/20,207523,5288,521,15,182
Arizona,9/12/20,208128,5315,605,27,183
Arizona,9/13/20,208512,5322,384,7,184
Arizona,9/14/20,208725,5322,213,0,185
Arizona,9/15/20,209209,5344,484,22,186
Arizona,9/16/20,209907,5371,698,27,187
Arizona,9/17/20,211660,5409,1753,38,188
Arizona,9/18/20,212942,5451,1282,42,189
Arizona,9/19/20,213551,5467,609,16,190
Arizona,9/20/20,214021,5477,470,10,191
Arizona,9/21/20,214251,5478,230,1,192
Arizona,9/22/20,214846,5498,595,20,193
Arizona,9/23/20,215284,5525,438,27,194
Arizona,9/24/20,215852,5559,568,34,195
Arizona,9/25/20,216367,5587,515,28,196
Arizona,9/26/20,216826,5622,459,35,197
Arizona,9/27/20,217237,5623,411,1,198
Arizona,9/28/20,217510,5624,273,1,199
Arizona,9/29/20,218184,5632,674,8,200
Arizona,9/30/20,218507,5650,323,18,201
Arizona,10/1/20,219212,5674,705,24,202
Arizona,10/2/20,219763,5693,551,19,203
Arizona,10/3/20,220399,5705,636,12,204
Arizona,10/4/20,220754,5706,355,1,205
Arizona,10/5/20,221070,5707,316,1,206
Arizona,10/6/20,221934,5713,864,6,207
Arizona,10/7/20,222538,5733,604,20,208
Arizona,10/8/20,223401,5743,863,10,209
Arizona,10/9/20,224084,5746,683,3,210
Arizona,10/10/20,224978,5759,894,13,211
Arizona,10/11/20,225575,5759,597,0,212
Arizona,10/12/20,226050,5759,475,0,213
Arizona,10/13/20,226734,5767,684,8,214
Arizona,10/14/20,227635,5772,901,5,215
Arizona,10/15/20,228748,5789,1113,17,216
Arizona,10/16/20,229486,5806,738,17,217
Arizona,10/17/20,230459,5824,973,18,218
Arizona,10/18/20,231149,5827,690,3,219
Arizona,10/19/20,231897,5830,748,3,220
Arizona,10/20/20,232937,5837,1040,7,221
Arizona,10/21/20,233912,5854,975,17,222
Arizona,10/22/20,234906,5859,994,5,223
Arizona,10/23/20,235882,5865,976,6,224
Arizona,10/24/20,236772,5869,890,4,225
Arizona,10/25/20,238163,5874,1391,5,226
Arizona,10/26/20,238964,5875,801,1,227
Arizona,10/27/20,240122,5891,1158,16,228
Arizona,10/28/20,241165,5905,1043,14,229
Arizona,10/29/20,242480,5918,1315,13,230
Arizona,10/30/20,244045,5934,1565,16,231
Arizona,10/31/20,245946,5979,1901,45,232
Arizona,11/1/20,247473,5979,1527,0,233
Arizona,11/2/20,248139,5982,666,3,234
Arizona,11/3/20,249818,6020,1679,38,235
Arizona,11/4/20,250633,6059,815,39,236
Arizona,11/5/20,252768,6087,2135,28,237
Arizona,11/6/20,254764,6109,1996,22,238
Arizona,11/7/20,257384,6147,2620,38,239
Arizona,11/8/20,259264,6164,1880,17,240
Arizona,11/9/20,259699,6164,435,0,241
Arizona,11/10/20,263133,6192,3434,28,242
Arizona,11/11/20,265163,6228,2030,36,243
Arizona,11/12/20,266562,6240,1399,12,244
Arizona,11/13/20,269577,6257,3015,17,245
Arizona,11/14/20,273053,6300,3476,43,246
Arizona,11/15/20,275436,6302,2383,2,247
Arizona,11/16/20,276912,6302,1476,0,248
Arizona,11/17/20,279896,6312,2984,10,249
Arizona,11/18/20,283102,6365,3206,53,250
Arizona,11/19/20,287225,6384,4123,19,251
Arizona,11/20/20,291696,6427,4471,43,252
Arizona,11/21/20,295334,6457,3638,30,253
Arizona,11/22/20,299665,6464,4331,7,254
Arizona,11/23/20,302324,6464,2659,0,255
Arizona,11/24/20,306868,6515,4544,51,256
Arizona,11/25/20,310850,6524,3982,9,257
Arizona,11/26/20,314324,6568,3474,44,258
Arizona,11/27/20,318638,6588,4314,20,259
Arizona,11/28/20,322774,6624,4136,36,260
Arizona,11/29/20,325995,6634,3221,10,261
Arizona,11/30/20,326817,6639,822,5,262
Arizona,12/1/20,337139,6687,10322,48,263
Arizona,12/2/20,340979,6739,3840,52,264
Arizona,12/3/20,346421,6821,5442,82,265
Arizona,12/4/20,352101,6885,5680,64,266
Arizona,12/5/20,358900,6925,6799,40,267
Arizona,12/6/20,364276,6950,5376,25,268
Arizona,12/7/20,365843,6950,1567,0,269
Arizona,12/8/20,378157,6973,12314,23,270
Arizona,12/9/20,382601,7081,4444,108,271
Arizona,12/10/20,387529,7154,4928,73,272
Arizona,12/11/20,394512,7245,6983,91,273
Arizona,12/12/20,402589,7322,8077,77,274
Arizona,12/13/20,408442,7357,5853,35,275
Arizona,12/14/20,420248,7358,11806,1,276
Arizona,12/15/20,424382,7422,4134,64,277
Arizona,12/16/20,429219,7530,4837,108,278
Arizona,12/17/20,435036,7677,5817,147,279
Arizona,12/18/20,442671,7819,7635,142,280
Arizona,12/19/20,448231,7937,5560,118,281
Arizona,12/20/20,453597,7971,5366,34,282
Arizona,12/21/20,461345,7972,7748,1,283
Arizona,12/22/20,467215,8125,5870,153,284
Arizona,12/23/20,473273,8179,6058,54,285
Arizona,12/24/20,480319,8294,7046,115,286
Arizona,12/25/20,486935,8409,6616,115,287
Arizona,12/26/20,493041,8424,6106,15,288
Arizona,12/27/20,494337,8427,1296,3,289
Arizona,12/28/20,504423,8469,10086,42,290
Arizona,12/29/20,507222,8640,2799,171,291
Arizona,12/30/20,512489,8718,5267,78,292
Arizona,12/31/20,520207,8864,7718,146,293
Arizona,1/1/21,530267,9015,10060,151,294
Arizona,1/2/21,539150,9061,8883,46,295
Arizona,1/3/21,556384,9061,17234,0,296
Arizona,1/4/21,561542,9064,5158,3,297
Arizona,1/5/21,567474,9317,5932,253,298
Arizona,1/6/21,574680,9444,7206,127,299
Arizona,1/7/21,584593,9741,9913,297,300
Arizona,1/8/21,596251,9938,11658,197,301
Arizona,1/9/21,607345,10036,11094,98,302
Arizona,1/10/21,618546,10141,11201,105,303
Arizona,1/11/21,627541,10147,8995,6,304
Arizona,1/12/21,636100,10482,8559,335,305
Arizona,1/13/21,641729,10673,5629,191,306
Arizona,1/14/21,649040,10855,7311,182,307
Arizona,1/15/21,658186,11040,9146,185,308
Arizona,1/16/21,666901,11248,8715,208,309
Arizona,1/17/21,673882,11266,6981,18,310
Arizona,1/18/21,679282,11265,5400,-1,311
Arizona,1/19/21,685699,11266,6417,1,312
Arizona,1/20/21,690544,11528,4845,262,313
Arizona,1/21/21,699942,11772,9398,244,314
Arizona,1/22/21,708041,12001,8099,229,315
Arizona,1/23/21,715357,12170,7316,169,316
Arizona,1/24/21,722574,12238,7217,68,317
Arizona,1/25/21,727895,12239,5321,1,318
Arizona,1/26/21,732643,12448,4748,209,319
Arizona,1/27/21,738561,12643,5918,195,320
Arizona,1/28/21,743232,12819,4671,176,321
Arizona,1/29/21,748260,13022,5028,203,322
Arizona,1/30/21,753379,13098,5119,76,323
Arizona,1/31/21,758404,13120,5025,22,324
Arizona,2/1/21,762145,13124,3741,4,325
Arizona,2/2/21,765083,13362,2938,238,326
Arizona,2/3/21,767379,13576,2296,214,327
Arizona,2/4/21,771796,13752,4417,176,328
Arizona,2/5/21,775622,13948,3826,196,329
Arizona,2/6/21,779093,14011,3471,63,330
Arizona,2/7/21,780637,14048,1544,37,331
Arizona,2/8/21,782887,14055,2250,7,332
Arizona,2/9/21,787268,14286,4381,231,333
Arizona,2/10/21,789245,14462,1977,176,334
Arizona,2/11/21,791106,14662,1861,200,335
Arizona,2/12/21,793532,14834,2426,172,336
Arizona,2/13/21,795323,14948,1791,114,337
Arizona,2/14/21,797270,14978,1947,30,338
Arizona,2/15/21,798608,14978,1338,0,339
Arizona,2/16/21,799740,14981,1132,3,340
Arizona,2/17/21,801055,15063,1315,82,341
Arizona,2/18/21,802198,15276,1143,213,342
Arizona,2/19/21,804116,15421,1918,145,343
Arizona,2/20/21,806163,15480,2047,59,344
Arizona,2/21/21,807967,15505,1804,25,345
Arizona,2/22/21,809474,15502,1507,-3,346
Arizona,2/23/21,810658,15650,1184,148,347
Arizona,2/24/21,811968,15693,1310,43,348
Arizona,2/25/21,812907,15814,939,121,349
Arizona,2/26/21,814528,15897,1621,83,350
Arizona,2/27/21,815707,15967,1179,70,351
Arizona,2/28/21,816782,15980,1075,13,352
Arizona,3/1/21,817821,15979,1039,-1,353
Arizona,3/2/21,818670,16060,849,81,354
Arizona,3/3/21,819954,16089,1284,29,355
Arizona,3/4/21,821108,16185,1154,96,356
Arizona,3/5/21,823384,16269,2276,84,357
Arizona,3/6/21,825119,16323,1735,54,358
Arizona,3/7/21,826454,16328,1335,5,359
Arizona,3/8/21,827237,16328,783,0,360
Arizona,3/9/21,827800,16326,563,-2,361
Arizona,3/10/21,828630,16404,830,78,362
Arizona,3/11/21,830655,16461,2025,57,363
Arizona,3/12/21,831832,16519,1177,58,364
