state,date,confirmed,deaths,new_confirmed,new_deaths,tagged_day
Arkansas,3/14/20,12,0,3,0,1
Arkansas,3/19/20,62,0,58,0,2
Arkansas,3/20/20,100,0,38,0,3
Arkansas,3/21/20,122,0,22,0,4
Arkansas,3/22/20,165,0,43,0,5
Arkansas,3/23/20,192,0,27,0,6
Arkansas,3/24/20,219,2,27,2,7
Arkansas,3/25/20,280,2,61,0,8
Arkansas,3/26/20,335,2,55,0,9
Arkansas,3/27/20,381,3,46,1,10
Arkansas,3/28/20,409,5,28,2,11
Arkansas,3/29/20,426,6,17,1,12
Arkansas,3/30/20,473,7,47,1,13
Arkansas,3/31/20,523,8,50,1,14
Arkansas,4/1/20,584,10,61,2,15
Arkansas,4/2/20,643,12,59,2,16
Arkansas,4/3/20,704,12,61,0,17
Arkansas,4/4/20,743,14,39,2,18
Arkansas,4/5/20,837,16,94,2,19
Arkansas,4/6/20,875,16,38,0,20
Arkansas,4/7/20,946,18,71,2,21
Arkansas,4/8/20,1000,18,54,0,22
Arkansas,4/9/20,1119,21,119,3,23
Arkansas,4/10/20,1171,21,52,0,24
Arkansas,4/11/20,1228,25,57,4,25
Arkansas,4/12/20,1280,27,52,2,26
Arkansas,4/13/20,1410,29,130,2,27
Arkansas,4/14/20,1498,32,88,3,28
Arkansas,4/15/20,1569,33,71,1,29
Arkansas,4/16/20,1620,37,51,4,30
Arkansas,4/17/20,1695,37,75,0,31
Arkansas,4/18/20,1744,38,49,1,32
Arkansas,4/19/20,1781,39,37,1,33
Arkansas,4/20/20,1973,41,192,2,34
Arkansas,4/21/20,1990,42,17,1,35
Arkansas,4/22/20,2276,42,286,0,36
Arkansas,4/23/20,2599,45,323,3,37
Arkansas,4/24/20,2810,47,211,2,38
Arkansas,4/25/20,2911,48,101,1,39
Arkansas,4/26/20,3001,51,90,3,40
Arkansas,4/27/20,3069,51,68,0,41
Arkansas,4/28/20,3127,57,58,6,42
Arkansas,4/29/20,3193,57,66,0,43
Arkansas,4/30/20,3281,61,88,4,44
Arkansas,5/1/20,3337,64,56,3,45
Arkansas,5/2/20,3372,72,35,8,46
Arkansas,5/3/20,3437,76,65,4,47
Arkansas,5/4/20,3491,80,54,4,48
Arkansas,5/5/20,3525,83,34,3,49
Arkansas,5/6/20,3611,87,86,4,50
Arkansas,5/7/20,3703,87,92,0,51
Arkansas,5/8/20,3747,88,44,1,52
Arkansas,5/9/20,3747,88,0,0,53
Arkansas,5/10/20,4012,91,265,3,54
Arkansas,5/11/20,4043,94,31,3,55
Arkansas,5/12/20,4164,95,121,1,56
Arkansas,5/13/20,4236,97,72,2,57
Arkansas,5/14/20,4366,98,130,1,58
Arkansas,5/15/20,4463,98,97,0,59
Arkansas,5/16/20,4578,98,115,0,60
Arkansas,5/17/20,4759,98,181,0,61
Arkansas,5/18/20,4813,100,54,2,62
Arkansas,5/19/20,4923,102,110,2,63
Arkansas,5/20/20,5003,107,80,5,64
Arkansas,5/21/20,5458,110,455,3,65
Arkansas,5/22/20,5612,113,154,3,66
Arkansas,5/23/20,5775,115,163,2,67
Arkansas,5/24/20,5922,116,147,1,68
Arkansas,5/25/20,6029,117,107,1,69
Arkansas,5/26/20,6180,119,151,2,70
Arkansas,5/27/20,6277,120,97,1,71
Arkansas,5/28/20,6538,125,261,5,72
Arkansas,5/29/20,6777,132,239,7,73
Arkansas,5/30/20,7013,133,236,1,74
Arkansas,5/31/20,7253,133,240,0,75
Arkansas,6/1/20,7443,133,190,0,76
Arkansas,6/2/20,7818,136,375,3,77
Arkansas,6/3/20,8067,142,249,6,78
Arkansas,6/4/20,8425,151,358,9,79
Arkansas,6/5/20,8651,152,226,1,80
Arkansas,6/6/20,9101,154,450,2,81
Arkansas,6/7/20,9426,154,325,0,82
Arkansas,6/8/20,9740,155,314,1,83
Arkansas,6/9/20,10080,161,340,6,84
Arkansas,6/10/20,10368,165,288,4,85
Arkansas,6/11/20,10816,171,448,6,86
Arkansas,6/12/20,11547,176,731,5,87
Arkansas,6/13/20,12095,177,548,1,88
Arkansas,6/14/20,12501,179,406,2,89
Arkansas,6/15/20,12917,182,416,3,90
Arkansas,6/16/20,13191,188,274,6,91
Arkansas,6/17/20,13606,197,415,9,92
Arkansas,6/18/20,13928,208,322,11,93
Arkansas,6/19/20,14631,214,703,6,94
Arkansas,6/20/20,15142,224,511,10,95
Arkansas,6/21/20,15561,225,419,1,96
Arkansas,6/22/20,16083,227,522,2,97
Arkansas,6/23/20,16678,237,595,10,98
Arkansas,6/24/20,17375,240,697,3,99
Arkansas,6/25/20,18062,240,687,0,100
Arkansas,6/26/20,18740,249,678,9,101
Arkansas,6/27/20,19310,259,570,10,102
Arkansas,6/28/20,19818,264,508,5,103
Arkansas,6/29/20,20257,265,439,1,104
Arkansas,6/30/20,20777,270,520,5,105
Arkansas,7/1/20,21197,277,420,7,106
Arkansas,7/2/20,22075,279,878,2,107
Arkansas,7/3/20,22622,281,547,2,108
Arkansas,7/4/20,23209,286,587,5,109
Arkansas,7/5/20,23814,287,605,1,110
Arkansas,7/6/20,24253,292,439,5,111
Arkansas,7/7/20,24512,301,259,9,112
Arkansas,7/8/20,25246,305,734,4,113
Arkansas,7/9/20,26052,309,806,4,114
Arkansas,7/10/20,26803,313,751,4,115
Arkansas,7/11/20,27864,319,1061,6,116
Arkansas,7/12/20,28367,321,503,2,117
Arkansas,7/13/20,28939,323,572,2,118
Arkansas,7/14/20,29812,331,873,8,119
Arkansas,7/15/20,30297,335,485,4,120
Arkansas,7/16/20,31114,341,817,6,121
Arkansas,7/17/20,31762,353,648,12,122
Arkansas,7/18/20,32533,357,771,4,123
Arkansas,7/19/20,33228,357,695,0,124
Arkansas,7/20/20,33927,363,699,6,125
Arkansas,7/21/20,34655,374,728,11,126
Arkansas,7/22/20,35246,380,591,6,127
Arkansas,7/23/20,36259,386,1013,6,128
Arkansas,7/24/20,37249,394,990,8,129
Arkansas,7/25/20,37981,399,732,5,130
Arkansas,7/26/20,38623,401,642,2,131
Arkansas,7/27/20,39447,408,824,7,132
Arkansas,7/28/20,40181,428,734,20,133
Arkansas,7/29/20,40968,434,787,6,134
Arkansas,7/30/20,41759,442,791,8,135
Arkansas,7/31/20,42511,453,752,11,136
Arkansas,8/1/20,43173,458,662,5,137
Arkansas,8/2/20,43810,464,637,6,138
Arkansas,8/3/20,44597,475,787,11,139
Arkansas,8/4/20,45381,490,784,15,140
Arkansas,8/5/20,46293,508,912,18,141
Arkansas,8/6/20,47028,515,735,7,142
Arkansas,8/7/20,48039,521,1011,6,143
Arkansas,8/8/20,48811,535,772,14,144
Arkansas,8/9/20,49383,544,572,9,145
Arkansas,8/10/20,50028,555,645,11,146
Arkansas,8/11/20,50411,566,383,11,147
Arkansas,8/12/20,51096,572,685,6,148
Arkansas,8/13/20,51766,582,670,10,149
Arkansas,8/14/20,52392,587,626,5,150
Arkansas,8/15/20,51992,600,-400,13,151
Arkansas,8/16/20,52665,599,673,-1,152
Arkansas,8/17/20,53077,603,412,4,153
Arkansas,8/18/20,53487,619,410,16,154
Arkansas,8/19/20,54216,631,729,12,155
Arkansas,8/20/20,54765,641,549,10,156
Arkansas,8/21/20,55652,663,887,22,157
Arkansas,8/22/20,56199,674,547,11,158
Arkansas,8/23/20,56574,687,375,13,159
Arkansas,8/24/20,56894,696,320,9,160
Arkansas,8/25/20,57374,711,480,15,161
Arkansas,8/26/20,58023,732,649,21,162
Arkansas,8/27/20,58745,739,722,7,163
Arkansas,8/28/20,59583,756,838,17,164
Arkansas,8/29/20,60378,772,795,16,165
Arkansas,8/30/20,60856,784,478,12,166
Arkansas,8/31/20,61224,797,368,13,167
Arkansas,9/1/20,61497,814,273,17,168
Arkansas,9/2/20,62112,841,615,27,169
Arkansas,9/3/20,63081,861,969,20,170
Arkansas,9/4/20,64175,873,1094,12,171
Arkansas,9/5/20,64690,882,515,9,172
Arkansas,9/6/20,65377,894,687,12,173
Arkansas,9/7/20,65727,908,350,14,174
Arkansas,9/8/20,66021,917,294,9,175
Arkansas,9/9/20,66406,928,385,11,176
Arkansas,9/10/20,66804,940,398,12,177
Arkansas,9/11/20,67911,953,1107,13,178
Arkansas,9/12/20,69710,969,1799,16,179
Arkansas,9/13/20,70219,981,509,12,180
Arkansas,9/14/20,70627,992,408,11,181
Arkansas,9/15/20,71497,1150,870,158,182
Arkansas,9/16/20,72219,1157,722,7,183
Arkansas,9/17/20,73211,1166,992,9,184
Arkansas,9/18/20,74082,1173,871,7,185
Arkansas,9/19/20,75160,1181,1078,8,186
Arkansas,9/20/20,75723,1181,563,0,187
Arkansas,9/21/20,76364,1197,641,16,188
Arkansas,9/22/20,76981,1209,617,12,189
Arkansas,9/23/20,77963,1229,982,20,190
Arkansas,9/24/20,79049,1246,1086,17,191
Arkansas,9/25/20,79946,1266,897,20,192
Arkansas,9/26/20,80755,1285,809,19,193
Arkansas,9/27/20,81242,1308,487,23,194
Arkansas,9/28/20,82049,1329,807,21,195
Arkansas,9/29/20,82755,1350,706,21,196
Arkansas,9/30/20,83697,1369,942,19,197
Arkansas,10/1/20,84821,1384,1124,15,198
Arkansas,10/2/20,85779,1391,958,7,199
Arkansas,10/3/20,86525,1407,746,16,200
Arkansas,10/4/20,87013,1425,488,18,201
Arkansas,10/5/20,87430,1447,417,22,202
Arkansas,10/6/20,88071,1469,641,22,203
Arkansas,10/7/20,88880,1482,809,13,204
Arkansas,10/8/20,90145,1503,1265,21,205
Arkansas,10/9/20,91312,1530,1167,27,206
Arkansas,10/10/20,92220,1552,908,22,207
Arkansas,10/11/20,92833,1569,613,17,208
Arkansas,10/12/20,93487,1586,654,17,209
Arkansas,10/13/20,94167,1611,680,25,210
Arkansas,10/14/20,95246,1634,1079,23,211
Arkansas,10/15/20,96524,1645,1278,11,212
Arkansas,10/16/20,97539,1665,1015,20,213
Arkansas,10/17/20,98422,1684,883,19,214
Arkansas,10/18/20,99066,1704,644,20,215
Arkansas,10/19/20,99597,1714,531,10,216
Arkansas,10/20/20,100441,1728,844,14,217
Arkansas,10/21/20,101596,1751,1155,23,218
Arkansas,10/22/20,102798,1772,1202,21,219
Arkansas,10/23/20,104135,1782,1337,10,220
Arkansas,10/24/20,105318,1797,1183,15,221
Arkansas,10/25/20,106115,1812,797,15,222
Arkansas,10/26/20,106727,1833,612,21,223
Arkansas,10/27/20,107679,1857,952,24,224
Arkansas,10/28/20,108640,1875,961,18,225
Arkansas,10/29/20,109712,1894,1072,19,226
Arkansas,10/30/20,110874,1900,1162,6,227
Arkansas,10/31/20,112190,1925,1316,25,228
Arkansas,11/1/20,113057,1958,867,33,229
Arkansas,11/2/20,113641,1985,584,27,230
Arkansas,11/3/20,114519,2003,878,18,231
Arkansas,11/4/20,115812,2026,1293,23,232
Arkansas,11/5/20,117360,2037,1548,11,233
Arkansas,11/6/20,119230,2056,1870,19,234
Arkansas,11/7/20,120828,2068,1598,12,235
Arkansas,11/8/20,121866,2085,1038,17,236
Arkansas,11/9/20,122811,2108,945,23,237
Arkansas,11/10/20,124235,2112,1424,4,238
Arkansas,11/11/20,126197,2126,1962,14,239
Arkansas,11/12/20,128006,2144,1809,18,240
Arkansas,11/13/20,130318,2148,2312,4,241
Arkansas,11/14/20,132166,2159,1848,11,242
Arkansas,11/15/20,133040,2183,874,24,243
Arkansas,11/16/20,134348,2225,1308,42,244
Arkansas,11/17/20,135902,2245,1554,20,245
Arkansas,11/18/20,137617,2275,1715,30,246
Arkansas,11/19/20,139855,2297,2238,22,247
Arkansas,11/20/20,141916,2321,2061,24,248
Arkansas,11/21/20,143821,2337,1905,16,249
Arkansas,11/22/20,145173,2357,1352,20,250
Arkansas,11/23/20,146190,2387,1017,30,251
Arkansas,11/24/20,148312,2405,2122,18,252
Arkansas,11/25/20,150277,2425,1965,20,253
Arkansas,11/26/20,152625,2436,2348,11,254
Arkansas,11/27/20,153677,2436,1052,0,255
Arkansas,11/28/20,155026,2449,1349,13,256
Arkansas,11/29/20,156247,2470,1221,21,257
Arkansas,11/30/20,157359,2502,1112,32,258
Arkansas,12/1/20,159309,2512,1950,10,259
Arkansas,12/2/20,161521,2522,2212,10,260
Arkansas,12/3/20,164310,2555,2789,33,261
Arkansas,12/4/20,167137,2586,2827,31,262
Arkansas,12/5/20,169382,2620,2245,34,263
Arkansas,12/6/20,170924,2660,1542,40,264
Arkansas,12/7/20,172042,2713,1118,53,265
Arkansas,12/8/20,174325,2752,2283,39,266
Arkansas,12/9/20,176652,2786,2327,34,267
Arkansas,12/10/20,178854,2820,2202,34,268
Arkansas,12/11/20,181624,2875,2770,55,269
Arkansas,12/12/20,184252,2911,2628,36,270
Arkansas,12/13/20,185702,2945,1450,34,271
Arkansas,12/14/20,187057,2990,1355,45,272
Arkansas,12/15/20,189198,3016,2141,26,273
Arkansas,12/16/20,191504,3074,2306,58,274
Arkansas,12/17/20,194543,3112,3039,38,275
Arkansas,12/18/20,197421,3139,2878,27,276
Arkansas,12/19/20,200114,3191,2693,52,277
Arkansas,12/20/20,201650,3237,1536,46,278
Arkansas,12/21/20,203107,3295,1457,58,279
Arkansas,12/22/20,205048,3338,1941,43,280
Arkansas,12/23/20,207941,3376,2893,38,281
Arkansas,12/24/20,211145,3406,3204,30,282
Arkansas,12/25/20,213267,3438,2122,32,283
Arkansas,12/26/20,213969,3441,702,3,284
Arkansas,12/27/20,214877,3482,908,41,285
Arkansas,12/28/20,216528,3537,1651,55,286
Arkansas,12/29/20,219246,3603,2718,66,287
Arkansas,12/30/20,222430,3637,3184,34,288
Arkansas,12/31/20,225138,3676,2708,39,289
Arkansas,1/1/21,229442,3711,4304,35,290
Arkansas,1/2/21,231442,3729,2000,18,291
Arkansas,1/3/21,233475,3749,2033,20,292
Arkansas,1/4/21,234781,3800,1306,51,293
Arkansas,1/5/21,238888,3836,4107,36,294
Arkansas,1/6/21,242593,3901,3705,65,295
Arkansas,1/7/21,245916,3926,3323,25,296
Arkansas,1/8/21,248860,3966,2944,40,297
Arkansas,1/9/21,251746,4010,2886,44,298
Arkansas,1/10/21,255076,4043,3330,33,299
Arkansas,1/11/21,256344,4081,1268,38,300
Arkansas,1/12/21,259553,4121,3209,40,301
Arkansas,1/13/21,262020,4186,2467,65,302
Arkansas,1/14/21,264511,4228,2491,42,303
Arkansas,1/15/21,267635,4263,3124,35,304
Arkansas,1/16/21,270178,4293,2543,30,305
Arkansas,1/17/21,271154,4311,976,18,306
Arkansas,1/18/21,272263,4343,1109,32,307
Arkansas,1/19/21,273594,4386,1331,43,308
Arkansas,1/20/21,276114,4441,2520,55,309
Arkansas,1/21/21,279220,4496,3106,55,310
Arkansas,1/22/21,281382,4549,2162,53,311
Arkansas,1/23/21,282995,4563,1613,14,312
Arkansas,1/24/21,284066,4606,1071,43,313
Arkansas,1/25/21,284702,4650,636,44,314
Arkansas,1/26/21,287187,4690,2485,40,315
Arkansas,1/27/21,288964,4742,1777,52,316
Arkansas,1/28/21,290856,4784,1892,42,317
Arkansas,1/29/21,292563,4831,1707,47,318
Arkansas,1/30/21,294387,4838,1824,7,319
Arkansas,1/31/21,295268,4868,881,30,320
Arkansas,2/1/21,296494,4895,1226,27,321
Arkansas,2/2/21,298004,4939,1510,44,322
Arkansas,2/3/21,300430,4985,2426,46,323
Arkansas,2/4/21,302899,5009,2469,24,324
Arkansas,2/5/21,304723,5050,1824,41,325
Arkansas,2/6/21,306064,5061,1341,11,326
Arkansas,2/7/21,306736,5076,672,15,327
Arkansas,2/8/21,307373,5106,637,30,328
Arkansas,2/9/21,308848,5148,1475,42,329
Arkansas,2/10/21,309940,5174,1092,26,330
Arkansas,2/11/21,311043,5199,1103,25,331
Arkansas,2/12/21,311608,5212,565,13,332
Arkansas,2/13/21,312562,5252,954,40,333
Arkansas,2/14/21,313028,5265,466,13,334
Arkansas,2/15/21,313348,5275,320,10,335
Arkansas,2/16/21,313525,5287,177,12,336
Arkansas,2/17/21,314192,5313,667,26,337
Arkansas,2/18/21,314445,5323,253,10,338
Arkansas,2/19/21,314713,5336,268,13,339
Arkansas,2/20/21,315230,5348,517,12,340
Arkansas,2/21/21,315514,5357,284,9,341
Arkansas,2/22/21,315759,5363,245,6,342
Arkansas,2/23/21,316593,5377,834,14,343
Arkansas,2/24/21,317396,5387,803,10,344
Arkansas,2/25/21,318122,5397,726,10,345
Arkansas,2/26/21,318638,5407,516,10,346
Arkansas,2/27/21,319195,5417,557,10,347
Arkansas,2/28/21,322415,5243,3220,-174,348
Arkansas,3/1/21,322509,5250,94,7,349
Arkansas,3/2/21,322949,5254,440,4,350
Arkansas,3/3/21,323353,5261,404,7,351
Arkansas,3/4/21,323756,5273,403,12,352
Arkansas,3/5/21,324326,5283,570,10,353
Arkansas,3/6/21,324653,5297,327,14,354
Arkansas,3/7/21,324818,5319,165,22,355
Arkansas,3/8/21,324951,5343,133,24,356
Arkansas,3/9/21,325383,5357,432,14,357
Arkansas,3/10/21,325700,5382,317,25,358
Arkansas,3/11/21,326040,5410,340,28,359
Arkansas,3/12/21,326499,5437,459,27,360
