state,date,confirmed,deaths,new_confirmed,new_deaths,tagged_day
New York,3/5/20,21,0,11,0,1
New York,3/6/20,24,0,3,0,2
New York,3/7/20,76,0,52,0,3
New York,3/8/20,105,0,29,0,4
New York,3/9/20,138,0,33,0,5
New York,3/10/20,152,0,14,0,6
New York,3/11/20,216,1,64,1,7
New York,3/12/20,296,1,80,0,8
New York,3/13/20,379,1,83,0,9
New York,3/14/20,557,5,178,4,10
New York,3/15/20,633,10,76,5,11
New York,3/16/20,961,21,328,11,12
New York,3/17/20,1407,35,446,14,13
New York,3/18/20,2507,60,1100,25,14
New York,3/19/20,4221,88,1714,28,15
New York,3/20/20,7660,143,3439,55,16
New York,3/21/20,10410,195,2750,52,17
New York,3/22/20,15191,249,4781,54,18
New York,3/23/20,20884,351,5693,102,19
New York,3/24/20,25681,475,4797,124,20
New York,3/25/20,30841,632,5160,157,21
New York,3/26/20,37397,867,6556,235,22
New York,3/27/20,44701,1139,7304,272,23
New York,3/28/20,52400,1492,7699,353,24
New York,3/29/20,59648,1874,7248,382,25
New York,3/30/20,66663,2286,7015,412,26
New York,3/31/20,75853,2775,9190,489,27
New York,4/1/20,90377,3411,14524,636,28
New York,4/2/20,100780,4138,10403,727,29
New York,4/3/20,111455,4899,10675,761,30
New York,4/4/20,121705,5686,10250,787,31
New York,4/5/20,132700,6596,10995,910,32
New York,4/6/20,142561,7657,9861,1061,33
New York,4/7/20,149974,8930,7413,1273,34
New York,4/8/20,160185,9879,10211,949,35
New York,4/9/20,172256,10929,12071,1050,36
New York,4/10/20,183729,11850,11473,921,37
New York,4/11/20,192262,12772,8533,922,38
New York,4/12/20,200635,13710,8373,938,39
New York,4/13/20,208488,14728,7853,1018,40
New York,4/14/20,215959,15608,7471,880,41
New York,4/15/20,222617,16394,6658,786,42
New York,4/16/20,230506,17137,7889,743,43
New York,4/17/20,237492,17614,6986,477,44
New York,4/18/20,244369,18175,6877,561,45
New York,4/19/20,251013,18699,6644,524,46
New York,4/20/20,257399,19670,6386,971,47
New York,4/21/20,262032,20341,4633,671,48
New York,4/22/20,266291,20859,4259,518,49
New York,4/23/20,271788,21516,5497,657,50
New York,4/24/20,278456,22069,6668,553,51
New York,4/25/20,287898,22505,9442,436,52
New York,4/26/20,293575,22910,5677,405,53
New York,4/27/20,297888,23391,4313,481,54
New York,4/28/20,300796,23726,2908,335,55
New York,4/29/20,303932,24172,3136,446,56
New York,4/30/20,308309,24542,4377,370,57
New York,5/1/20,312799,24911,4490,369,58
New York,5/2/20,317174,25201,4375,290,59
New York,5/3/20,320685,25484,3511,283,60
New York,5/4/20,323828,25837,3143,353,61
New York,5/5/20,325934,26119,2106,282,62
New York,5/6/20,328057,26689,2123,570,63
New York,5/7/20,331268,26916,3211,227,64
New York,5/8/20,334167,27233,2899,317,65
New York,5/9/20,336802,27454,2635,221,66
New York,5/10/20,339202,27627,2400,173,67
New York,5/11/20,341026,27824,1824,197,68
New York,5/12/20,342356,28042,1330,218,69
New York,5/13/20,343874,28247,1518,205,70
New York,5/14/20,346213,28408,2339,161,71
New York,5/15/20,348461,28673,2248,265,72
New York,5/16/20,350979,28845,2518,172,73
New York,5/17/20,353002,28971,2023,126,74
New York,5/18/20,354500,29454,1498,483,75
New York,5/19/20,355886,29652,1386,198,76
New York,5/20/20,357052,29717,1166,65,77
New York,5/21/20,358918,29790,1866,73,78
New York,5/22/20,360818,29864,1900,74,79
New York,5/23/20,362889,30032,2071,168,80
New York,5/24/20,364697,30125,1808,93,81
New York,5/25/20,366388,30249,1691,124,82
New York,5/26/20,367349,30276,961,27,83
New York,5/27/20,368282,30462,933,186,84
New York,5/28/20,369438,30482,1156,20,85
New York,5/29/20,371101,30578,1663,96,86
New York,5/30/20,372473,30649,1372,71,87
New York,5/31/20,373682,30699,1209,50,88
New York,6/1/20,374818,30832,1136,133,89
New York,6/2/20,375887,30910,1069,78,90
New York,6/3/20,376676,30964,789,54,91
New York,6/4/20,377888,31093,1212,129,92
New York,6/5/20,379011,31120,1123,27,93
New York,6/6/20,380066,31141,1055,21,94
New York,6/7/20,380923,31226,857,85,95
New York,6/8/20,381659,31287,736,61,96
New York,6/9/20,382257,31327,598,40,97
New York,6/10/20,382718,31390,461,63,98
New York,6/11/20,383528,31404,810,14,99
New York,6/12/20,384344,31554,816,150,100
New York,6/13/20,385104,31568,760,14,101
New York,6/14/20,385797,31595,693,27,102
New York,6/15/20,386464,31628,667,33,103
New York,6/16/20,386973,31678,509,50,104
New York,6/17/20,387384,31696,411,18,105
New York,6/18/20,388083,31728,699,32,106
New York,6/19/20,388907,31747,824,19,107
New York,6/20/20,389602,31817,695,70,108
New York,6/21/20,390268,31854,666,37,109
New York,6/22/20,390910,31890,642,36,110
New York,6/23/20,391411,31952,501,62,111
New York,6/24/20,391884,31974,473,22,112
New York,6/25/20,392698,32007,814,33,113
New York,6/26/20,393527,32030,829,23,114
New York,6/27/20,394261,32051,734,21,115
New York,6/28/20,394872,32078,611,27,116
New York,6/29/20,395406,32109,534,31,117
New York,6/30/20,395909,32070,503,-39,118
New York,7/1/20,396456,32088,547,18,119
New York,7/2/20,397363,32112,907,24,120
New York,7/3/20,398277,32192,914,80,121
New York,7/4/20,399054,32206,777,14,122
New York,7/5/20,399776,32244,722,38,123
New York,7/6/20,400298,32261,522,17,124
New York,7/7/20,400746,32283,448,22,125
New York,7/8/20,401314,32304,568,21,126
New York,7/9/20,402079,32327,765,23,127
New York,7/10/20,402999,32369,920,42,128
New York,7/11/20,403877,32380,878,11,129
New York,7/12/20,404624,32395,747,15,130
New York,7/13/20,405259,32418,635,23,131
New York,7/14/20,406132,32429,873,11,132
New York,7/15/20,406834,32448,702,19,133
New York,7/16/20,407724,32457,890,9,134
New York,7/17/20,408551,32484,827,27,135
New York,7/18/20,409380,32497,829,13,136
New York,7/19/20,410024,32516,644,19,137
New York,7/20/20,410698,32527,674,11,138
New York,7/21/20,411398,32539,700,12,139
New York,7/22/20,411954,32582,556,43,140
New York,7/23/20,412807,32591,853,9,141
New York,7/24/20,413557,32602,750,11,142
New York,7/25/20,414317,32612,760,10,143
New York,7/26/20,414945,32629,628,17,144
New York,7/27/20,415580,32639,635,10,145
New York,7/28/20,416085,32653,505,14,146
New York,7/29/20,416657,32654,572,1,147
New York,7/30/20,417454,32672,797,18,148
New York,7/31/20,418144,32675,690,3,149
New York,8/1/20,418899,32684,755,9,150
New York,8/2/20,419452,32697,553,13,151
New York,8/3/20,420042,32697,590,0,152
New York,8/4/20,420675,32703,633,6,153
New York,8/5/20,421159,32736,484,33,154
New York,8/6/20,421901,32741,742,5,155
New York,8/7/20,422479,32744,578,3,156
New York,8/8/20,423177,32753,698,9,157
New York,8/9/20,423751,32755,574,2,158
New York,8/10/20,424272,32764,521,9,159
New York,8/11/20,424854,32770,582,6,160
New York,8/12/20,425318,32778,464,8,161
New York,8/13/20,425960,32780,642,2,162
New York,8/14/20,426610,32798,650,18,163
New York,8/15/20,427302,32809,692,11,164
New York,8/16/20,427912,32816,610,7,165
New York,8/17/20,428385,32823,473,7,166
New York,8/18/20,428923,32835,538,12,167
New York,8/19/20,429440,32840,517,5,168
New York,8/20/20,430123,32837,683,-3,169
New York,8/21/20,430860,32833,737,-4,170
New York,8/22/20,431543,32839,683,6,171
New York,8/23/20,432085,32851,542,12,172
New York,8/24/20,432558,32852,473,1,173
New York,8/25/20,433113,32881,555,29,174
New York,8/26/20,433595,32887,482,6,175
New York,8/27/20,434393,32887,798,0,176
New York,8/28/20,435062,32890,669,3,177
New York,8/29/20,435756,32891,694,1,178
New York,8/30/20,436469,32909,713,18,179
New York,8/31/20,437154,32957,685,48,180
New York,9/1/20,437757,32966,603,9,181
New York,9/2/20,438405,32972,648,6,182
New York,9/3/20,439322,32976,917,4,183
New York,9/4/20,440192,32982,870,6,184
New York,9/5/20,441012,32987,820,5,185
New York,9/6/20,441748,32987,736,0,186
New York,9/7/20,442315,33002,567,15,187
New York,9/8/20,442817,33016,502,14,188
New York,9/9/20,443409,33019,592,3,189
New York,9/10/20,444071,33019,662,0,190
New York,9/11/20,445102,33019,1031,0,191
New York,9/12/20,446028,33023,926,4,192
New York,9/13/20,446862,33023,834,0,193
New York,9/14/20,447524,33030,662,7,194
New York,9/15/20,448213,33038,689,8,195
New York,9/16/20,448897,33042,684,4,196
New York,9/17/20,449922,33070,1025,28,197
New York,9/18/20,450753,33085,831,15,198
New York,9/19/20,451655,33081,902,-4,199
New York,9/20/20,452507,33087,852,6,200
New York,9/21/20,453142,33159,635,72,201
New York,9/22/20,453730,33263,588,104,202
New York,9/23/20,454299,33264,569,1,203
New York,9/24/20,455400,33269,1101,5,204
New York,9/25/20,456400,33283,1000,14,205
New York,9/26/20,457573,33286,1173,3,206
New York,9/27/20,458605,33293,1032,7,207
New York,9/28/20,459574,33302,969,9,208
New York,9/29/20,460553,33310,979,8,209
New York,9/30/20,461537,33324,984,14,210
New York,10/1/20,462861,33332,1324,8,211
New York,10/2/20,464620,33372,1759,40,212
New York,10/3/20,466307,33375,1687,3,213
New York,10/4/20,467693,33389,1386,14,214
New York,10/5/20,468840,33402,1147,13,215
New York,10/6/20,469989,33409,1149,7,216
New York,10/7/20,471207,33421,1218,12,217
New York,10/8/20,473285,33429,2078,8,218
New York,10/9/20,474894,33461,1609,32,219
New York,10/10/20,476397,33466,1503,5,220
New York,10/11/20,477671,33469,1274,3,221
New York,10/12/20,478925,33482,1254,13,222
New York,10/13/20,480129,33490,1204,8,223
New York,10/14/20,481227,33500,1098,10,224
New York,10/15/20,482765,33524,1538,24,225
New York,10/16/20,484512,33533,1747,9,226
New York,10/17/20,486207,33547,1695,14,227
New York,10/18/20,487719,33559,1512,12,228
New York,10/19/20,488928,33575,1209,16,229
New York,10/20/20,490166,33582,1238,7,230
New York,10/21/20,491882,33589,1716,7,231
New York,10/22/20,493774,33614,1892,25,232
New York,10/23/20,495608,33625,1834,11,233
New York,10/24/20,497732,33634,2124,9,234
New York,10/25/20,499652,33642,1920,8,235
New York,10/26/20,501197,33650,1545,8,236
New York,10/27/20,502978,33666,1781,16,237
New York,10/28/20,504689,33675,1711,9,238
New York,10/29/20,507040,33694,2351,19,239
New York,10/30/20,509368,33724,2328,30,240
New York,10/31/20,511761,33730,2393,6,241
New York,11/1/20,513883,33752,2122,22,242
New York,11/2/20,515753,33763,1870,11,243
New York,11/3/20,517822,33773,2069,10,244
New York,11/4/20,519890,33793,2068,20,245
New York,11/5/20,523107,33857,3217,64,246
New York,11/6/20,526318,33872,3211,15,247
New York,11/7/20,530218,33884,3900,12,248
New York,11/8/20,533797,33903,3579,19,249
New York,11/9/20,537243,33923,3446,20,250
New York,11/10/20,541200,33939,3957,16,251
New York,11/11/20,545453,33961,4253,22,252
New York,11/12/20,550678,33975,5225,14,253
New York,11/13/20,556344,33993,5666,18,254
New York,11/14/20,561921,34010,5577,17,255
New York,11/15/20,566113,34032,4192,22,256
New York,11/16/20,570323,34054,4210,22,257
New York,11/17/20,574935,34156,4612,102,258
New York,11/18/20,579811,34187,4876,31,259
New York,11/19/20,585635,34215,5824,28,260
New York,11/20/20,591368,34252,5733,37,261
New York,11/21/20,597680,34296,6312,44,262
New York,11/22/20,603360,34319,5680,23,263
New York,11/23/20,609797,34345,6437,26,264
New York,11/24/20,614679,34368,4882,23,265
New York,11/25/20,620712,34396,6033,28,266
New York,11/26/20,628024,34451,7312,55,267
New York,11/27/20,636302,34489,8278,38,268
New York,11/28/20,643163,34526,6861,37,269
New York,11/29/20,648641,34573,5478,47,270
New York,11/30/20,656413,34625,7772,52,271
New York,12/1/20,663500,34686,7087,61,272
New York,12/2/20,671635,34745,8135,59,273
New York,12/3/20,681783,34812,10148,67,274
New York,12/4/20,693629,34869,11846,57,275
New York,12/5/20,704683,34939,11054,70,276
New York,12/6/20,714834,34997,10151,58,277
New York,12/7/20,723287,35080,8453,83,278
New York,12/8/20,731722,35170,8435,90,279
New York,12/9/20,740980,35236,9258,66,280
New York,12/10/20,752104,35323,11124,87,281
New York,12/11/20,763228,35420,11124,97,282
New York,12/12/20,774228,35504,11000,84,283
New York,12/13/20,784815,35620,10587,116,284
New York,12/14/20,794953,35702,10138,82,285
New York,12/15/20,803917,35831,8964,129,286
New York,12/16/20,813336,35941,9419,110,287
New York,12/17/20,825059,36067,11723,126,288
New York,12/18/20,837711,36199,12652,132,289
New York,12/19/20,847778,36318,10067,119,290
New York,12/20/20,857083,36431,9305,113,291
New York,12/21/20,866888,36568,9805,137,292
New York,12/22/20,876281,36724,9393,156,293
New York,12/23/20,886813,36876,10532,152,294
New York,12/24/20,899837,37028,13024,152,295
New York,12/25/20,912885,37158,13048,130,296
New York,12/26/20,924014,37286,11129,128,297
New York,12/27/20,932022,37411,8008,125,298
New York,12/28/20,940290,37548,8268,137,299
New York,12/29/20,950473,37687,10183,139,300
New York,12/30/20,963390,37840,12917,153,301
New York,12/31/20,978783,37983,15393,143,302
New York,1/1/21,995816,38155,17033,172,303
New York,1/2/21,1011665,38273,15849,118,304
New York,1/3/21,1023897,38415,12232,142,305
New York,1/4/21,1035139,38599,11242,184,306
New York,1/5/21,1048281,38743,13142,144,307
New York,1/6/21,1064297,38912,16016,169,308
New York,1/7/21,1081885,39118,17588,206,309
New York,1/8/21,1101445,39282,19560,164,310
New York,1/9/21,1119284,39471,17839,189,311
New York,1/10/21,1135592,39632,16308,161,312
New York,1/11/21,1149771,39834,14179,202,313
New York,1/12/21,1164562,40020,14791,186,314
New York,1/13/21,1179266,40192,14704,172,315
New York,1/14/21,1193453,40435,14187,243,316
New York,1/15/21,1212922,40637,19469,202,317
New York,1/16/21,1228867,40806,15945,169,318
New York,1/17/21,1242561,40993,13694,187,319
New York,1/18/21,1255971,41173,13410,180,320
New York,1/19/21,1268692,41368,12721,195,321
New York,1/20/21,1279811,41587,11119,219,322
New York,1/21/21,1293719,41787,13908,200,323
New York,1/22/21,1309403,41974,15684,187,324
New York,1/23/21,1323312,42134,13909,160,325
New York,1/24/21,1335695,42325,12383,191,326
New York,1/25/21,1347667,42544,11972,219,327
New York,1/26/21,1358707,42726,11040,182,328
New York,1/27/21,1369072,42887,10365,161,329
New York,1/28/21,1382855,43093,13783,206,330
New York,1/29/21,1395806,43278,12951,185,331
New York,1/30/21,1408698,43453,12892,175,332
New York,1/31/21,1419907,43634,11209,181,333
New York,2/1/21,1428839,43805,8932,171,334
New York,2/2/21,1436788,43982,7949,177,335
New York,2/3/21,1443942,44148,7154,166,336
New York,2/4/21,1450912,44298,6970,150,337
New York,2/5/21,1458809,44466,7897,168,338
New York,2/6/21,1470301,44664,11492,198,339
New York,2/7/21,1480224,44839,9923,175,340
New York,2/8/21,1489196,44969,8972,130,341
New York,2/9/21,1497475,45140,8279,171,342
New York,2/10/21,1504059,45312,6584,172,343
New York,2/11/21,1514070,45453,10011,141,344
New York,2/12/21,1522785,45597,8715,144,345
New York,2/13/21,1531540,45751,8755,154,346
New York,2/14/21,1539870,45884,8330,133,347
New York,2/15/21,1546408,46000,6538,116,348
New York,2/16/21,1553117,46141,6709,141,349
New York,2/17/21,1559042,46267,5925,126,350
New York,2/18/21,1568624,46436,9582,169,351
New York,2/19/21,1577197,46593,8573,157,352
New York,2/20/21,1585435,46703,8238,110,353
New York,2/21/21,1591672,46812,6237,109,354
New York,2/22/21,1597969,46924,6297,112,355
New York,2/23/21,1604892,47037,6923,113,356
New York,2/24/21,1611031,47156,6139,119,357
New York,2/25/21,1619924,47264,8893,108,358
New York,2/26/21,1627998,47389,8074,125,359
New York,2/27/21,1636040,47498,8042,109,360
New York,2/28/21,1643867,47615,7827,117,361
New York,3/1/21,1650303,47719,6436,104,362
New York,3/2/21,1656684,47818,6381,99,363
New York,3/3/21,1663248,47935,6564,117,364
New York,3/4/21,1670716,48049,7468,114,365
New York,3/5/21,1678867,48153,8151,104,366
New York,3/6/21,1686993,48247,8126,94,367
New York,3/7/21,1694651,48335,7658,88,368
New York,3/8/21,1700091,48401,5440,66,369
New York,3/9/21,1706924,48481,6833,80,370
New York,3/10/21,1713030,48573,6106,92,371
New York,3/11/21,1720199,48690,7169,117,372
New York,3/12/21,1724425,48757,4226,67,373
