state,date,confirmed,deaths,new_confirmed,new_deaths,tagged_day
Virgin Islands,3/24/20,17,0,10,0,1
Virgin Islands,3/25/20,17,0,0,0,2
Virgin Islands,3/26/20,17,0,0,0,3
Virgin Islands,3/27/20,19,0,2,0,4
Virgin Islands,3/28/20,22,0,3,0,5
Virgin Islands,3/29/20,23,0,1,0,6
Virgin Islands,3/30/20,30,0,7,0,7
Virgin Islands,3/31/20,30,0,0,0,8
Virgin Islands,4/1/20,30,0,0,0,9
Virgin Islands,4/2/20,30,0,0,0,10
Virgin Islands,4/3/20,37,0,7,0,11
Virgin Islands,4/4/20,40,0,3,0,12
Virgin Islands,4/5/20,42,1,2,1,13
Virgin Islands,4/6/20,43,1,1,0,14
Virgin Islands,4/7/20,43,1,0,0,15
Virgin Islands,4/8/20,45,1,2,0,16
Virgin Islands,4/9/20,45,1,0,0,17
Virgin Islands,4/10/20,50,1,5,0,18
Virgin Islands,4/11/20,51,1,1,0,19
Virgin Islands,4/12/20,51,1,0,0,20
Virgin Islands,4/13/20,51,1,0,0,21
Virgin Islands,4/14/20,51,1,0,0,22
Virgin Islands,4/15/20,51,1,0,0,23
Virgin Islands,4/16/20,51,1,0,0,24
Virgin Islands,4/17/20,51,2,0,1,25
Virgin Islands,4/18/20,53,3,2,1,26
Virgin Islands,4/19/20,53,3,0,0,27
Virgin Islands,4/20/20,53,3,0,0,28
Virgin Islands,4/21/20,53,3,0,0,29
Virgin Islands,4/22/20,54,3,1,0,30
Virgin Islands,4/23/20,54,3,0,0,31
Virgin Islands,4/24/20,54,3,0,0,32
Virgin Islands,4/25/20,55,3,1,0,33
Virgin Islands,4/26/20,57,4,2,1,34
Virgin Islands,4/27/20,57,4,0,0,35
Virgin Islands,4/28/20,57,4,0,0,36
Virgin Islands,4/29/20,57,4,0,0,37
Virgin Islands,4/30/20,66,4,9,0,38
Virgin Islands,5/1/20,66,4,0,0,39
Virgin Islands,5/2/20,66,4,0,0,40
Virgin Islands,5/3/20,66,4,0,0,41
Virgin Islands,5/4/20,66,4,0,0,42
Virgin Islands,5/5/20,66,4,0,0,43
Virgin Islands,5/6/20,66,4,0,0,44
Virgin Islands,5/7/20,66,4,0,0,45
Virgin Islands,5/8/20,68,4,2,0,46
Virgin Islands,5/9/20,68,4,0,0,47
Virgin Islands,5/10/20,69,4,1,0,48
Virgin Islands,5/11/20,69,5,0,1,49
Virgin Islands,5/12/20,69,6,0,1,50
Virgin Islands,5/13/20,69,6,0,0,51
Virgin Islands,5/14/20,69,6,0,0,52
Virgin Islands,5/15/20,69,6,0,0,53
Virgin Islands,5/16/20,69,6,0,0,54
Virgin Islands,5/17/20,69,6,0,0,55
Virgin Islands,5/18/20,69,6,0,0,56
Virgin Islands,5/19/20,69,6,0,0,57
Virgin Islands,5/20/20,69,6,0,0,58
Virgin Islands,5/21/20,69,6,0,0,59
Virgin Islands,5/22/20,69,6,0,0,60
Virgin Islands,5/23/20,69,6,0,0,61
Virgin Islands,5/24/20,69,6,0,0,62
Virgin Islands,5/25/20,69,6,0,0,63
Virgin Islands,5/26/20,69,6,0,0,64
Virgin Islands,5/27/20,69,6,0,0,65
Virgin Islands,5/28/20,69,6,0,0,66
Virgin Islands,5/29/20,69,6,0,0,67
Virgin Islands,5/30/20,69,6,0,0,68
Virgin Islands,5/31/20,69,6,0,0,69
Virgin Islands,6/1/20,70,6,1,0,70
Virgin Islands,6/2/20,70,6,0,0,71
Virgin Islands,6/3/20,70,6,0,0,72
Virgin Islands,6/4/20,71,6,1,0,73
Virgin Islands,6/5/20,71,6,0,0,74
Virgin Islands,6/6/20,71,6,0,0,75
Virgin Islands,6/7/20,71,6,0,0,76
Virgin Islands,6/8/20,71,6,0,0,77
Virgin Islands,6/9/20,71,6,0,0,78
Virgin Islands,6/10/20,72,6,1,0,79
Virgin Islands,6/11/20,72,6,0,0,80
Virgin Islands,6/12/20,72,6,0,0,81
Virgin Islands,6/13/20,72,6,0,0,82
Virgin Islands,6/14/20,72,6,0,0,83
Virgin Islands,6/15/20,72,6,0,0,84
Virgin Islands,6/16/20,72,6,0,0,85
Virgin Islands,6/17/20,73,6,1,0,86
Virgin Islands,6/18/20,73,6,0,0,87
Virgin Islands,6/19/20,73,6,0,0,88
Virgin Islands,6/20/20,73,6,0,0,89
Virgin Islands,6/21/20,76,6,3,0,90
Virgin Islands,6/22/20,76,6,0,0,91
Virgin Islands,6/23/20,76,6,0,0,92
Virgin Islands,6/24/20,76,6,0,0,93
Virgin Islands,6/25/20,80,6,4,0,94
Virgin Islands,6/26/20,81,6,1,0,95
Virgin Islands,6/27/20,81,6,0,0,96
Virgin Islands,6/28/20,81,6,0,0,97
Virgin Islands,6/29/20,81,6,0,0,98
Virgin Islands,6/30/20,81,6,0,0,99
Virgin Islands,7/1/20,90,6,9,0,100
Virgin Islands,7/2/20,92,6,2,0,101
Virgin Islands,7/3/20,98,6,6,0,102
Virgin Islands,7/4/20,111,6,13,0,103
Virgin Islands,7/5/20,111,6,0,0,104
Virgin Islands,7/6/20,112,6,1,0,105
Virgin Islands,7/7/20,116,6,4,0,106
Virgin Islands,7/8/20,122,6,6,0,107
Virgin Islands,7/9/20,144,6,22,0,108
Virgin Islands,7/10/20,153,6,9,0,109
Virgin Islands,7/11/20,167,6,14,0,110
Virgin Islands,7/12/20,181,6,14,0,111
Virgin Islands,7/13/20,206,6,25,0,112
Virgin Islands,7/14/20,206,6,0,0,113
Virgin Islands,7/15/20,243,6,37,0,114
Virgin Islands,7/16/20,249,6,6,0,115
Virgin Islands,7/17/20,263,6,14,0,116
Virgin Islands,7/18/20,283,6,20,0,117
Virgin Islands,7/19/20,283,6,0,0,118
Virgin Islands,7/20/20,304,6,21,0,119
Virgin Islands,7/21/20,304,6,0,0,120
Virgin Islands,7/22/20,320,7,16,1,121
Virgin Islands,7/23/20,336,7,16,0,122
Virgin Islands,7/24/20,352,7,16,0,123
Virgin Islands,7/25/20,352,7,0,0,124
Virgin Islands,7/26/20,352,7,0,0,125
Virgin Islands,7/27/20,364,7,12,0,126
Virgin Islands,7/28/20,375,7,11,0,127
Virgin Islands,7/29/20,385,8,10,1,128
Virgin Islands,7/30/20,385,8,0,0,129
Virgin Islands,7/31/20,406,8,21,0,130
Virgin Islands,8/1/20,421,8,15,0,131
Virgin Islands,8/2/20,421,8,0,0,132
Virgin Islands,8/3/20,439,8,18,0,133
Virgin Islands,8/4/20,463,8,24,0,134
Virgin Islands,8/5/20,481,8,18,0,135
Virgin Islands,8/6/20,501,9,20,1,136
Virgin Islands,8/7/20,522,9,21,0,137
Virgin Islands,8/8/20,528,9,6,0,138
Virgin Islands,8/9/20,528,9,0,0,139
Virgin Islands,8/10/20,547,9,19,0,140
Virgin Islands,8/11/20,576,9,29,0,141
Virgin Islands,8/12/20,639,9,63,0,142
Virgin Islands,8/13/20,682,9,43,0,143
Virgin Islands,8/14/20,704,9,22,0,144
Virgin Islands,8/15/20,734,9,30,0,145
Virgin Islands,8/16/20,741,9,7,0,146
Virgin Islands,8/17/20,760,9,19,0,147
Virgin Islands,8/18/20,796,9,36,0,148
Virgin Islands,8/19/20,828,9,32,0,149
Virgin Islands,8/20/20,869,10,41,1,150
Virgin Islands,8/21/20,932,10,63,0,151
Virgin Islands,8/22/20,960,10,28,0,152
Virgin Islands,8/23/20,980,11,20,1,153
Virgin Islands,8/24/20,984,11,4,0,154
Virgin Islands,8/25/20,998,12,14,1,155
Virgin Islands,8/26/20,1030,14,32,2,156
Virgin Islands,8/27/20,1052,14,22,0,157
Virgin Islands,8/28/20,1075,14,23,0,158
Virgin Islands,8/29/20,1118,14,43,0,159
Virgin Islands,8/30/20,1129,14,11,0,160
Virgin Islands,8/31/20,1134,14,5,0,161
Virgin Islands,9/1/20,1143,15,9,1,162
Virgin Islands,9/2/20,1144,15,1,0,163
Virgin Islands,9/3/20,1150,16,6,1,164
Virgin Islands,9/4/20,1150,16,0,0,165
Virgin Islands,9/5/20,1167,16,17,0,166
Virgin Islands,9/6/20,1181,17,14,1,167
Virgin Islands,9/7/20,1190,17,9,0,168
Virgin Islands,9/8/20,1191,18,1,1,169
Virgin Islands,9/9/20,1197,18,6,0,170
Virgin Islands,9/10/20,1201,18,4,0,171
Virgin Islands,9/11/20,1201,18,0,0,172
Virgin Islands,9/12/20,1211,19,10,1,173
Virgin Islands,9/13/20,1220,19,9,0,174
Virgin Islands,9/14/20,1221,19,1,0,175
Virgin Islands,9/15/20,1232,19,11,0,176
Virgin Islands,9/16/20,1232,19,0,0,177
Virgin Islands,9/17/20,1238,19,6,0,178
Virgin Islands,9/18/20,1257,19,19,0,179
Virgin Islands,9/19/20,1257,19,0,0,180
Virgin Islands,9/20/20,1269,19,12,0,181
Virgin Islands,9/21/20,1269,19,0,0,182
Virgin Islands,9/22/20,1278,19,9,0,183
Virgin Islands,9/23/20,1290,19,12,0,184
Virgin Islands,9/24/20,1290,19,0,0,185
Virgin Islands,9/25/20,1296,19,6,0,186
Virgin Islands,9/26/20,1317,19,21,0,187
Virgin Islands,9/27/20,1317,19,0,0,188
Virgin Islands,9/28/20,1318,20,1,1,189
Virgin Islands,9/29/20,1318,20,0,0,190
Virgin Islands,9/30/20,1318,20,0,0,191
Virgin Islands,10/1/20,1326,20,8,0,192
Virgin Islands,10/2/20,1326,20,0,0,193
Virgin Islands,10/3/20,1327,20,1,0,194
Virgin Islands,10/4/20,1327,20,0,0,195
Virgin Islands,10/5/20,1322,20,-5,0,196
Virgin Islands,10/6/20,1321,20,-1,0,197
Virgin Islands,10/7/20,1322,20,1,0,198
Virgin Islands,10/8/20,1324,20,2,0,199
Virgin Islands,10/9/20,1324,20,0,0,200
Virgin Islands,10/10/20,1325,20,1,0,201
Virgin Islands,10/11/20,1325,20,0,0,202
Virgin Islands,10/12/20,1325,20,0,0,203
Virgin Islands,10/13/20,1328,20,3,0,204
Virgin Islands,10/14/20,1328,20,0,0,205
Virgin Islands,10/15/20,1329,21,1,1,206
Virgin Islands,10/16/20,1329,21,0,0,207
Virgin Islands,10/17/20,1335,21,6,0,208
Virgin Islands,10/18/20,1335,21,0,0,209
Virgin Islands,10/19/20,1335,21,0,0,210
Virgin Islands,10/20/20,1337,21,2,0,211
Virgin Islands,10/21/20,1337,21,0,0,212
Virgin Islands,10/22/20,1343,21,6,0,213
Virgin Islands,10/23/20,1346,21,3,0,214
Virgin Islands,10/24/20,1346,21,0,0,215
Virgin Islands,10/25/20,1346,21,0,0,216
Virgin Islands,10/26/20,1348,21,2,0,217
Virgin Islands,10/27/20,1351,21,3,0,218
Virgin Islands,10/28/20,1353,21,2,0,219
Virgin Islands,10/29/20,1353,21,0,0,220
Virgin Islands,10/30/20,1362,21,9,0,221
Virgin Islands,10/31/20,1376,21,14,0,222
Virgin Islands,11/1/20,1376,21,0,0,223
Virgin Islands,11/2/20,1376,21,0,0,224
Virgin Islands,11/3/20,1385,22,9,1,225
Virgin Islands,11/4/20,1388,23,3,1,226
Virgin Islands,11/5/20,1388,23,0,0,227
Virgin Islands,11/6/20,1390,23,2,0,228
Virgin Islands,11/7/20,1390,23,0,0,229
Virgin Islands,11/8/20,1405,23,15,0,230
Virgin Islands,11/9/20,1405,23,0,0,231
Virgin Islands,11/10/20,1413,23,8,0,232
Virgin Islands,11/11/20,1413,23,0,0,233
Virgin Islands,11/12/20,1413,23,0,0,234
Virgin Islands,11/13/20,1426,23,13,0,235
Virgin Islands,11/14/20,1434,23,8,0,236
Virgin Islands,11/15/20,1434,23,0,0,237
Virgin Islands,11/16/20,1434,23,0,0,238
Virgin Islands,11/17/20,1450,23,16,0,239
Virgin Islands,11/18/20,1463,23,13,0,240
Virgin Islands,11/19/20,1469,23,6,0,241
Virgin Islands,11/20/20,1482,23,13,0,242
Virgin Islands,11/21/20,1491,23,9,0,243
Virgin Islands,11/22/20,1504,23,13,0,244
Virgin Islands,11/23/20,1507,23,3,0,245
Virgin Islands,11/24/20,1521,23,14,0,246
Virgin Islands,11/25/20,1521,23,0,0,247
Virgin Islands,11/26/20,1521,23,0,0,248
Virgin Islands,11/27/20,1521,23,0,0,249
Virgin Islands,11/28/20,1538,23,17,0,250
Virgin Islands,11/29/20,1544,23,6,0,251
Virgin Islands,11/30/20,1544,23,0,0,252
Virgin Islands,12/1/20,1550,23,6,0,253
Virgin Islands,12/2/20,1589,23,39,0,254
Virgin Islands,12/3/20,1589,23,0,0,255
Virgin Islands,12/4/20,1613,23,24,0,256
Virgin Islands,12/5/20,1633,23,20,0,257
Virgin Islands,12/6/20,1633,23,0,0,258
Virgin Islands,12/7/20,1649,23,16,0,259
Virgin Islands,12/8/20,1680,23,31,0,260
Virgin Islands,12/9/20,1698,23,18,0,261
Virgin Islands,12/10/20,1733,23,35,0,262
Virgin Islands,12/11/20,1791,23,58,0,263
Virgin Islands,12/12/20,1791,23,0,0,264
Virgin Islands,12/13/20,1791,23,0,0,265
Virgin Islands,12/14/20,1807,23,16,0,266
Virgin Islands,12/15/20,1828,23,21,0,267
Virgin Islands,12/16/20,1828,23,0,0,268
Virgin Islands,12/17/20,1878,23,50,0,269
Virgin Islands,12/18/20,1900,23,22,0,270
Virgin Islands,12/19/20,1910,23,10,0,271
Virgin Islands,12/20/20,1921,23,11,0,272
Virgin Islands,12/21/20,1921,23,0,0,273
Virgin Islands,12/22/20,1934,23,13,0,274
Virgin Islands,12/23/20,1950,23,16,0,275
Virgin Islands,12/24/20,1967,23,17,0,276
Virgin Islands,12/25/20,1979,23,12,0,277
Virgin Islands,12/26/20,1979,23,0,0,278
Virgin Islands,12/27/20,1979,23,0,0,279
Virgin Islands,12/28/20,1979,23,0,0,280
Virgin Islands,12/29/20,1979,23,0,0,281
Virgin Islands,12/30/20,2010,23,31,0,282
Virgin Islands,12/31/20,2031,23,21,0,283
Virgin Islands,1/1/21,2036,23,5,0,284
Virgin Islands,1/2/21,2041,23,5,0,285
Virgin Islands,1/3/21,2042,23,1,0,286
Virgin Islands,1/4/21,2055,24,13,1,287
Virgin Islands,1/5/21,2083,24,28,0,288
Virgin Islands,1/6/21,2083,24,0,0,289
Virgin Islands,1/7/21,2130,24,47,0,290
Virgin Islands,1/8/21,2143,24,13,0,291
Virgin Islands,1/9/21,2143,24,0,0,292
Virgin Islands,1/10/21,2143,24,0,0,293
Virgin Islands,1/11/21,2143,24,0,0,294
Virgin Islands,1/12/21,2166,24,23,0,295
Virgin Islands,1/13/21,2166,24,0,0,296
Virgin Islands,1/14/21,2166,24,0,0,297
Virgin Islands,1/15/21,2166,24,0,0,298
Virgin Islands,1/16/21,2166,24,0,0,299
Virgin Islands,1/17/21,2260,24,94,0,300
Virgin Islands,1/18/21,2260,24,0,0,301
Virgin Islands,1/19/21,2283,24,23,0,302
Virgin Islands,1/20/21,2305,24,22,0,303
Virgin Islands,1/21/21,2305,24,0,0,304
Virgin Islands,1/22/21,2321,24,16,0,305
Virgin Islands,1/23/21,2341,24,20,0,306
Virgin Islands,1/24/21,2341,24,0,0,307
Virgin Islands,1/25/21,2350,24,9,0,308
Virgin Islands,1/26/21,2373,24,23,0,309
Virgin Islands,1/27/21,2373,24,0,0,310
Virgin Islands,1/28/21,2384,24,11,0,311
Virgin Islands,1/29/21,2398,24,14,0,312
Virgin Islands,1/30/21,2398,24,0,0,313
Virgin Islands,1/31/21,2398,24,0,0,314
Virgin Islands,2/1/21,2421,24,23,0,315
Virgin Islands,2/2/21,2426,24,5,0,316
Virgin Islands,2/3/21,2430,24,4,0,317
Virgin Islands,2/4/21,2440,24,10,0,318
Virgin Islands,2/5/21,2449,24,9,0,319
Virgin Islands,2/6/21,2449,24,0,0,320
Virgin Islands,2/7/21,2466,24,17,0,321
Virgin Islands,2/8/21,2466,24,0,0,322
Virgin Islands,2/9/21,2485,24,19,0,323
Virgin Islands,2/10/21,2485,24,0,0,324
Virgin Islands,2/11/21,2505,25,20,1,325
Virgin Islands,2/12/21,2524,25,19,0,326
Virgin Islands,2/13/21,2524,25,0,0,327
Virgin Islands,2/14/21,2524,25,0,0,328
Virgin Islands,2/15/21,2542,25,18,0,329
Virgin Islands,2/16/21,2542,25,0,0,330
Virgin Islands,2/17/21,2545,25,3,0,331
Virgin Islands,2/18/21,2558,25,13,0,332
Virgin Islands,2/19/21,2575,25,17,0,333
Virgin Islands,2/20/21,2575,25,0,0,334
Virgin Islands,2/21/21,2575,25,0,0,335
Virgin Islands,2/22/21,2579,25,4,0,336
Virgin Islands,2/23/21,2589,25,10,0,337
Virgin Islands,2/24/21,2623,25,34,0,338
Virgin Islands,2/25/21,2636,25,13,0,339
Virgin Islands,2/26/21,2636,25,0,0,340
Virgin Islands,2/27/21,2646,25,10,0,341
Virgin Islands,2/28/21,2646,25,0,0,342
Virgin Islands,3/1/21,2646,25,0,0,343
Virgin Islands,3/2/21,2646,25,0,0,344
Virgin Islands,3/3/21,2695,25,49,0,345
Virgin Islands,3/4/21,2704,25,9,0,346
Virgin Islands,3/5/21,2714,25,10,0,347
Virgin Islands,3/6/21,2714,25,0,0,348
Virgin Islands,3/7/21,2714,25,0,0,349
Virgin Islands,3/8/21,2744,25,30,0,350
Virgin Islands,3/9/21,2744,25,0,0,351
Virgin Islands,3/10/21,2755,25,11,0,352
Virgin Islands,3/11/21,2761,25,6,0,353
Virgin Islands,3/12/21,2767,25,6,0,354
