state,date,confirmed,deaths,new_confirmed,new_deaths,tagged_day
Washington,3/1/20,11,1,4,0,1
Washington,3/2/20,18,6,7,5,2
Washington,3/3/20,27,7,9,1,3
Washington,3/4/20,39,10,12,3,4
Washington,3/5/20,70,11,31,1,5
Washington,3/6/20,78,13,8,2,6
Washington,3/7/20,102,16,24,3,7
Washington,3/8/20,122,18,20,2,8
Washington,3/9/20,122,19,0,1,9
Washington,3/10/20,167,23,45,4,10
Washington,3/11/20,282,24,115,1,11
Washington,3/12/20,442,31,160,7,12
Washington,3/13/20,568,37,126,6,13
Washington,3/14/20,642,39,74,2,14
Washington,3/15/20,603,40,-39,1,15
Washington,3/16/20,779,48,176,8,16
Washington,3/17/20,955,55,176,7,17
Washington,3/18/20,1022,67,67,12,18
Washington,3/19/20,1374,73,352,6,19
Washington,3/20/20,1524,83,150,10,20
Washington,3/21/20,1793,94,269,11,21
Washington,3/22/20,1997,97,204,3,22
Washington,3/23/20,2221,109,224,12,23
Washington,3/24/20,2328,116,107,7,24
Washington,3/25/20,2591,133,263,17,25
Washington,3/26/20,3207,150,616,17,26
Washington,3/27/20,3477,157,270,7,27
Washington,3/28/20,4030,188,553,31,28
Washington,3/29/20,4465,198,435,10,29
Washington,3/30/20,4923,205,458,7,30
Washington,3/31/20,5432,225,509,20,31
Washington,4/1/20,5608,310,176,85,32
Washington,4/2/20,6389,340,781,30,33
Washington,4/3/20,6846,369,457,29,34
Washington,4/4/20,7247,398,401,29,35
Washington,4/5/20,7825,426,578,28,36
Washington,4/6/20,8311,450,486,24,37
Washington,4/7/20,8692,474,381,24,38
Washington,4/8/20,9276,489,584,15,39
Washington,4/9/20,9639,507,363,18,40
Washington,4/10/20,10119,524,480,17,41
Washington,4/11/20,10434,547,315,23,42
Washington,4/12/20,10609,562,175,15,43
Washington,4/13/20,10635,582,26,20,44
Washington,4/14/20,10799,599,164,17,45
Washington,4/15/20,10942,609,143,10,46
Washington,4/16/20,11057,630,115,21,47
Washington,4/17/20,11517,649,460,19,48
Washington,4/18/20,11776,666,259,17,49
Washington,4/19/20,11978,690,202,24,50
Washington,4/20/20,12114,709,136,19,51
Washington,4/21/20,12392,725,278,16,52
Washington,4/22/20,12596,734,204,9,53
Washington,4/23/20,12753,747,157,13,54
Washington,4/24/20,12977,762,224,15,55
Washington,4/25/20,13319,779,342,17,56
Washington,4/26/20,13521,799,202,20,57
Washington,4/27/20,13686,810,165,11,58
Washington,4/28/20,13842,820,156,10,59
Washington,4/29/20,14070,828,228,8,60
Washington,4/30/20,14327,836,257,8,61
Washington,5/1/20,14637,850,310,14,62
Washington,5/2/20,15003,862,366,12,63
Washington,5/3/20,15185,874,182,12,64
Washington,5/4/20,15462,885,277,11,65
Washington,5/5/20,15594,898,132,13,66
Washington,5/6/20,15905,911,311,13,67
Washington,5/7/20,16231,925,326,14,68
Washington,5/8/20,16388,941,157,16,69
Washington,5/9/20,16674,952,286,11,70
Washington,5/10/20,16891,968,217,16,71
Washington,5/11/20,17122,974,231,6,72
Washington,5/12/20,17330,990,208,16,73
Washington,5/13/20,17512,996,182,6,74
Washington,5/14/20,17773,1004,261,8,75
Washington,5/15/20,17951,1016,178,12,76
Washington,5/16/20,18288,1024,337,8,77
Washington,5/17/20,18433,1035,145,11,78
Washington,5/18/20,18611,1041,178,6,79
Washington,5/19/20,18811,1048,200,7,80
Washington,5/20/20,18971,1052,160,4,81
Washington,5/21/20,19117,1061,146,9,82
Washington,5/22/20,19265,1066,148,5,83
Washington,5/23/20,19265,1075,0,9,84
Washington,5/24/20,19828,1084,563,9,85
Washington,5/25/20,20065,1088,237,4,86
Washington,5/26/20,20181,1094,116,6,87
Washington,5/27/20,20406,1105,225,11,88
Washington,5/28/20,20764,1109,358,4,89
Washington,5/29/20,21071,1115,307,6,90
Washington,5/30/20,21349,1117,278,2,91
Washington,5/31/20,21702,1123,353,6,92
Washington,6/1/20,22239,1128,537,5,93
Washington,6/2/20,22516,1134,277,6,94
Washington,6/3/20,22764,1139,248,5,95
Washington,6/4/20,23024,1150,260,11,96
Washington,6/5/20,23483,1155,459,5,97
Washington,6/6/20,23767,1159,284,4,98
Washington,6/7/20,24078,1170,311,11,99
Washington,6/8/20,24378,1180,300,10,100
Washington,6/9/20,24630,1185,252,5,101
Washington,6/10/20,24892,1186,262,1,102
Washington,6/11/20,25176,1198,284,12,103
Washington,6/12/20,25542,1203,366,5,104
Washington,6/13/20,25825,1207,283,4,105
Washington,6/14/20,26158,1209,333,2,106
Washington,6/15/20,26530,1211,372,2,107
Washington,6/16/20,26787,1219,257,8,108
Washington,6/17/20,27193,1225,406,6,109
Washington,6/18/20,27608,1232,415,7,110
Washington,6/19/20,28225,1239,617,7,111
Washington,6/20/20,28676,1243,451,4,112
Washington,6/21/20,28874,1248,198,5,113
Washington,6/22/20,29394,1253,520,5,114
Washington,6/23/20,29874,1263,480,10,115
Washington,6/24/20,30372,1266,498,3,116
Washington,6/25/20,30866,1270,494,4,117
Washington,6/26/20,31422,1281,556,11,118
Washington,6/27/20,31766,1288,344,7,119
Washington,6/28/20,32267,1292,501,4,120
Washington,6/29/20,32831,1297,564,5,121
Washington,6/30/20,33439,1303,608,6,122
Washington,7/1/20,34152,1309,713,6,123
Washington,7/2/20,34909,1319,757,10,124
Washington,7/3/20,35260,1328,351,9,125
Washington,7/4/20,35902,1335,642,7,126
Washington,7/5/20,36959,1342,1057,7,127
Washington,7/6/20,37393,1351,434,9,128
Washington,7/7/20,37916,1360,523,9,129
Washington,7/8/20,38563,1368,647,8,130
Washington,7/9/20,39202,1384,639,16,131
Washington,7/10/20,39806,1393,604,9,132
Washington,7/11/20,40672,1400,866,7,133
Washington,7/12/20,41749,1405,1077,5,134
Washington,7/13/20,42295,1414,546,9,135
Washington,7/14/20,43037,1426,742,12,136
Washington,7/15/20,44299,1429,1262,3,137
Washington,7/16/20,45052,1435,753,6,138
Washington,7/17/20,46022,1441,970,6,139
Washington,7/18/20,46956,1448,934,7,140
Washington,7/19/20,47751,1457,795,9,141
Washington,7/20/20,48590,1468,839,11,142
Washington,7/21/20,49250,1480,660,12,143
Washington,7/22/20,49982,1488,732,8,144
Washington,7/23/20,50832,1497,850,9,145
Washington,7/24/20,51870,1510,1038,13,146
Washington,7/25/20,52669,1522,799,12,147
Washington,7/26/20,53339,1537,670,15,148
Washington,7/27/20,54201,1545,862,8,149
Washington,7/28/20,54979,1559,778,14,150
Washington,7/29/20,55751,1575,772,16,151
Washington,7/30/20,56736,1588,985,13,152
Washington,7/31/20,57586,1603,850,15,153
Washington,8/1/20,58216,1619,630,16,154
Washington,8/2/20,58767,1628,551,9,155
Washington,8/3/20,59447,1638,680,10,156
Washington,8/4/20,60132,1656,685,18,157
Washington,8/5/20,60963,1677,831,21,158
Washington,8/6/20,61686,1685,723,8,159
Washington,8/7/20,62583,1702,897,17,160
Washington,8/8/20,63189,1711,606,9,161
Washington,8/9/20,63769,1722,580,11,162
Washington,8/10/20,64260,1733,491,11,163
Washington,8/11/20,64800,1741,540,8,164
Washington,8/12/20,65439,1755,639,14,165
Washington,8/13/20,66254,1765,815,10,166
Washington,8/14/20,66989,1780,735,15,167
Washington,8/15/20,67581,1791,592,11,168
Washington,8/16/20,67854,1802,273,11,169
Washington,8/17/20,68386,1809,532,7,170
Washington,8/18/20,68922,1816,536,7,171
Washington,8/19/20,69662,1828,740,12,172
Washington,8/20/20,70180,1836,518,8,173
Washington,8/21/20,71007,1840,827,4,174
Washington,8/22/20,71471,1845,464,5,175
Washington,8/23/20,71814,1849,343,4,176
Washington,8/24/20,72161,1856,347,7,177
Washington,8/25/20,72634,1862,473,6,178
Washington,8/26/20,73217,1877,583,15,179
Washington,8/27/20,73801,1886,584,9,180
Washington,8/28/20,74420,1894,619,8,181
Washington,8/29/20,74885,1899,465,5,182
Washington,8/30/20,75195,1904,310,5,183
Washington,8/31/20,75502,1912,307,8,184
Washington,9/1/20,75977,1918,475,6,185
Washington,9/2/20,76537,1924,560,6,186
Washington,9/3/20,77034,1930,497,6,187
Washington,9/4/20,77559,1932,525,2,188
Washington,9/5/20,77979,1942,420,10,189
Washington,9/6/20,78295,1948,316,6,190
Washington,9/7/20,78492,1952,197,4,191
Washington,9/8/20,78781,1954,289,2,192
Washington,9/9/20,79280,1958,499,4,193
Washington,9/10/20,79880,1965,600,7,194
Washington,9/11/20,80374,1972,494,7,195
Washington,9/12/20,80738,1978,364,6,196
Washington,9/13/20,81056,1983,318,5,197
Washington,9/14/20,81392,1990,336,7,198
Washington,9/15/20,81776,1999,384,9,199
Washington,9/16/20,82193,2007,417,8,200
Washington,9/17/20,82610,2013,417,6,201
Washington,9/18/20,83239,2021,629,8,202
Washington,9/19/20,83622,2026,383,5,203
Washington,9/20/20,83925,2034,303,8,204
Washington,9/21/20,84270,2040,345,6,205
Washington,9/22/20,84814,2051,544,11,206
Washington,9/23/20,85397,2057,583,6,207
Washington,9/24/20,86422,2063,1025,6,208
Washington,9/25/20,87062,2070,640,7,209
Washington,9/26/20,87519,2074,457,4,210
Washington,9/27/20,87897,2081,378,7,211
Washington,9/28/20,88291,2088,394,7,212
Washington,9/29/20,88823,2093,532,5,213
Washington,9/30/20,89463,2100,640,7,214
Washington,10/1/20,90179,2110,716,10,215
Washington,10/2/20,90821,2117,642,7,216
Washington,10/3/20,91290,2123,469,6,217
Washington,10/4/20,91709,2127,419,4,218
Washington,10/5/20,92136,2135,427,8,219
Washington,10/6/20,92692,2146,556,11,220
Washington,10/7/20,93450,2151,758,5,221
Washington,10/8/20,94143,2158,693,7,222
Washington,10/9/20,94691,2165,548,7,223
Washington,10/10/20,95539,2168,848,3,224
Washington,10/11/20,95914,2171,375,3,225
Washington,10/12/20,96521,2183,607,12,226
Washington,10/13/20,97240,2187,719,4,227
Washington,10/14/20,97938,2196,698,9,228
Washington,10/15/20,98713,2200,775,4,229
Washington,10/16/20,99539,2205,826,5,230
Washington,10/17/20,100105,2211,566,6,231
Washington,10/18/20,100572,2221,467,10,232
Washington,10/19/20,101064,2231,492,10,233
Washington,10/20/20,101864,2237,800,6,234
Washington,10/21/20,102567,2248,703,11,235
Washington,10/22/20,103379,2259,812,11,236
Washington,10/23/20,104328,2266,949,7,237
Washington,10/24/20,105069,2277,741,11,238
Washington,10/25/20,105665,2285,596,8,239
Washington,10/26/20,106212,2294,547,9,240
Washington,10/27/20,106963,2304,751,10,241
Washington,10/28/20,107843,2316,880,12,242
Washington,10/29/20,108954,2320,1111,4,243
Washington,10/30/20,109932,2331,978,11,244
Washington,10/31/20,110808,2345,876,14,245
Washington,11/1/20,111848,2353,1040,8,246
Washington,11/2/20,112593,2358,745,5,247
Washington,11/3/20,114127,2368,1534,10,248
Washington,11/4/20,115251,2380,1124,12,249
Washington,11/5/20,117023,2392,1772,12,250
Washington,11/6/20,118771,2406,1748,14,251
Washington,11/7/20,120221,2411,1450,5,252
Washington,11/8/20,121467,2422,1246,11,253
Washington,11/9/20,122887,2432,1420,10,254
Washington,11/10/20,124549,2446,1662,14,255
Washington,11/11/20,126574,2453,2025,7,256
Washington,11/12/20,128821,2466,2247,13,257
Washington,11/13/20,131141,2477,2320,11,258
Washington,11/14/20,133391,2493,2250,16,259
Washington,11/15/20,134969,2505,1578,12,260
Washington,11/16/20,137561,2520,2592,15,261
Washington,11/17/20,139120,2532,1559,12,262
Washington,11/18/20,141231,2545,2111,13,263
Washington,11/19/20,143405,2557,2174,12,264
Washington,11/20/20,145281,2573,1876,16,265
Washington,11/21/20,147929,2595,2648,22,266
Washington,11/22/20,151488,2612,3559,17,267
Washington,11/23/20,154770,2631,3282,19,268
Washington,11/24/20,157790,2645,3020,14,269
Washington,11/25/20,160663,2662,2873,17,270
Washington,11/26/20,162730,2681,2067,19,271
Washington,11/27/20,165124,2695,2394,14,272
Washington,11/28/20,167231,2714,2107,19,273
Washington,11/29/20,169500,2731,2269,17,274
Washington,11/30/20,171962,2762,2462,31,275
Washington,12/1/20,175033,2783,3071,21,276
Washington,12/2/20,177358,2806,2325,23,277
Washington,12/3/20,179443,2823,2085,17,278
Washington,12/4/20,181329,2849,1886,26,279
Washington,12/5/20,183081,2867,1752,18,280
Washington,12/6/20,189152,2883,6071,16,281
Washington,12/7/20,192947,2905,3795,22,282
Washington,12/8/20,196032,2915,3085,10,283
Washington,12/9/20,199028,2922,2996,7,284
Washington,12/10/20,202177,2933,3149,11,285
Washington,12/11/20,206288,2939,4111,6,286
Washington,12/12/20,208717,2941,2429,2,287
Washington,12/13/20,210809,2941,2092,0,288
Washington,12/14/20,212584,2941,1775,0,289
Washington,12/15/20,214265,2941,1681,0,290
Washington,12/16/20,214265,3042,0,101,291
Washington,12/17/20,217205,3117,2940,75,292
Washington,12/18/20,220268,3104,3063,-13,293
Washington,12/19/20,222600,3104,2332,0,294
Washington,12/20/20,222600,3104,0,0,295
Washington,12/21/20,226635,3106,4035,2,296
Washington,12/22/20,227887,3131,1252,25,297
Washington,12/23/20,230202,3162,2315,31,298
Washington,12/24/20,233093,3184,2891,22,299
Washington,12/25/20,233093,3184,0,0,300
