country,date,confirmed,deaths,new_confirmed,new_deaths,tagged_day
Brazil,3/9/20,25,0,5,0,1
Brazil,3/10/20,31,0,6,0,2
Brazil,3/11/20,38,0,7,0,3
Brazil,3/12/20,52,0,14,0,4
Brazil,3/13/20,151,0,99,0,5
Brazil,3/14/20,151,0,0,0,6
Brazil,3/15/20,162,0,11,0,7
Brazil,3/16/20,200,0,38,0,8
Brazil,3/17/20,321,1,121,1,9
Brazil,3/18/20,372,3,51,2,10
Brazil,3/19/20,621,6,249,3,11
Brazil,3/20/20,793,11,172,5,12
Brazil,3/21/20,1021,15,228,4,13
Brazil,3/22/20,1546,25,525,10,14
Brazil,3/23/20,1924,34,378,9,15
Brazil,3/24/20,2247,46,323,12,16
Brazil,3/25/20,2554,59,307,13,17
Brazil,3/26/20,2985,77,431,18,18
Brazil,3/27/20,3417,92,432,15,19
Brazil,3/28/20,3904,111,487,19,20
Brazil,3/29/20,4256,136,352,25,21
Brazil,3/30/20,4579,159,323,23,22
Brazil,3/31/20,5717,201,1138,42,23
Brazil,4/1/20,6836,240,1119,39,24
Brazil,4/2/20,8044,324,1208,84,25
Brazil,4/3/20,9056,359,1012,35,26
Brazil,4/4/20,10360,445,1304,86,27
Brazil,4/5/20,11130,486,770,41,28
Brazil,4/6/20,12161,564,1031,78,29
Brazil,4/7/20,14034,686,1873,122,30
Brazil,4/8/20,16170,819,2136,133,31
Brazil,4/9/20,18092,950,1922,131,32
Brazil,4/10/20,19638,1057,1546,107,33
Brazil,4/11/20,20727,1124,1089,67,34
Brazil,4/12/20,22192,1223,1465,99,35
Brazil,4/13/20,23430,1328,1238,105,36
Brazil,4/14/20,25262,1532,1832,204,37
Brazil,4/15/20,28320,1736,3058,204,38
Brazil,4/16/20,30425,1924,2105,188,39
Brazil,4/17/20,33682,2141,3257,217,40
Brazil,4/18/20,36658,2354,2976,213,41
Brazil,4/19/20,38654,2462,1996,108,42
Brazil,4/20/20,40743,2587,2089,125,43
Brazil,4/21/20,43079,2741,2336,154,44
Brazil,4/22/20,45757,2906,2678,165,45
Brazil,4/23/20,50036,3331,4279,425,46
Brazil,4/24/20,54043,3704,4007,373,47
Brazil,4/25/20,59324,4057,5281,353,48
Brazil,4/26/20,63100,4286,3776,229,49
Brazil,4/27/20,67446,4603,4346,317,50
Brazil,4/28/20,73235,5083,5789,480,51
Brazil,4/29/20,79685,5513,6450,430,52
Brazil,4/30/20,87187,6006,7502,493,53
Brazil,5/1/20,92202,6412,5015,406,54
Brazil,5/2/20,97100,6761,4898,349,55
Brazil,5/3/20,101826,7051,4726,290,56
Brazil,5/4/20,108620,7367,6794,316,57
Brazil,5/5/20,115455,7938,6835,571,58
Brazil,5/6/20,126611,8588,11156,650,59
Brazil,5/7/20,135773,9190,9162,602,60
Brazil,5/8/20,146894,10017,11121,827,61
Brazil,5/9/20,156061,10656,9167,639,62
Brazil,5/10/20,162699,11123,6638,467,63
Brazil,5/11/20,169594,11653,6895,530,64
Brazil,5/12/20,178214,12461,8620,808,65
Brazil,5/13/20,190137,13240,11923,779,66
Brazil,5/14/20,203165,13999,13028,759,67
Brazil,5/15/20,220291,14962,17126,963,68
Brazil,5/16/20,233511,15662,13220,700,69
Brazil,5/17/20,241080,16118,7569,456,70
Brazil,5/18/20,255368,16853,14288,735,71
Brazil,5/19/20,271885,17983,16517,1130,72
Brazil,5/20/20,291579,18859,19694,876,73
Brazil,5/21/20,310087,20047,18508,1188,74
Brazil,5/22/20,330890,21048,20803,1001,75
Brazil,5/23/20,347398,22013,16508,965,76
Brazil,5/24/20,363211,22666,15813,653,77
Brazil,5/25/20,374898,23473,11687,807,78
Brazil,5/26/20,391222,24512,16324,1039,79
Brazil,5/27/20,411821,25598,20599,1086,80
Brazil,5/28/20,438238,26754,26417,1156,81
Brazil,5/29/20,465166,27878,26928,1124,82
Brazil,5/30/20,498440,28834,33274,956,83
Brazil,5/31/20,514849,29314,16409,480,84
Brazil,6/1/20,526447,29937,11598,623,85
Brazil,6/2/20,555383,31199,28936,1262,86
Brazil,6/3/20,584016,32548,28633,1349,87
Brazil,6/4/20,614941,34021,30925,1473,88
Brazil,6/5/20,645771,35026,30830,1005,89
Brazil,6/6/20,672846,35930,27075,904,90
Brazil,6/7/20,691758,36455,18912,525,91
Brazil,6/8/20,707412,37134,15654,679,92
Brazil,6/9/20,739503,38406,32091,1272,93
Brazil,6/10/20,772416,39680,32913,1274,94
Brazil,6/11/20,802828,40919,30412,1239,95
Brazil,6/12/20,828810,41828,25982,909,96
Brazil,6/13/20,850514,42720,21704,892,97
Brazil,6/14/20,867624,43332,17110,612,98
Brazil,6/15/20,888271,43959,20647,627,99
Brazil,6/16/20,923189,45241,34918,1282,100
Brazil,6/17/20,955377,46510,32188,1269,101
Brazil,6/18/20,978142,47748,22765,1238,102
Brazil,6/19/20,1032913,48954,54771,1206,103
Brazil,6/20/20,1067579,49976,34666,1022,104
Brazil,6/21/20,1083341,50591,15762,615,105
Brazil,6/22/20,1106470,51271,23129,680,106
Brazil,6/23/20,1145906,52645,39436,1374,107
Brazil,6/24/20,1188631,53830,42725,1185,108
Brazil,6/25/20,1228114,54971,39483,1141,109
Brazil,6/26/20,1274974,55961,46860,990,110
Brazil,6/27/20,1313667,57070,38693,1109,111
Brazil,6/28/20,1344143,57622,30476,552,112
Brazil,6/29/20,1368195,58314,24052,692,113
Brazil,6/30/20,1402041,59594,33846,1280,114
Brazil,7/1/20,1448753,60632,46712,1038,115
Brazil,7/2/20,1496858,61884,48105,1252,116
Brazil,7/3/20,1539081,63174,42223,1290,117
Brazil,7/4/20,1577004,64265,37923,1091,118
Brazil,7/5/20,1603055,64867,26051,602,119
Brazil,7/6/20,1623284,65487,20229,620,120
Brazil,7/7/20,1668589,66741,45305,1254,121
Brazil,7/8/20,1713160,67964,44571,1223,122
Brazil,7/9/20,1755779,69184,42619,1220,123
Brazil,7/10/20,1800827,70398,45048,1214,124
Brazil,7/11/20,1839850,71469,39023,1071,125
Brazil,7/12/20,1864681,72100,24831,631,126
Brazil,7/13/20,1884967,72833,20286,733,127
Brazil,7/14/20,1926824,74133,41857,1300,128
Brazil,7/15/20,1966748,75366,39924,1233,129
Brazil,7/16/20,2012151,76688,45403,1322,130
Brazil,7/17/20,2046328,77851,34177,1163,131
Brazil,7/18/20,2074860,78772,28532,921,132
Brazil,7/19/20,2098389,79488,23529,716,133
Brazil,7/20/20,2118646,80120,20257,632,134
Brazil,7/21/20,2159654,81487,41008,1367,135
Brazil,7/22/20,2227514,82771,67860,1284,136
Brazil,7/23/20,2287475,84082,59961,1311,137
Brazil,7/24/20,2343366,85238,55891,1156,138
Brazil,7/25/20,2394513,86449,51147,1211,139
Brazil,7/26/20,2419091,87004,24578,555,140
Brazil,7/27/20,2442375,87618,23284,614,141
Brazil,7/28/20,2483191,88539,40816,921,142
Brazil,7/29/20,2552265,90134,69074,1595,143
Brazil,7/30/20,2610102,91263,57837,1129,144
Brazil,7/31/20,2662485,92475,52383,1212,145
Brazil,8/1/20,2707877,93563,45392,1088,146
Brazil,8/2/20,2733677,94104,25800,541,147
Brazil,8/3/20,2750318,94665,16641,561,148
Brazil,8/4/20,2801921,95819,51603,1154,149
Brazil,8/5/20,2859073,97256,57152,1437,150
Brazil,8/6/20,2912212,98493,53139,1237,151
Brazil,8/7/20,2962442,99572,50230,1079,152
Brazil,8/8/20,3012412,100477,49970,905,153
Brazil,8/9/20,3035422,101049,23010,572,154
Brazil,8/10/20,3057470,101752,22048,703,155
Brazil,8/11/20,3109630,103026,52160,1274,156
Brazil,8/12/20,3164785,104201,55155,1175,157
Brazil,8/13/20,3224876,105463,60091,1262,158
Brazil,8/14/20,3275520,106523,50644,1060,159
Brazil,8/15/20,3317096,107232,41576,709,160
Brazil,8/16/20,3340197,107852,23101,620,161
Brazil,8/17/20,3359570,108536,19373,684,162
Brazil,8/18/20,3407354,109888,47784,1352,163
Brazil,8/19/20,3456652,111100,49298,1212,164
Brazil,8/20/20,3501975,112304,45323,1204,165
Brazil,8/21/20,3532330,113358,30355,1054,166
Brazil,8/22/20,3582362,114250,50032,892,167
Brazil,8/23/20,3605783,114744,23421,494,168
Brazil,8/24/20,3622861,115309,17078,565,169
Brazil,8/25/20,3669995,116580,47134,1271,170
Brazil,8/26/20,3717156,117665,47161,1085,171
Brazil,8/27/20,3761391,118649,44235,984,172
Brazil,8/28/20,3804803,119504,43412,855,173
Brazil,8/29/20,3846153,120262,41350,758,174
Brazil,8/30/20,3862311,120828,16158,566,175
Brazil,8/31/20,3908272,121381,45961,553,176
Brazil,9/1/20,3950931,122596,42659,1215,177
Brazil,9/2/20,3997865,123780,46934,1184,178
Brazil,9/3/20,4041638,124614,43773,834,179
Brazil,9/4/20,4091801,125502,50163,888,180
Brazil,9/5/20,4123000,126203,31199,701,181
Brazil,9/6/20,4137521,126650,14521,447,182
Brazil,9/7/20,4147794,126960,10273,310,183
Brazil,9/8/20,4162073,127464,14279,504,184
Brazil,9/9/20,4197889,128539,35816,1075,185
Brazil,9/10/20,4238446,129522,40557,983,186
Brazil,9/11/20,4282164,130396,43718,874,187
Brazil,9/12/20,4315687,131210,33523,814,188
Brazil,9/13/20,4330455,131625,14768,415,189
Brazil,9/14/20,4345610,132006,15155,381,190
Brazil,9/15/20,4382263,133119,36653,1113,191
Brazil,9/16/20,4419083,134106,36820,987,192
Brazil,9/17/20,4455386,134935,36303,829,193
Brazil,9/18/20,4495183,135793,39797,858,194
Brazil,9/19/20,4528240,136532,33057,739,195
Brazil,9/20/20,4544629,136895,16389,363,196
Brazil,9/21/20,4558040,137272,13411,377,197
