country,date,confirmed,deaths,new_confirmed,new_deaths,tagged_day
Madagascar,3/26/20,23,0,4,0,1
Madagascar,3/27/20,26,0,3,0,2
Madagascar,3/28/20,26,0,0,0,3
Madagascar,3/29/20,39,0,13,0,4
Madagascar,3/30/20,43,0,4,0,5
Madagascar,3/31/20,57,0,14,0,6
Madagascar,4/1/20,57,0,0,0,7
Madagascar,4/2/20,59,0,2,0,8
Madagascar,4/3/20,70,0,11,0,9
Madagascar,4/4/20,70,0,0,0,10
Madagascar,4/5/20,72,0,2,0,11
Madagascar,4/6/20,82,0,10,0,12
Madagascar,4/7/20,88,0,6,0,13
Madagascar,4/8/20,93,0,5,0,14
Madagascar,4/9/20,93,0,0,0,15
Madagascar,4/10/20,93,0,0,0,16
Madagascar,4/11/20,102,0,9,0,17
Madagascar,4/12/20,106,0,4,0,18
Madagascar,4/13/20,106,0,0,0,19
Madagascar,4/14/20,108,0,2,0,20
Madagascar,4/15/20,110,0,2,0,21
Madagascar,4/16/20,111,0,1,0,22
Madagascar,4/17/20,117,0,6,0,23
Madagascar,4/18/20,120,0,3,0,24
Madagascar,4/19/20,121,0,1,0,25
Madagascar,4/20/20,121,0,0,0,26
Madagascar,4/21/20,121,0,0,0,27
Madagascar,4/22/20,121,0,0,0,28
Madagascar,4/23/20,121,0,0,0,29
Madagascar,4/24/20,122,0,1,0,30
Madagascar,4/25/20,123,0,1,0,31
Madagascar,4/26/20,124,0,1,0,32
Madagascar,4/27/20,128,0,4,0,33
Madagascar,4/28/20,128,0,0,0,34
Madagascar,4/29/20,128,0,0,0,35
Madagascar,4/30/20,128,0,0,0,36
Madagascar,5/1/20,132,0,4,0,37
Madagascar,5/2/20,135,0,3,0,38
Madagascar,5/3/20,149,0,14,0,39
Madagascar,5/4/20,149,0,0,0,40
Madagascar,5/5/20,151,0,2,0,41
Madagascar,5/6/20,158,0,7,0,42
Madagascar,5/7/20,193,0,35,0,43
Madagascar,5/8/20,193,0,0,0,44
Madagascar,5/9/20,193,0,0,0,45
Madagascar,5/10/20,193,0,0,0,46
Madagascar,5/11/20,186,0,-7,0,47
Madagascar,5/12/20,186,0,0,0,48
Madagascar,5/13/20,212,0,26,0,49
Madagascar,5/14/20,230,0,18,0,50
Madagascar,5/15/20,238,0,8,0,51
Madagascar,5/16/20,283,0,45,0,52
Madagascar,5/17/20,304,1,21,1,53
Madagascar,5/18/20,322,1,18,0,54
Madagascar,5/19/20,326,2,4,1,55
Madagascar,5/20/20,371,2,45,0,56
Madagascar,5/21/20,405,2,34,0,57
Madagascar,5/22/20,448,2,43,0,58
Madagascar,5/23/20,488,2,40,0,59
Madagascar,5/24/20,527,2,39,0,60
Madagascar,5/25/20,542,2,15,0,61
Madagascar,5/26/20,586,2,44,0,62
Madagascar,5/27/20,612,2,26,0,63
Madagascar,5/28/20,656,2,44,0,64
Madagascar,5/29/20,698,5,42,3,65
Madagascar,5/30/20,758,6,60,1,66
Madagascar,5/31/20,771,6,13,0,67
Madagascar,6/1/20,826,6,55,0,68
Madagascar,6/2/20,845,6,19,0,69
Madagascar,6/3/20,908,6,63,0,70
Madagascar,6/4/20,957,7,49,1,71
Madagascar,6/5/20,975,7,18,0,72
Madagascar,6/6/20,1026,8,51,1,73
Madagascar,6/7/20,1052,9,26,1,74
Madagascar,6/8/20,1094,9,42,0,75
Madagascar,6/9/20,1138,9,44,0,76
Madagascar,6/10/20,1162,10,24,1,77
Madagascar,6/11/20,1203,10,41,0,78
Madagascar,6/12/20,1240,10,37,0,79
Madagascar,6/13/20,1252,10,12,0,80
Madagascar,6/14/20,1272,10,20,0,81
Madagascar,6/15/20,1290,10,18,0,82
Madagascar,6/16/20,1317,12,27,2,83
Madagascar,6/17/20,1378,12,61,0,84
Madagascar,6/18/20,1403,13,25,1,85
Madagascar,6/19/20,1443,13,40,0,86
Madagascar,6/20/20,1503,13,60,0,87
Madagascar,6/21/20,1596,14,93,1,88
Madagascar,6/22/20,1640,15,44,1,89
Madagascar,6/23/20,1724,15,84,0,90
Madagascar,6/24/20,1787,16,63,1,91
Madagascar,6/25/20,1829,16,42,0,92
Madagascar,6/26/20,1922,16,93,0,93
Madagascar,6/27/20,2005,16,83,0,94
Madagascar,6/28/20,2078,18,73,2,95
Madagascar,6/29/20,2138,20,60,2,96
Madagascar,6/30/20,2214,20,76,0,97
Madagascar,7/1/20,2303,22,89,2,98
Madagascar,7/2/20,2403,24,100,2,99
Madagascar,7/3/20,2512,26,109,2,100
Madagascar,7/4/20,2728,29,216,3,101
Madagascar,7/5/20,2941,32,213,3,102
Madagascar,7/6/20,3250,33,309,1,103
Madagascar,7/7/20,3472,33,222,0,104
Madagascar,7/8/20,3573,33,101,0,105
Madagascar,7/9/20,3782,33,209,0,106
Madagascar,7/10/20,4143,34,361,1,107
Madagascar,7/11/20,4578,34,435,0,108
Madagascar,7/12/20,4867,35,289,1,109
Madagascar,7/13/20,5080,37,213,2,110
Madagascar,7/14/20,5343,39,263,2,111
Madagascar,7/15/20,5605,43,262,4,112
Madagascar,7/16/20,6089,53,484,10,113
Madagascar,7/17/20,6467,54,378,1,114
Madagascar,7/18/20,6849,55,382,1,115
Madagascar,7/19/20,7049,59,200,4,116
Madagascar,7/20/20,7153,62,104,3,117
Madagascar,7/21/20,7548,65,395,3,118
Madagascar,7/22/20,8162,69,614,4,119
Madagascar,7/23/20,8381,70,219,1,120
Madagascar,7/24/20,8741,76,360,6,121
Madagascar,7/25/20,8866,78,125,2,122
Madagascar,7/26/20,9295,85,429,7,123
Madagascar,7/27/20,9690,91,395,6,124
Madagascar,7/28/20,10104,93,414,2,125
Madagascar,7/29/20,10317,99,213,6,126
Madagascar,7/30/20,10748,105,431,6,127
Madagascar,7/31/20,10868,106,120,1,128
Madagascar,8/1/20,11273,107,405,1,129
Madagascar,8/2/20,11528,114,255,7,130
Madagascar,8/3/20,11660,118,132,4,131
Madagascar,8/4/20,11895,123,235,5,132
Madagascar,8/5/20,12222,127,327,4,133
Madagascar,8/6/20,12526,134,304,7,134
Madagascar,8/7/20,12708,135,182,1,135
Madagascar,8/8/20,12922,141,214,6,136
Madagascar,8/9/20,13086,148,164,7,137
Madagascar,8/10/20,13202,151,116,3,138
Madagascar,8/11/20,13317,152,115,1,139
Madagascar,8/12/20,13397,156,80,4,140
Madagascar,8/13/20,13522,162,125,6,141
Madagascar,8/14/20,13643,164,121,2,142
Madagascar,8/15/20,13724,166,81,2,143
Madagascar,8/16/20,13827,170,103,4,144
Madagascar,8/17/20,13886,171,59,1,145
Madagascar,8/18/20,14009,173,123,2,146
Madagascar,8/19/20,14074,173,65,0,147
Madagascar,8/20/20,14154,177,80,4,148
Madagascar,8/21/20,14218,178,64,1,149
Madagascar,8/22/20,14277,178,59,0,150
Madagascar,8/23/20,14327,178,50,0,151
Madagascar,8/24/20,14402,178,75,0,152
Madagascar,8/25/20,14475,178,73,0,153
Madagascar,8/26/20,14554,181,79,3,154
Madagascar,8/27/20,14592,184,38,3,155
Madagascar,8/28/20,14696,187,104,3,156
Madagascar,8/29/20,14791,190,95,3,157
Madagascar,8/30/20,14843,191,52,1,158
Madagascar,8/31/20,14863,192,20,1,159
Madagascar,9/1/20,14957,195,94,3,160
Madagascar,9/2/20,15023,196,66,1,161
Madagascar,9/3/20,15106,197,83,1,162
Madagascar,9/4/20,15187,198,81,1,163
Madagascar,9/5/20,15269,199,82,1,164
Madagascar,9/6/20,15319,200,50,1,165
Madagascar,9/7/20,15352,202,33,2,166
Madagascar,9/8/20,15435,206,83,4,167
Madagascar,9/9/20,15520,206,85,0,168
Madagascar,9/10/20,15624,208,104,2,169
Madagascar,9/11/20,15669,209,45,1,170
Madagascar,9/12/20,15737,210,68,1,171
Madagascar,9/13/20,15757,211,20,1,172
Madagascar,9/14/20,15769,213,12,2,173
Madagascar,9/15/20,15803,214,34,1,174
Madagascar,9/16/20,15871,215,68,1,175
Madagascar,9/17/20,15925,216,54,1,176
Madagascar,9/18/20,15971,217,46,1,177
Madagascar,9/19/20,16020,219,49,2,178
Madagascar,9/20/20,16053,223,33,4,179
Madagascar,9/21/20,16073,225,20,2,180
