country,date,confirmed,deaths,new_confirmed,new_deaths,tagged_day
Algeria,3/9/20,20,0,1,0,1
Algeria,3/10/20,20,0,0,0,2
Algeria,3/11/20,20,0,0,0,3
Algeria,3/12/20,24,1,4,1,4
Algeria,3/13/20,26,2,2,1,5
Algeria,3/14/20,37,3,11,1,6
Algeria,3/15/20,48,4,11,1,7
Algeria,3/16/20,54,4,6,0,8
Algeria,3/17/20,60,4,6,0,9
Algeria,3/18/20,74,7,14,3,10
Algeria,3/19/20,87,9,13,2,11
Algeria,3/20/20,90,11,3,2,12
Algeria,3/21/20,139,15,49,4,13
Algeria,3/22/20,201,17,62,2,14
Algeria,3/23/20,230,17,29,0,15
Algeria,3/24/20,264,19,34,2,16
Algeria,3/25/20,302,21,38,2,17
Algeria,3/26/20,367,25,65,4,18
Algeria,3/27/20,409,26,42,1,19
Algeria,3/28/20,454,29,45,3,20
Algeria,3/29/20,511,31,57,2,21
Algeria,3/30/20,584,35,73,4,22
Algeria,3/31/20,716,44,132,9,23
Algeria,4/1/20,847,58,131,14,24
Algeria,4/2/20,986,86,139,28,25
Algeria,4/3/20,1171,105,185,19,26
Algeria,4/4/20,1251,130,80,25,27
Algeria,4/5/20,1320,152,69,22,28
Algeria,4/6/20,1423,173,103,21,29
Algeria,4/7/20,1468,193,45,20,30
Algeria,4/8/20,1572,205,104,12,31
Algeria,4/9/20,1666,235,94,30,32
Algeria,4/10/20,1761,256,95,21,33
Algeria,4/11/20,1825,275,64,19,34
Algeria,4/12/20,1914,293,89,18,35
Algeria,4/13/20,1983,313,69,20,36
Algeria,4/14/20,2070,326,87,13,37
Algeria,4/15/20,2160,336,90,10,38
Algeria,4/16/20,2268,348,108,12,39
Algeria,4/17/20,2418,364,150,16,40
Algeria,4/18/20,2534,367,116,3,41
Algeria,4/19/20,2629,375,95,8,42
Algeria,4/20/20,2718,384,89,9,43
Algeria,4/21/20,2811,392,93,8,44
Algeria,4/22/20,2910,402,99,10,45
Algeria,4/23/20,3007,407,97,5,46
Algeria,4/24/20,3127,415,120,8,47
Algeria,4/25/20,3256,419,129,4,48
Algeria,4/26/20,3382,425,126,6,49
Algeria,4/27/20,3517,432,135,7,50
Algeria,4/28/20,3649,437,132,5,51
Algeria,4/29/20,3848,444,199,7,52
Algeria,4/30/20,4006,450,158,6,53
Algeria,5/1/20,4154,453,148,3,54
Algeria,5/2/20,4295,459,141,6,55
Algeria,5/3/20,4474,463,179,4,56
Algeria,5/4/20,4648,465,174,2,57
Algeria,5/5/20,4838,470,190,5,58
Algeria,5/6/20,4997,476,159,6,59
Algeria,5/7/20,5182,483,185,7,60
Algeria,5/8/20,5369,488,187,5,61
Algeria,5/9/20,5558,494,189,6,62
Algeria,5/10/20,5723,502,165,8,63
Algeria,5/11/20,5891,507,168,5,64
Algeria,5/12/20,6067,515,176,8,65
Algeria,5/13/20,6253,522,186,7,66
Algeria,5/14/20,6442,529,189,7,67
Algeria,5/15/20,6629,536,187,7,68
Algeria,5/16/20,6821,542,192,6,69
Algeria,5/17/20,7019,548,198,6,70
Algeria,5/18/20,7201,555,182,7,71
Algeria,5/19/20,7377,561,176,6,72
Algeria,5/20/20,7542,568,165,7,73
Algeria,5/21/20,7728,575,186,7,74
Algeria,5/22/20,7918,582,190,7,75
Algeria,5/23/20,8113,592,195,10,76
Algeria,5/24/20,8306,600,193,8,77
Algeria,5/25/20,8503,609,197,9,78
Algeria,5/26/20,8697,617,194,8,79
Algeria,5/27/20,8857,623,160,6,80
Algeria,5/28/20,8997,630,140,7,81
Algeria,5/29/20,9134,638,137,8,82
Algeria,5/30/20,9267,646,133,8,83
Algeria,5/31/20,9394,653,127,7,84
Algeria,6/1/20,9513,661,119,8,85
Algeria,6/2/20,9626,667,113,6,86
Algeria,6/3/20,9733,673,107,6,87
Algeria,6/4/20,9831,681,98,8,88
Algeria,6/5/20,9935,690,104,9,89
Algeria,6/6/20,10050,698,115,8,90
Algeria,6/7/20,10154,707,104,9,91
Algeria,6/8/20,10265,715,111,8,92
Algeria,6/9/20,10382,724,117,9,93
Algeria,6/10/20,10484,732,102,8,94
Algeria,6/11/20,10589,741,105,9,95
Algeria,6/12/20,10698,751,109,10,96
Algeria,6/13/20,10810,760,112,9,97
Algeria,6/14/20,10919,767,109,7,98
Algeria,6/15/20,11031,777,112,10,99
Algeria,6/16/20,11147,788,116,11,100
Algeria,6/17/20,11268,799,121,11,101
Algeria,6/18/20,11385,811,117,12,102
Algeria,6/19/20,11504,825,119,14,103
Algeria,6/20/20,11631,837,127,12,104
Algeria,6/21/20,11771,845,140,8,105
Algeria,6/22/20,11920,852,149,7,106
Algeria,6/23/20,12076,861,156,9,107
Algeria,6/24/20,12248,869,172,8,108
Algeria,6/25/20,12445,878,197,9,109
Algeria,6/26/20,12685,885,240,7,110
Algeria,6/27/20,12968,892,283,7,111
Algeria,6/28/20,13273,897,305,5,112
Algeria,6/29/20,13571,905,298,8,113
Algeria,6/30/20,13907,912,336,7,114
Algeria,7/1/20,14272,920,365,8,115
Algeria,7/2/20,14657,928,385,8,116
Algeria,7/3/20,15070,937,413,9,117
Algeria,7/4/20,15500,946,430,9,118
Algeria,7/5/20,15941,952,441,6,119
Algeria,7/6/20,16404,959,463,7,120
Algeria,7/7/20,16879,968,475,9,121
Algeria,7/8/20,17348,978,469,10,122
Algeria,7/9/20,17808,988,460,10,123
Algeria,7/10/20,18242,996,434,8,124
Algeria,7/11/20,18712,1004,470,8,125
Algeria,7/12/20,19195,1011,483,7,126
Algeria,7/13/20,19689,1018,494,7,127
Algeria,7/14/20,20216,1028,527,10,128
Algeria,7/15/20,20770,1040,554,12,129
Algeria,7/16/20,21355,1052,585,12,130
Algeria,7/17/20,21948,1057,593,5,131
Algeria,7/18/20,22549,1068,601,11,132
Algeria,7/19/20,23084,1078,535,10,133
Algeria,7/20/20,23691,1087,607,9,134
Algeria,7/21/20,24278,1100,587,13,135
Algeria,7/22/20,24872,1111,594,11,136
Algeria,7/23/20,25484,1124,612,13,137
Algeria,7/24/20,26159,1136,675,12,138
Algeria,7/25/20,26764,1146,605,10,139
Algeria,7/26/20,27357,1155,593,9,140
Algeria,7/27/20,27973,1163,616,8,141
Algeria,7/28/20,28615,1174,642,11,142
Algeria,7/29/20,29229,1186,614,12,143
Algeria,7/30/20,29831,1200,602,14,144
Algeria,7/31/20,30394,1210,563,10,145
Algeria,8/1/20,30950,1223,556,13,146
Algeria,8/2/20,31465,1231,515,8,147
Algeria,8/3/20,31972,1239,507,8,148
Algeria,8/4/20,32504,1248,532,9,149
Algeria,8/5/20,33055,1261,551,13,150
Algeria,8/6/20,33626,1273,571,12,151
Algeria,8/7/20,34155,1282,529,9,152
Algeria,8/8/20,34693,1293,538,11,153
Algeria,8/9/20,35160,1302,467,9,154
Algeria,8/10/20,35712,1312,552,10,155
Algeria,8/11/20,36204,1322,492,10,156
Algeria,8/12/20,36699,1333,495,11,157
Algeria,8/13/20,37187,1341,488,8,158
Algeria,8/14/20,37664,1351,477,10,159
Algeria,8/15/20,38133,1360,469,9,160
Algeria,8/16/20,38583,1370,450,10,161
Algeria,8/17/20,39025,1379,442,9,162
Algeria,8/18/20,39444,1391,419,12,163
Algeria,8/19/20,39847,1402,403,11,164
Algeria,8/20/20,40258,1411,411,9,165
Algeria,8/21/20,40667,1418,409,7,166
Algeria,8/22/20,41068,1424,401,6,167
Algeria,8/23/20,41460,1435,392,11,168
Algeria,8/24/20,41858,1446,398,11,169
Algeria,8/25/20,42228,1456,370,10,170
Algeria,8/26/20,42619,1465,391,9,171
Algeria,8/27/20,43016,1475,397,10,172
Algeria,8/28/20,43403,1483,387,8,173
Algeria,8/29/20,43781,1491,378,8,174
Algeria,8/30/20,44146,1501,365,10,175
Algeria,8/31/20,44494,1510,348,9,176
Algeria,9/1/20,44833,1518,339,8,177
Algeria,9/2/20,45158,1523,325,5,178
Algeria,9/3/20,45469,1529,311,6,179
Algeria,9/4/20,45773,1539,304,10,180
Algeria,9/5/20,46071,1549,298,10,181
Algeria,9/6/20,46364,1556,293,7,182
Algeria,9/7/20,46653,1562,289,6,183
