country,date,confirmed,deaths,new_confirmed,new_deaths,tagged_day
Israel,3/5/20,20,0,5,0,1
Israel,3/6/20,37,0,17,0,2
Israel,3/7/20,43,0,6,0,3
Israel,3/8/20,61,0,18,0,4
Israel,3/9/20,61,0,0,0,5
Israel,3/10/20,75,0,14,0,6
Israel,3/11/20,79,0,4,0,7
Israel,3/12/20,100,0,21,0,8
Israel,3/13/20,126,0,26,0,9
Israel,3/14/20,155,0,29,0,10
Israel,3/15/20,213,0,58,0,11
Israel,3/16/20,218,0,5,0,12
Israel,3/17/20,250,0,32,0,13
Israel,3/18/20,304,0,54,0,14
Israel,3/19/20,427,0,123,0,15
Israel,3/20/20,529,0,102,0,16
Israel,3/21/20,712,1,183,1,17
Israel,3/22/20,883,1,171,0,18
Israel,3/23/20,1071,1,188,0,19
Israel,3/24/20,1238,3,167,2,20
Israel,3/25/20,2369,5,1131,2,21
Israel,3/26/20,2693,8,324,3,22
Israel,3/27/20,3035,12,342,4,23
Israel,3/28/20,3619,12,584,0,24
Israel,3/29/20,4247,15,628,3,25
Israel,3/30/20,4695,16,448,1,26
Israel,3/31/20,5358,20,663,4,27
Israel,4/1/20,6092,26,734,6,28
Israel,4/2/20,6857,36,765,10,29
Israel,4/3/20,7428,40,571,4,30
Israel,4/4/20,7851,44,423,4,31
Israel,4/5/20,8430,49,579,5,32
Israel,4/6/20,8904,57,474,8,33
Israel,4/7/20,9248,65,344,8,34
Israel,4/8/20,9404,73,156,8,35
Israel,4/9/20,9968,86,564,13,36
Israel,4/10/20,10408,95,440,9,37
Israel,4/11/20,10743,101,335,6,38
Israel,4/12/20,11145,103,402,2,39
Israel,4/13/20,11586,116,441,13,40
Israel,4/14/20,12046,123,460,7,41
Israel,4/15/20,12501,130,455,7,42
Israel,4/16/20,12758,142,257,12,43
Israel,4/17/20,12982,151,224,9,44
Israel,4/18/20,13265,164,283,13,45
Israel,4/19/20,13491,172,226,8,46
Israel,4/20/20,13713,177,222,5,47
Israel,4/21/20,13942,184,229,7,48
Israel,4/22/20,14498,189,556,5,49
Israel,4/23/20,14803,192,305,3,50
Israel,4/24/20,15058,194,255,2,51
Israel,4/25/20,15298,199,240,5,52
Israel,4/26/20,15443,201,145,2,53
Israel,4/27/20,15555,204,112,3,54
Israel,4/28/20,15728,210,173,6,55
Israel,4/29/20,15834,215,106,5,56
Israel,4/30/20,15946,222,112,7,57
Israel,5/1/20,16101,225,155,3,58
Israel,5/2/20,16185,229,84,4,59
Israel,5/3/20,16208,232,23,3,60
Israel,5/4/20,16246,235,38,3,61
Israel,5/5/20,16289,238,43,3,62
Israel,5/6/20,16310,239,21,1,63
Israel,5/7/20,16381,240,71,1,64
Israel,5/8/20,16436,245,55,5,65
Israel,5/9/20,16454,247,18,2,66
Israel,5/10/20,16477,252,23,5,67
Israel,5/11/20,16506,258,29,6,68
Israel,5/12/20,16529,260,23,2,69
Israel,5/13/20,16548,264,19,4,70
Israel,5/14/20,16579,265,31,1,71
Israel,5/15/20,16589,266,10,1,72
Israel,5/16/20,16608,268,19,2,73
Israel,5/17/20,16617,272,9,4,74
Israel,5/18/20,16643,276,26,4,75
Israel,5/19/20,16659,278,16,2,76
Israel,5/20/20,16667,279,8,1,77
Israel,5/21/20,16683,279,16,0,78
Israel,5/22/20,16690,279,7,0,79
Israel,5/23/20,16712,279,22,0,80
Israel,5/24/20,16717,279,5,0,81
Israel,5/25/20,16734,281,17,2,82
Israel,5/26/20,16757,281,23,0,83
Israel,5/27/20,16793,281,36,0,84
Israel,5/28/20,16872,284,79,3,85
Israel,5/29/20,16987,284,115,0,86
Israel,5/30/20,17012,284,25,0,87
Israel,5/31/20,17071,285,59,1,88
Israel,6/1/20,17169,285,98,0,89
Israel,6/2/20,17285,290,116,5,90
Israel,6/3/20,17377,291,92,1,91
Israel,6/4/20,17495,291,118,0,92
Israel,6/5/20,17562,291,67,0,93
Israel,6/6/20,17752,295,190,4,94
Israel,6/7/20,17863,298,111,3,95
Israel,6/8/20,18032,298,169,0,96
Israel,6/9/20,18180,299,148,1,97
Israel,6/10/20,18355,299,175,0,98
Israel,6/11/20,18569,300,214,1,99
Israel,6/12/20,18795,300,226,0,100
Israel,6/13/20,18972,300,177,0,101
Israel,6/14/20,19055,300,83,0,102
Israel,6/15/20,19237,302,182,2,103
Israel,6/16/20,19495,302,258,0,104
Israel,6/17/20,19783,303,288,1,105
Israel,6/18/20,20036,303,253,0,106
Israel,6/19/20,20339,304,303,1,107
Israel,6/20/20,20633,305,294,1,108
Israel,6/21/20,20778,306,145,1,109
Israel,6/22/20,21082,307,304,1,110
Israel,6/23/20,21512,308,430,1,111
Israel,6/24/20,22044,308,532,0,112
Israel,6/25/20,22400,309,356,1,113
Israel,6/26/20,22800,314,400,5,114
Israel,6/27/20,23421,317,621,3,115
Israel,6/28/20,23755,318,334,1,116
Israel,6/29/20,24441,319,686,1,117
Israel,6/30/20,25244,320,803,1,118
Israel,7/1/20,26257,322,1013,2,119
Israel,7/2/20,27047,324,790,2,120
Israel,7/3/20,28055,326,1008,2,121
Israel,7/4/20,29170,330,1115,4,122
Israel,7/5/20,29958,331,788,1,123
Israel,7/6/20,30749,334,791,3,124
Israel,7/7/20,32222,342,1473,8,125
Israel,7/8/20,33557,344,1335,2,126
Israel,7/9/20,34825,348,1268,4,127
Israel,7/10/20,36266,351,1441,3,128
Israel,7/11/20,37464,354,1198,3,129
Israel,7/12/20,38670,362,1206,8,130
Israel,7/13/20,40632,365,1962,3,131
Israel,7/14/20,42360,371,1728,6,132
Israel,7/15/20,44188,376,1828,5,133
Israel,7/16/20,46059,384,1871,8,134
Israel,7/17/20,47459,392,1400,8,135
Israel,7/18/20,49365,401,1906,9,136
Israel,7/19/20,50289,409,924,8,137
Israel,7/20/20,52003,415,1714,6,138
Israel,7/21/20,54042,425,2039,10,139
Israel,7/22/20,56085,430,2043,5,140
Israel,7/23/20,57982,442,1897,12,141
Israel,7/24/20,59475,448,1493,6,142
Israel,7/25/20,60678,457,1203,9,143
Israel,7/26/20,61956,470,1278,13,144
Israel,7/27/20,63985,474,2029,4,145
Israel,7/28/20,66293,486,2308,12,146
Israel,7/29/20,68299,491,2006,5,147
Israel,7/30/20,70036,500,1737,9,148
Israel,7/31/20,70970,512,934,12,149
Israel,8/1/20,72218,526,1248,14,150
Israel,8/2/20,72815,536,597,10,151
Israel,8/3/20,74430,546,1615,10,152
Israel,8/4/20,76198,561,1768,15,153
Israel,8/5/20,77919,565,1721,4,154
Israel,8/6/20,79559,576,1640,11,155
Israel,8/7/20,80991,581,1432,5,156
Israel,8/8/20,82324,593,1333,12,157
Israel,8/9/20,83002,600,678,7,158
Israel,8/10/20,84722,613,1720,13,159
Israel,8/11/20,86593,622,1871,9,160
Israel,8/12/20,88151,639,1558,17,161
Israel,8/13/20,89822,651,1671,12,162
Israel,8/14/20,91080,665,1258,14,163
Israel,8/15/20,92233,674,1153,9,164
Israel,8/16/20,92680,685,447,11,165
Israel,8/17/20,94751,692,2071,7,166
Israel,8/18/20,96409,708,1658,16,167
Israel,8/19/20,97969,781,1560,73,168
Israel,8/20/20,99599,795,1630,14,169
Israel,8/21/20,100716,809,1117,14,170
Israel,8/22/20,101933,819,1217,10,171
Israel,8/23/20,102663,834,730,15,172
Israel,8/24/20,104472,847,1809,13,173
Israel,8/25/20,106460,859,1988,12,174
Israel,8/26/20,108403,875,1943,16,175
Israel,8/27/20,110403,884,2000,9,176
Israel,8/28/20,112000,894,1597,10,177
Israel,8/29/20,113465,906,1465,12,178
Israel,8/30/20,114020,919,555,13,179
Israel,8/31/20,116596,939,2576,20,180
Israel,9/1/20,118538,957,1942,18,181
Israel,9/2/20,121464,969,2926,12,182
Israel,9/3/20,124455,985,2991,16,183
Israel,9/4/20,126419,993,1964,8,184
Israel,9/5/20,128936,1007,2517,14,185
Israel,9/6/20,130644,1019,1708,12,186
Israel,9/7/20,133975,1026,3331,7,187
