country,date,confirmed,deaths,new_confirmed,new_deaths,tagged_day
Afghanistan,3/18/20,24,0,4,0,1
Afghanistan,3/19/20,25,0,1,0,2
Afghanistan,3/20/20,29,0,4,0,3
Afghanistan,3/21/20,30,0,1,0,4
Afghanistan,3/22/20,34,1,4,1,5
Afghanistan,3/23/20,41,1,7,0,6
Afghanistan,3/24/20,43,1,2,0,7
Afghanistan,3/25/20,76,2,33,1,8
Afghanistan,3/26/20,80,3,4,1,9
Afghanistan,3/27/20,91,3,11,0,10
Afghanistan,3/28/20,107,4,16,1,11
Afghanistan,3/29/20,118,4,11,0,12
Afghanistan,3/30/20,146,4,28,0,13
Afghanistan,3/31/20,175,4,29,0,14
Afghanistan,4/1/20,197,4,22,0,15
Afghanistan,4/2/20,240,4,43,0,16
Afghanistan,4/3/20,275,8,35,4,17
Afghanistan,4/4/20,300,10,25,2,18
Afghanistan,4/5/20,338,12,38,2,19
Afghanistan,4/6/20,368,15,30,3,20
Afghanistan,4/7/20,424,16,56,1,21
Afghanistan,4/8/20,445,16,21,0,22
Afghanistan,4/9/20,485,17,40,1,23
Afghanistan,4/10/20,532,18,47,1,24
Afghanistan,4/11/20,556,18,24,0,25
Afghanistan,4/12/20,608,19,52,1,26
Afghanistan,4/13/20,666,22,58,3,27
Afghanistan,4/14/20,715,23,49,1,28
Afghanistan,4/15/20,785,29,70,6,29
Afghanistan,4/16/20,841,30,56,1,30
Afghanistan,4/17/20,907,30,66,0,31
Afghanistan,4/18/20,934,30,27,0,32
Afghanistan,4/19/20,997,33,63,3,33
Afghanistan,4/20/20,1027,36,30,3,34
Afghanistan,4/21/20,1093,36,66,0,35
Afghanistan,4/22/20,1177,40,84,4,36
Afghanistan,4/23/20,1236,40,59,0,37
Afghanistan,4/24/20,1331,43,95,3,38
Afghanistan,4/25/20,1464,47,133,4,39
Afghanistan,4/26/20,1532,52,68,5,40
Afghanistan,4/27/20,1704,58,172,6,41
Afghanistan,4/28/20,1830,59,126,1,42
Afghanistan,4/29/20,1940,61,110,2,43
Afghanistan,4/30/20,2127,64,187,3,44
Afghanistan,5/1/20,2291,68,164,4,45
Afghanistan,5/2/20,2470,72,179,4,46
Afghanistan,5/3/20,2705,85,235,13,47
Afghanistan,5/4/20,2895,90,190,5,48
Afghanistan,5/5/20,3225,95,330,5,49
Afghanistan,5/6/20,3393,104,168,9,50
Afghanistan,5/7/20,3564,106,171,2,51
Afghanistan,5/8/20,3781,109,217,3,52
Afghanistan,5/9/20,4042,115,261,6,53
Afghanistan,5/10/20,4403,120,361,5,54
Afghanistan,5/11/20,4687,122,284,2,55
Afghanistan,5/12/20,4968,127,281,5,56
Afghanistan,5/13/20,5227,132,259,5,57
Afghanistan,5/14/20,5640,136,413,4,58
Afghanistan,5/15/20,6054,153,414,17,59
Afghanistan,5/16/20,6403,168,349,15,60
Afghanistan,5/17/20,6665,170,262,2,61
Afghanistan,5/18/20,7073,173,408,3,62
Afghanistan,5/19/20,7654,178,581,5,63
Afghanistan,5/20/20,8146,188,492,10,64
Afghanistan,5/21/20,8677,194,531,6,65
Afghanistan,5/22/20,9219,206,542,12,66
Afghanistan,5/23/20,10001,217,782,11,67
Afghanistan,5/24/20,10585,219,584,2,68
Afghanistan,5/25/20,11176,220,591,1,69
Afghanistan,5/26/20,11834,221,658,1,70
Afghanistan,5/27/20,12459,228,625,7,71
Afghanistan,5/28/20,13039,236,580,8,72
Afghanistan,5/29/20,13662,247,623,11,73
Afghanistan,5/30/20,14528,250,866,3,74
Afghanistan,5/31/20,15208,258,680,8,75
Afghanistan,6/1/20,15753,266,545,8,76
Afghanistan,6/2/20,16512,274,759,8,77
Afghanistan,6/3/20,17270,298,758,24,78
Afghanistan,6/4/20,18057,304,787,6,79
Afghanistan,6/5/20,18972,313,915,9,80
Afghanistan,6/6/20,19554,331,582,18,81
Afghanistan,6/7/20,20345,361,791,30,82
Afghanistan,6/8/20,20920,373,575,12,83
Afghanistan,6/9/20,21462,388,542,15,84
Afghanistan,6/10/20,22146,409,684,21,85
Afghanistan,6/11/20,22894,430,748,21,86
Afghanistan,6/12/20,23550,450,656,20,87
Afghanistan,6/13/20,24106,455,556,5,88
Afghanistan,6/14/20,24770,475,664,20,89
Afghanistan,6/15/20,25531,482,761,7,90
Afghanistan,6/16/20,26314,495,783,13,91
Afghanistan,6/17/20,26878,508,564,13,92
Afghanistan,6/18/20,27536,550,658,42,93
Afghanistan,6/19/20,27882,552,346,2,94
Afghanistan,6/20/20,28428,573,546,21,95
Afghanistan,6/21/20,28837,585,409,12,96
Afghanistan,6/22/20,29147,597,310,12,97
Afghanistan,6/23/20,29471,617,324,20,98
Afghanistan,6/24/20,29705,638,234,21,99
Afghanistan,6/25/20,30165,674,460,36,100
Afghanistan,6/26/20,30441,682,276,8,101
Afghanistan,6/27/20,30606,716,165,34,102
Afghanistan,6/28/20,30957,728,351,12,103
Afghanistan,6/29/20,31228,740,271,12,104
Afghanistan,6/30/20,31507,752,279,12,105
Afghanistan,7/1/20,31826,780,319,28,106
Afghanistan,7/2/20,32012,809,186,29,107
Afghanistan,7/3/20,32314,821,302,12,108
Afghanistan,7/4/20,32662,828,348,7,109
Afghanistan,7/5/20,32941,866,279,38,110
Afghanistan,7/6/20,33180,900,239,34,111
Afghanistan,7/7/20,33374,922,194,22,112
Afghanistan,7/8/20,33584,939,210,17,113
Afghanistan,7/9/20,33898,959,314,20,114
Afghanistan,7/10/20,34184,973,286,14,115
Afghanistan,7/11/20,34356,996,172,23,116
Afghanistan,7/12/20,34441,1012,85,16,117
Afghanistan,7/13/20,34595,1040,154,28,118
Afghanistan,7/14/20,34730,1064,135,24,119
Afghanistan,7/15/20,34984,1096,254,32,120
Afghanistan,7/16/20,35060,1117,76,21,121
Afghanistan,7/17/20,35219,1149,159,32,122
Afghanistan,7/18/20,35279,1166,60,17,123
Afghanistan,7/19/20,35453,1183,174,17,124
Afghanistan,7/20/20,35493,1185,40,2,125
Afghanistan,7/21/20,35605,1188,112,3,126
Afghanistan,7/22/20,35717,1192,112,4,127
Afghanistan,7/23/20,35918,1213,201,21,128
Afghanistan,7/24/20,35978,1227,60,14,129
Afghanistan,7/25/20,36026,1249,48,22,130
Afghanistan,7/26/20,36147,1261,121,12,131
Afghanistan,7/27/20,36253,1271,106,10,132
Afghanistan,7/28/20,36358,1272,105,1,133
Afghanistan,7/29/20,36463,1273,105,1,134
Afghanistan,7/30/20,36532,1283,69,10,135
Afghanistan,7/31/20,36665,1284,133,1,136
Afghanistan,8/1/20,36700,1285,35,1,137
Afghanistan,8/2/20,36701,1286,1,1,138
Afghanistan,8/3/20,36737,1290,36,4,139
Afghanistan,8/4/20,36773,1290,36,0,140
Afghanistan,8/5/20,36820,1296,47,6,141
Afghanistan,8/6/20,36928,1301,108,5,142
Afghanistan,8/7/20,37006,1310,78,9,143
Afghanistan,8/8/20,37046,1315,40,5,144
Afghanistan,8/9/20,37083,1321,37,6,145
Afghanistan,8/10/20,37153,1329,70,8,146
Afghanistan,8/11/20,37260,1346,107,17,147
Afghanistan,8/12/20,37336,1356,76,10,148
Afghanistan,8/13/20,37422,1365,86,9,149
Afghanistan,8/14/20,37497,1370,75,5,150
Afghanistan,8/15/20,37542,1371,45,1,151
Afghanistan,8/16/20,37590,1376,48,5,152
Afghanistan,8/17/20,37667,1378,77,2,153
Afghanistan,8/18/20,37710,1382,43,4,154
Afghanistan,8/19/20,37750,1384,40,2,155
Afghanistan,8/20/20,37852,1386,102,2,156
Afghanistan,8/21/20,37885,1386,33,0,157
Afghanistan,8/22/20,37944,1386,59,0,158
Afghanistan,8/23/20,37990,1388,46,2,159
Afghanistan,8/24/20,38045,1390,55,2,160
Afghanistan,8/25/20,38061,1398,16,8,161
Afghanistan,8/26/20,38103,1402,42,4,162
Afghanistan,8/27/20,38119,1402,16,0,163
Afghanistan,8/28/20,38130,1403,11,1,164
Afghanistan,8/29/20,38133,1403,3,0,165
Afghanistan,8/30/20,38155,1403,22,0,166
Afghanistan,8/31/20,38159,1403,4,0,167
Afghanistan,9/1/20,38193,1407,34,4,168
Afghanistan,9/2/20,38243,1410,50,3,169
Afghanistan,9/3/20,38288,1410,45,0,170
Afghanistan,9/4/20,38304,1410,16,0,171
Afghanistan,9/5/20,38324,1410,20,0,172
Afghanistan,9/6/20,38398,1413,74,3,173
Afghanistan,9/7/20,38494,1416,96,3,174
Afghanistan,9/8/20,38520,1419,26,3,175
Afghanistan,9/9/20,38544,1421,24,2,176
Afghanistan,9/10/20,38572,1421,28,0,177
Afghanistan,9/11/20,38606,1421,34,0,178
Afghanistan,9/12/20,38641,1421,35,0,179
Afghanistan,9/13/20,38716,1421,75,0,180
Afghanistan,9/14/20,38772,1427,56,6,181
Afghanistan,9/15/20,38815,1428,43,1,182
Afghanistan,9/16/20,38855,1438,40,10,183
Afghanistan,9/17/20,38872,1438,17,0,184
Afghanistan,9/18/20,38897,1439,25,1,185
Afghanistan,9/19/20,38919,1439,22,0,186
Afghanistan,9/20/20,39044,1443,125,4,187
Afghanistan,9/21/20,39074,1446,30,3,188
Afghanistan,9/22/20,39096,1447,22,1,189
Afghanistan,9/23/20,39145,1448,49,1,190
Afghanistan,9/24/20,39170,1453,25,5,191
Afghanistan,9/25/20,39186,1453,16,0,192
Afghanistan,9/26/20,39192,1455,6,2,193
Afghanistan,9/27/20,39227,1455,35,0,194
Afghanistan,9/28/20,39239,1458,12,3,195
Afghanistan,9/29/20,39254,1460,15,2,196
Afghanistan,9/30/20,39268,1460,14,0,197
Afghanistan,10/1/20,39285,1460,17,0,198
Afghanistan,10/2/20,39290,1460,5,0,199
Afghanistan,10/3/20,39297,1464,7,4,200
Afghanistan,10/4/20,39341,1464,44,0,201
Afghanistan,10/5/20,39422,1468,81,4,202
Afghanistan,10/6/20,39486,1469,64,1,203
Afghanistan,10/7/20,39548,1471,62,2,204
Afghanistan,10/8/20,39616,1472,68,1,205
Afghanistan,10/9/20,39693,1474,77,2,206
Afghanistan,10/10/20,39703,1475,10,1,207
Afghanistan,10/11/20,39799,1479,96,4,208
Afghanistan,10/12/20,39870,1481,71,2,209
Afghanistan,10/13/20,39928,1482,58,1,210
Afghanistan,10/14/20,39994,1483,66,1,211
Afghanistan,10/15/20,40026,1483,32,0,212
Afghanistan,10/16/20,40088,1487,62,4,213
Afghanistan,10/17/20,40141,1490,53,3,214
Afghanistan,10/18/20,40200,1494,59,4,215
Afghanistan,10/19/20,40287,1499,87,5,216
Afghanistan,10/20/20,40369,1501,82,2,217
Afghanistan,10/21/20,40510,1503,141,2,218
Afghanistan,10/22/20,40626,1507,116,4,219
Afghanistan,10/23/20,40687,1509,61,2,220
Afghanistan,10/24/20,40768,1513,81,4,221
Afghanistan,10/25/20,40833,1516,65,3,222
Afghanistan,10/26/20,40937,1520,104,4,223
Afghanistan,10/27/20,41032,1525,95,5,224
Afghanistan,10/28/20,41145,1531,113,6,225
Afghanistan,10/29/20,41268,1534,123,3,226
Afghanistan,10/30/20,41334,1535,66,1,227
Afghanistan,10/31/20,41425,1538,91,3,228
Afghanistan,11/1/20,41501,1538,76,0,229
Afghanistan,11/2/20,41633,1544,132,6,230
Afghanistan,11/3/20,41728,1547,95,3,231
Afghanistan,11/4/20,41814,1551,86,4,232
Afghanistan,11/5/20,41935,1557,121,6,233
Afghanistan,11/6/20,41975,1557,40,0,234
Afghanistan,11/7/20,42033,1559,58,2,235
Afghanistan,11/8/20,42159,1565,126,6,236
Afghanistan,11/9/20,42297,1577,138,12,237
Afghanistan,11/10/20,42463,1580,166,3,238
Afghanistan,11/11/20,42609,1584,146,4,239
Afghanistan,11/12/20,42795,1594,186,10,240
Afghanistan,11/13/20,42969,1598,174,4,241
Afghanistan,11/14/20,43035,1608,66,10,242
Afghanistan,11/15/20,43240,1620,205,12,243
Afghanistan,11/16/20,43468,1635,228,15,244
Afghanistan,11/17/20,43681,1641,213,6,245
Afghanistan,11/18/20,43924,1648,243,7,246
Afghanistan,11/19/20,44177,1653,253,5,247
Afghanistan,11/20/20,44363,1666,186,13,248
Afghanistan,11/21/20,44503,1678,140,12,249
Afghanistan,11/22/20,44706,1690,203,12,250
Afghanistan,11/23/20,44988,1702,282,12,251
Afghanistan,11/24/20,45174,1715,186,13,252
Afghanistan,11/25/20,45384,1728,210,13,253
Afghanistan,11/26/20,45600,1737,216,9,254
Afghanistan,11/27/20,45723,1740,123,3,255
Afghanistan,11/28/20,45844,1752,121,12,256
Afghanistan,11/29/20,46116,1774,272,22,257
Afghanistan,11/30/20,46274,1795,158,21,258
Afghanistan,12/1/20,46516,1822,242,27,259
Afghanistan,12/2/20,46718,1841,202,19,260
Afghanistan,12/3/20,46837,1846,119,5,261
Afghanistan,12/4/20,46837,1846,0,0,262
Afghanistan,12/5/20,47072,1864,235,18,263
Afghanistan,12/6/20,47306,1874,234,10,264
Afghanistan,12/7/20,47516,1900,210,26,265
Afghanistan,12/8/20,47716,1906,200,6,266
Afghanistan,12/9/20,47851,1919,135,13,267
Afghanistan,12/10/20,48053,1935,202,16,268
Afghanistan,12/11/20,48116,1945,63,10,269
Afghanistan,12/12/20,48229,1956,113,11,270
Afghanistan,12/13/20,48527,1965,298,9,271
Afghanistan,12/14/20,48718,1969,191,4,272
Afghanistan,12/15/20,48952,1995,234,26,273
Afghanistan,12/16/20,49161,2011,209,16,274
Afghanistan,12/17/20,49378,2025,217,14,275
Afghanistan,12/18/20,49621,2030,243,5,276
Afghanistan,12/19/20,49681,2047,60,17,277
Afghanistan,12/20/20,49817,2067,136,20,278
Afghanistan,12/21/20,50013,2082,196,15,279
Afghanistan,12/22/20,50190,2096,177,14,280
Afghanistan,12/23/20,50433,2117,243,21,281
Afghanistan,12/24/20,50655,2126,222,9,282
Afghanistan,12/25/20,50810,2139,155,13,283
Afghanistan,12/26/20,50886,2149,76,10,284
Afghanistan,12/27/20,51039,2160,153,11,285
Afghanistan,12/28/20,51280,2174,241,14,286
Afghanistan,12/29/20,51350,2179,70,5,287
Afghanistan,12/30/20,51405,2181,55,2,288
Afghanistan,12/31/20,51526,2191,121,10,289
Afghanistan,1/1/21,51526,2191,0,0,290
Afghanistan,1/2/21,51526,2191,0,0,291
Afghanistan,1/3/21,51526,2191,0,0,292
Afghanistan,1/4/21,53011,2237,1485,46,293
Afghanistan,1/5/21,53105,2244,94,7,294
Afghanistan,1/6/21,53105,2244,0,0,295
Afghanistan,1/7/21,53207,2253,102,9,296
Afghanistan,1/8/21,53332,2257,125,4,297
Afghanistan,1/9/21,53400,2264,68,7,298
Afghanistan,1/10/21,53489,2277,89,13,299
Afghanistan,1/11/21,53538,2288,49,11,300
Afghanistan,1/12/21,53584,2301,46,13,301
Afghanistan,1/13/21,53584,2301,0,0,302
Afghanistan,1/14/21,53775,2314,191,13,303
Afghanistan,1/15/21,53831,2324,56,10,304
Afghanistan,1/16/21,53938,2336,107,12,305
Afghanistan,1/17/21,53984,2339,46,3,306
Afghanistan,1/18/21,54062,2343,78,4,307
Afghanistan,1/19/21,54141,2346,79,3,308
Afghanistan,1/20/21,54278,2354,137,8,309
Afghanistan,1/21/21,54403,2363,125,9,310
Afghanistan,1/22/21,54483,2370,80,7,311
Afghanistan,1/23/21,54559,2373,76,3,312
Afghanistan,1/24/21,54595,2378,36,5,313
Afghanistan,1/25/21,54672,2385,77,7,314
Afghanistan,1/26/21,54750,2389,78,4,315
Afghanistan,1/27/21,54854,2389,104,0,316
Afghanistan,1/28/21,54891,2397,37,8,317
Afghanistan,1/29/21,54939,2399,48,2,318
Afghanistan,1/30/21,55008,2400,69,1,319
Afghanistan,1/31/21,55023,2400,15,0,320
Afghanistan,2/1/21,55059,2404,36,4,321
Afghanistan,2/2/21,55121,2405,62,1,322
Afghanistan,2/3/21,55174,2406,53,1,323
Afghanistan,2/4/21,55231,2407,57,1,324
Afghanistan,2/5/21,55265,2407,34,0,325
Afghanistan,2/6/21,55330,2408,65,1,326
Afghanistan,2/7/21,55335,2410,5,2,327
Afghanistan,2/8/21,55359,2413,24,3,328
Afghanistan,2/9/21,55384,2414,25,1,329
Afghanistan,2/10/21,55402,2418,18,4,330
Afghanistan,2/11/21,55420,2419,18,1,331
Afghanistan,2/12/21,55445,2424,25,5,332
Afghanistan,2/13/21,55473,2427,28,3,333
Afghanistan,2/14/21,55492,2427,19,0,334
Afghanistan,2/15/21,55514,2427,22,0,335
Afghanistan,2/16/21,55518,2428,4,1,336
Afghanistan,2/17/21,55540,2428,22,0,337
Afghanistan,2/18/21,55557,2430,17,2,338
Afghanistan,2/19/21,55575,2430,18,0,339
Afghanistan,2/20/21,55580,2430,5,0,340
Afghanistan,2/21/21,55604,2432,24,2,341
Afghanistan,2/22/21,55617,2433,13,1,342
Afghanistan,2/23/21,55646,2435,29,2,343
Afghanistan,2/24/21,55664,2436,18,1,344
Afghanistan,2/25/21,55680,2438,16,2,345
Afghanistan,2/26/21,55696,2442,16,4,346
Afghanistan,2/27/21,55707,2443,11,1,347
Afghanistan,2/28/21,55714,2443,7,0,348
Afghanistan,3/1/21,55733,2444,19,1,349
Afghanistan,3/2/21,55759,2446,26,2,350
Afghanistan,3/3/21,55770,2446,11,0,351
Afghanistan,3/4/21,55775,2446,5,0,352
Afghanistan,3/5/21,55827,2449,52,3,353
Afghanistan,3/6/21,55840,2449,13,0,354
Afghanistan,3/7/21,55847,2449,7,0,355
Afghanistan,3/8/21,55876,2451,29,2,356
Afghanistan,3/9/21,55876,2451,0,0,357
Afghanistan,3/10/21,55894,2451,18,0,358
Afghanistan,3/11/21,55917,2451,23,0,359
Afghanistan,3/12/21,55959,2454,42,3,360
Afghanistan,3/13/21,55959,2454,0,0,361
Afghanistan,3/14/21,55985,2457,26,3,362
Afghanistan,3/15/21,55985,2459,0,2,363
Afghanistan,3/16/21,55995,2460,10,1,364
Afghanistan,3/17/21,56016,2460,21,0,365
Afghanistan,3/18/21,56044,2462,28,2,366
Afghanistan,3/19/21,56069,2462,25,0,367
Afghanistan,3/20/21,56093,2462,24,0,368
Afghanistan,3/21/21,56103,2463,10,1,369
Afghanistan,3/22/21,56153,2464,50,1,370
Afghanistan,3/23/21,56177,2466,24,2,371
Afghanistan,3/24/21,56192,2466,15,0,372
Afghanistan,3/25/21,56226,2467,34,1,373
Afghanistan,3/26/21,56254,2467,28,0,374
Afghanistan,3/27/21,56290,2469,36,2,375
Afghanistan,3/28/21,56294,2470,4,1,376
Afghanistan,3/29/21,56322,2472,28,2,377
Afghanistan,3/30/21,56384,2476,62,4,378
Afghanistan,3/31/21,56454,2484,70,8,379
Afghanistan,4/1/21,56517,2489,63,5,380
Afghanistan,4/2/21,56572,2495,55,6,381
Afghanistan,4/3/21,56595,2496,23,1,382
Afghanistan,4/4/21,56676,2497,81,1,383
Afghanistan,4/5/21,56717,2508,41,11,384
Afghanistan,4/6/21,56779,2512,62,4,385
Afghanistan,4/7/21,56873,2512,94,0,386
Afghanistan,4/8/21,56943,2516,70,4,387
Afghanistan,4/9/21,57019,2521,76,5,388
Afghanistan,4/10/21,57144,2521,125,0,389
Afghanistan,4/11/21,57160,2521,16,0,390
Afghanistan,4/12/21,57242,2529,82,8,391
Afghanistan,4/13/21,57364,2529,122,0,392
Afghanistan,4/14/21,57492,2532,128,3,393
Afghanistan,4/15/21,57534,2533,42,1,394
Afghanistan,4/16/21,57612,2535,78,2,395
Afghanistan,4/17/21,57721,2539,109,4,396
Afghanistan,4/18/21,57793,2539,72,0,397
Afghanistan,4/19/21,57898,2546,105,7,398
Afghanistan,4/20/21,58037,2549,139,3,399
Afghanistan,4/21/21,58214,2557,177,8,400
Afghanistan,4/22/21,58312,2561,98,4,401
Afghanistan,4/23/21,58542,2565,230,4,402
Afghanistan,4/24/21,58730,2572,188,7,403
Afghanistan,4/25/21,58843,2582,113,10,404
Afghanistan,4/26/21,59015,2592,172,10,405
Afghanistan,4/27/21,59225,2598,210,6,406
Afghanistan,4/28/21,59370,2611,145,13,407
Afghanistan,4/29/21,59576,2618,206,7,408
Afghanistan,4/30/21,59745,2625,169,7,409
Afghanistan,5/1/21,59939,2631,194,6,410
Afghanistan,5/2/21,60122,2637,183,6,411
Afghanistan,5/3/21,60300,2642,178,5,412
Afghanistan,5/4/21,60563,2648,263,6,413
Afghanistan,5/5/21,60797,2654,234,6,414
Afghanistan,5/6/21,61162,2664,365,10,415
Afghanistan,5/7/21,61455,2673,293,9,416
Afghanistan,5/8/21,61755,2683,300,10,417
Afghanistan,5/9/21,61842,2686,87,3,418
Afghanistan,5/10/21,62063,2698,221,12,419
Afghanistan,5/11/21,62403,2710,340,12,420
Afghanistan,5/12/21,62718,2713,315,3,421
Afghanistan,5/13/21,63045,2721,327,8,422
Afghanistan,5/14/21,63355,2730,310,9,423
Afghanistan,5/15/21,63412,2733,57,3,424
Afghanistan,5/16/21,63484,2742,72,9,425
Afghanistan,5/17/21,63598,2745,114,3,426
Afghanistan,5/18/21,63819,2751,221,6,427
Afghanistan,5/19/21,64122,2762,303,11,428
Afghanistan,5/20/21,64575,2772,453,10,429
Afghanistan,5/21/21,65080,2782,505,10,430
Afghanistan,5/22/21,65486,2792,406,10,431
Afghanistan,5/23/21,65728,2802,242,10,432
Afghanistan,5/24/21,66275,2812,547,10,433
Afghanistan,5/25/21,66903,2836,628,24,434
Afghanistan,5/26/21,67743,2855,840,19,435
Afghanistan,5/27/21,68366,2869,623,14,436
Afghanistan,5/28/21,69130,2881,764,12,437
Afghanistan,5/29/21,70111,2899,981,18,438
Afghanistan,5/30/21,70761,2919,650,20,439
Afghanistan,5/31/21,71838,2944,1077,25,440
Afghanistan,6/1/21,72977,2973,1139,29,441
Afghanistan,6/2/21,74026,3007,1049,34,442
Afghanistan,6/3/21,75119,3034,1093,27,443
Afghanistan,6/4/21,76628,3068,1509,34,444
Afghanistan,6/5/21,77963,3104,1335,36,445
Afghanistan,6/6/21,79224,3145,1261,41,446
Afghanistan,6/7/21,80841,3187,1617,42,447
Afghanistan,6/8/21,82326,3251,1485,64,448
Afghanistan,6/9/21,84050,3305,1724,54,449
Afghanistan,6/10/21,85892,3356,1842,51,450
Afghanistan,6/11/21,87716,3412,1824,56,451
Afghanistan,6/12/21,88740,3449,1024,37,452
Afghanistan,6/13/21,89861,3527,1121,78,453
