country,date,confirmed,deaths,new_confirmed,new_deaths,tagged_day
Armenia,3/15/20,26,0,8,0,1
Armenia,3/16/20,52,0,26,0,2
Armenia,3/17/20,78,0,26,0,3
Armenia,3/18/20,84,0,6,0,4
Armenia,3/19/20,115,0,31,0,5
Armenia,3/20/20,136,0,21,0,6
Armenia,3/21/20,160,0,24,0,7
Armenia,3/22/20,194,0,34,0,8
Armenia,3/23/20,235,0,41,0,9
Armenia,3/24/20,249,0,14,0,10
Armenia,3/25/20,265,0,16,0,11
Armenia,3/26/20,290,1,25,1,12
Armenia,3/27/20,329,1,39,0,13
Armenia,3/28/20,407,1,78,0,14
Armenia,3/29/20,424,3,17,2,15
Armenia,3/30/20,482,3,58,0,16
Armenia,3/31/20,532,3,50,0,17
Armenia,4/1/20,571,4,39,1,18
Armenia,4/2/20,663,7,92,3,19
Armenia,4/3/20,736,7,73,0,20
Armenia,4/4/20,770,7,34,0,21
Armenia,4/5/20,822,7,52,0,22
Armenia,4/6/20,833,8,11,1,23
Armenia,4/7/20,853,8,20,0,24
Armenia,4/8/20,881,9,28,1,25
Armenia,4/9/20,921,10,40,1,26
Armenia,4/10/20,937,12,16,2,27
Armenia,4/11/20,967,13,30,1,28
Armenia,4/12/20,1013,13,46,0,29
Armenia,4/13/20,1039,14,26,1,30
Armenia,4/14/20,1067,16,28,2,31
Armenia,4/15/20,1111,17,44,1,32
Armenia,4/16/20,1159,18,48,1,33
Armenia,4/17/20,1201,19,42,1,34
Armenia,4/18/20,1248,20,47,1,35
Armenia,4/19/20,1291,20,43,0,36
Armenia,4/20/20,1339,22,48,2,37
Armenia,4/21/20,1401,24,62,2,38
Armenia,4/22/20,1473,24,72,0,39
Armenia,4/23/20,1523,24,50,0,40
Armenia,4/24/20,1596,27,73,3,41
Armenia,4/25/20,1677,28,81,1,42
Armenia,4/26/20,1746,28,69,0,43
Armenia,4/27/20,1808,29,62,1,44
Armenia,4/28/20,1867,30,59,1,45
Armenia,4/29/20,1932,30,65,0,46
Armenia,4/30/20,2066,32,134,2,47
Armenia,5/1/20,2148,33,82,1,48
Armenia,5/2/20,2273,33,125,0,49
Armenia,5/3/20,2386,35,113,2,50
Armenia,5/4/20,2507,39,121,4,51
Armenia,5/5/20,2619,40,112,1,52
Armenia,5/6/20,2782,40,163,0,53
Armenia,5/7/20,2884,42,102,2,54
Armenia,5/8/20,3029,43,145,1,55
Armenia,5/9/20,3175,44,146,1,56
Armenia,5/10/20,3313,45,138,1,57
Armenia,5/11/20,3392,46,79,1,58
Armenia,5/12/20,3538,47,146,1,59
Armenia,5/13/20,3718,48,180,1,60
Armenia,5/14/20,3860,49,142,1,61
Armenia,5/15/20,4044,52,184,3,62
Armenia,5/16/20,4283,55,239,3,63
Armenia,5/17/20,4472,60,189,5,64
Armenia,5/18/20,4823,61,351,1,65
Armenia,5/19/20,5041,64,218,3,66
Armenia,5/20/20,5271,67,230,3,67
Armenia,5/21/20,5606,70,335,3,68
Armenia,5/22/20,5928,74,322,4,69
Armenia,5/23/20,6302,77,374,3,70
Armenia,5/24/20,6661,81,359,4,71
Armenia,5/25/20,7113,87,452,6,72
Armenia,5/26/20,7402,91,289,4,73
Armenia,5/27/20,7774,98,372,7,74
Armenia,5/28/20,8216,113,442,15,75
Armenia,5/29/20,8676,120,460,7,76
Armenia,5/30/20,8927,127,251,7,77
Armenia,5/31/20,9282,131,355,4,78
Armenia,6/1/20,9492,139,210,8,79
Armenia,6/2/20,10009,158,517,19,80
Armenia,6/3/20,10524,170,515,12,81
Armenia,6/4/20,11221,176,697,6,82
Armenia,6/5/20,11817,183,596,7,83
Armenia,6/6/20,12364,190,547,7,84
Armenia,6/7/20,13130,200,766,10,85
Armenia,6/8/20,13325,211,195,11,86
Armenia,6/9/20,13675,217,350,6,87
Armenia,6/10/20,14103,227,428,10,88
Armenia,6/11/20,14669,245,566,18,89
Armenia,6/12/20,15281,258,612,13,90
Armenia,6/13/20,16004,264,723,6,91
Armenia,6/14/20,16667,269,663,5,92
Armenia,6/15/20,17064,285,397,16,93
Armenia,6/16/20,17489,293,425,8,94
Armenia,6/17/20,18033,302,544,9,95
Armenia,6/18/20,18698,309,665,7,96
Armenia,6/19/20,19157,319,459,10,97
Armenia,6/20/20,19708,332,551,13,98
Armenia,6/21/20,20268,350,560,18,99
Armenia,6/22/20,20588,360,320,10,100
Armenia,6/23/20,21006,372,418,12,101
Armenia,6/24/20,21717,386,711,14,102
Armenia,6/25/20,22488,397,771,11,103
Armenia,6/26/20,23247,410,759,13,104
Armenia,6/27/20,23909,421,662,11,105
Armenia,6/28/20,24645,426,736,5,106
Armenia,6/29/20,25127,433,482,7,107
Armenia,6/30/20,25542,443,415,10,108
Armenia,7/1/20,26065,453,523,10,109
Armenia,7/2/20,26658,459,593,6,110
Armenia,7/3/20,27320,469,662,10,111
Armenia,7/4/20,27900,477,580,8,112
Armenia,7/5/20,28606,484,706,7,113
Armenia,7/6/20,28936,491,330,7,114
Armenia,7/7/20,29285,503,349,12,115
Armenia,7/8/20,29820,521,535,18,116
Armenia,7/9/20,30346,535,526,14,117
Armenia,7/10/20,30903,546,557,11,118
Armenia,7/11/20,31392,559,489,13,119
Armenia,7/12/20,31969,565,577,6,120
Armenia,7/13/20,32151,573,182,8,121
Armenia,7/14/20,32490,581,339,8,122
Armenia,7/15/20,33005,592,515,11,123
Armenia,7/16/20,33559,607,554,15,124
Armenia,7/17/20,34001,620,442,13,125
Armenia,7/18/20,34462,631,461,11,126
Armenia,7/19/20,34877,641,415,10,127
Armenia,7/20/20,34981,650,104,9,128
Armenia,7/21/20,35254,662,273,12,129
Armenia,7/22/20,35693,678,439,16,130
Armenia,7/23/20,36162,688,469,10,131
Armenia,7/24/20,36613,692,451,4,132
Armenia,7/25/20,36996,700,383,8,133
Armenia,7/26/20,37317,705,321,5,134
Armenia,7/27/20,37390,711,73,6,135
Armenia,7/28/20,37629,719,239,8,136
Armenia,7/29/20,37937,723,308,4,137
Armenia,7/30/20,38196,728,259,5,138
Armenia,7/31/20,38550,738,354,10,139
Armenia,8/1/20,38841,749,291,11,140
Armenia,8/2/20,39050,754,209,5,141
Armenia,8/3/20,39102,762,52,8,142
Armenia,8/4/20,39298,768,196,6,143
Armenia,8/5/20,39586,770,288,2,144
Armenia,8/6/20,39819,772,233,2,145
Armenia,8/7/20,39985,777,166,5,146
Armenia,8/8/20,40185,785,200,8,147
Armenia,8/9/20,40410,791,225,6,148
Armenia,8/10/20,40433,796,23,5,149
Armenia,8/11/20,40593,803,160,7,150
Armenia,8/12/20,40794,806,201,3,151
Armenia,8/13/20,41023,809,229,3,152
Armenia,8/14/20,41299,814,276,5,153
Armenia,8/15/20,41495,817,196,3,154
Armenia,8/16/20,41663,818,168,1,155
Armenia,8/17/20,41701,824,38,6,156
Armenia,8/18/20,41846,832,145,8,157
Armenia,8/19/20,42056,833,210,1,158
Armenia,8/20/20,42319,836,263,3,159
Armenia,8/21/20,42477,842,158,6,160
Armenia,8/22/20,42616,850,139,8,161
Armenia,8/23/20,42792,852,176,2,162
Armenia,8/24/20,42825,854,33,2,163
Armenia,8/25/20,42936,858,111,4,164
Armenia,8/26/20,43067,861,131,3,165
Armenia,8/27/20,43270,864,203,3,166
Armenia,8/28/20,43451,869,181,5,167
Armenia,8/29/20,43626,872,175,3,168
Armenia,8/30/20,43750,877,124,5,169
Armenia,8/31/20,43781,879,31,2,170
Armenia,9/1/20,43878,881,97,2,171
Armenia,9/2/20,44075,884,197,3,172
Armenia,9/3/20,44271,887,196,3,173
Armenia,9/4/20,44461,891,190,4,174
Armenia,9/5/20,44649,895,188,4,175
Armenia,9/6/20,44783,897,134,2,176
Armenia,9/7/20,44845,900,62,3,177
Armenia,9/8/20,44953,903,108,3,178
Armenia,9/9/20,45152,905,199,2,179
Armenia,9/10/20,45326,906,174,1,180
Armenia,9/11/20,45503,909,177,3,181
Armenia,9/12/20,45675,911,172,2,182
Armenia,9/13/20,45862,916,187,5,183
Armenia,9/14/20,45969,919,107,3,184
Armenia,9/15/20,46119,920,150,1,185
Armenia,9/16/20,46376,923,257,3,186
Armenia,9/17/20,46671,925,295,2,187
Armenia,9/18/20,46910,926,239,1,188
Armenia,9/19/20,47154,928,244,2,189
Armenia,9/20/20,47431,930,277,2,190
Armenia,9/21/20,47552,936,121,6,191
Armenia,9/22/20,47667,938,115,2,192
Armenia,9/23/20,47877,942,210,4,193
Armenia,9/24/20,48251,945,374,3,194
Armenia,9/25/20,48643,947,392,2,195
Armenia,9/26/20,49072,948,429,1,196
Armenia,9/27/20,49400,951,328,3,197
Armenia,9/28/20,49574,957,174,6,198
Armenia,9/29/20,49901,958,327,1,199
Armenia,9/30/20,50359,959,458,1,200
Armenia,10/1/20,50850,963,491,4,201
Armenia,10/2/20,51382,966,532,3,202
Armenia,10/3/20,51925,972,543,6,203
Armenia,10/4/20,52496,977,571,5,204
Armenia,10/5/20,52677,984,181,7,205
Armenia,10/6/20,53083,990,406,6,206
Armenia,10/7/20,53755,995,672,5,207
Armenia,10/8/20,54473,1004,718,9,208
Armenia,10/9/20,55087,1010,614,6,209
Armenia,10/10/20,55736,1016,649,6,210
Armenia,10/11/20,56451,1020,715,4,211
Armenia,10/12/20,56821,1026,370,6,212
Armenia,10/13/20,57566,1032,745,6,213
Armenia,10/14/20,58624,1039,1058,7,214
Armenia,10/15/20,59995,1046,1371,7,215
Armenia,10/16/20,61460,1056,1465,10,216
Armenia,10/17/20,63000,1067,1540,11,217
Armenia,10/18/20,64694,1081,1694,14,218
Armenia,10/19/20,65460,1091,766,10,219
Armenia,10/20/20,66694,1101,1234,10,220
Armenia,10/21/20,68530,1121,1836,20,221
Armenia,10/22/20,70836,1131,2306,10,222
Armenia,10/23/20,73310,1145,2474,14,223
Armenia,10/24/20,75523,1157,2213,12,224
Armenia,10/25/20,77837,1180,2314,23,225
Armenia,10/26/20,78810,1196,973,16,226
Armenia,10/27/20,80410,1222,1600,26,227
Armenia,10/28/20,82651,1243,2241,21,228
Armenia,10/29/20,85034,1272,2383,29,229
Armenia,10/30/20,87432,1300,2398,28,230
Armenia,10/31/20,89813,1341,2381,41,231
Armenia,11/1/20,92254,1363,2441,22,232
Armenia,11/2/20,93448,1391,1194,28,233
Armenia,11/3/20,94776,1413,1328,22,234
Armenia,11/4/20,97150,1448,2374,35,235
Armenia,11/5/20,99563,1476,2413,28,236
Armenia,11/6/20,101773,1506,2210,30,237
Armenia,11/7/20,104249,1533,2476,27,238
Armenia,11/8/20,106424,1559,2175,26,239
Armenia,11/9/20,107466,1580,1042,21,240
Armenia,11/10/20,108687,1609,1221,29,241
Armenia,11/11/20,110548,1636,1861,27,242
Armenia,11/12/20,112680,1668,2132,32,243
Armenia,11/13/20,114383,1697,1703,29,244
Armenia,11/14/20,115855,1738,1472,41,245
Armenia,11/15/20,117337,1763,1482,25,246
Armenia,11/16/20,117886,1788,549,25,247
Armenia,11/17/20,118870,1811,984,23,248
Armenia,11/18/20,120459,1839,1589,28,249
Armenia,11/19/20,121979,1870,1520,31,250
Armenia,11/20/20,123646,1900,1667,30,251
Armenia,11/21/20,124839,1931,1193,31,252
Armenia,11/22/20,126224,1952,1385,21,253
Armenia,11/23/20,126709,1976,485,24,254
Armenia,11/24/20,127522,2002,813,26,255
Armenia,11/25/20,129085,2040,1563,38,256
Armenia,11/26/20,130870,2068,1785,28,257
Armenia,11/27/20,132346,2090,1476,22,258
Armenia,11/28/20,133594,2121,1248,31,259
Armenia,11/29/20,134768,2142,1174,21,260
Armenia,11/30/20,135124,2164,356,22,261
Armenia,12/1/20,135967,2193,843,29,262
Armenia,12/2/20,137231,2228,1264,35,263
Armenia,12/3/20,138508,2254,1277,26,264
Armenia,12/4/20,139692,2277,1184,23,265
Armenia,12/5/20,140959,2309,1267,32,266
Armenia,12/6/20,141937,2326,978,17,267
Armenia,12/7/20,142344,2344,407,18,268
Armenia,12/8/20,142928,2372,584,28,269
Armenia,12/9/20,144066,2393,1138,21,270
Armenia,12/10/20,145240,2416,1174,23,271
Armenia,12/11/20,146317,2445,1077,29,272
Armenia,12/12/20,147312,2462,995,17,273
Armenia,12/13/20,148325,2486,1013,24,274
Armenia,12/14/20,148682,2503,357,17,275
Armenia,12/15/20,149120,2529,438,26,276
Armenia,12/16/20,150218,2556,1098,27,277
Armenia,12/17/20,151392,2581,1174,25,278
Armenia,12/18/20,152253,2596,861,15,279
Armenia,12/19/20,153173,2616,920,20,280
Armenia,12/20/20,153825,2630,652,14,281
Armenia,12/21/20,154065,2656,240,26,282
Armenia,12/22/20,154602,2673,537,17,283
Armenia,12/23/20,155440,2691,838,18,284
Armenia,12/24/20,156142,2714,702,23,285
Armenia,12/25/20,156763,2733,621,19,286
Armenia,12/26/20,157349,2752,586,19,287
Armenia,12/27/20,157834,2768,485,16,288
Armenia,12/28/20,157948,2775,114,7,289
Armenia,12/29/20,158296,2797,348,22,290
Armenia,12/30/20,158878,2807,582,10,291
Armenia,12/31/20,159409,2823,531,16,292
Armenia,1/1/21,159738,2828,329,5,293
Armenia,1/2/21,159798,2836,60,8,294
Armenia,1/3/21,160027,2850,229,14,295
Armenia,1/4/21,160220,2864,193,14,296
Armenia,1/5/21,160544,2878,324,14,297
Armenia,1/6/21,160853,2890,309,12,298
Armenia,1/7/21,161054,2901,201,11,299
Armenia,1/8/21,161415,2908,361,7,300
Armenia,1/9/21,161794,2922,379,14,301
Armenia,1/10/21,162131,2929,337,7,302
Armenia,1/11/21,162288,2931,157,2,303
Armenia,1/12/21,162643,2941,355,10,304
Armenia,1/13/21,163128,2951,485,10,305
Armenia,1/14/21,163576,2963,448,12,306
Armenia,1/15/21,163972,2974,396,11,307
Armenia,1/16/21,164235,2987,263,13,308
Armenia,1/17/21,164586,2992,351,5,309
Armenia,1/18/21,164676,2998,90,6,310
Armenia,1/19/21,164912,3007,236,9,311
Armenia,1/20/21,165221,3016,309,9,312
Armenia,1/21/21,165528,3021,307,5,313
Armenia,1/22/21,165711,3030,183,9,314
Armenia,1/23/21,165909,3034,198,4,315
Armenia,1/24/21,166036,3039,127,5,316
Armenia,1/25/21,166094,3047,58,8,317
Armenia,1/26/21,166232,3052,138,5,318
Armenia,1/27/21,166427,3056,195,4,319
Armenia,1/28/21,166669,3067,242,11,320
Armenia,1/29/21,166728,3069,59,2,321
Armenia,1/30/21,166901,3071,173,2,322
Armenia,1/31/21,167026,3080,125,9,323
Armenia,2/1/21,167088,3084,62,4,324
Armenia,2/2/21,167231,3089,143,5,325
Armenia,2/3/21,167421,3096,190,7,326
Armenia,2/4/21,167568,3107,147,11,327
Armenia,2/5/21,167726,3109,158,2,328
Armenia,2/6/21,167937,3114,211,5,329
Armenia,2/7/21,168088,3117,151,3,330
Armenia,2/8/21,168177,3123,89,6,331
Armenia,2/9/21,168300,3126,123,3,332
Armenia,2/10/21,168496,3130,196,4,333
Armenia,2/11/21,168676,3135,180,5,334
Armenia,2/12/21,168830,3138,154,3,335
Armenia,2/13/21,169022,3140,192,2,336
Armenia,2/14/21,169167,3141,145,1,337
Armenia,2/15/21,169255,3147,88,6,338
Armenia,2/16/21,169391,3150,136,3,339
Armenia,2/17/21,169597,3155,206,5,340
Armenia,2/18/21,169820,3156,223,1,341
Armenia,2/19/21,170011,3158,191,2,342
Armenia,2/20/21,170234,3159,223,1,343
Armenia,2/21/21,170402,3164,168,5,344
Armenia,2/22/21,170506,3167,104,3,345
Armenia,2/23/21,170672,3171,166,4,346
Armenia,2/24/21,170945,3175,273,4,347
Armenia,2/25/21,171227,3179,282,4,348
Armenia,2/26/21,171510,3183,283,4,349
Armenia,2/27/21,171793,3190,283,7,350
Armenia,2/28/21,172058,3192,265,2,351
Armenia,3/1/21,172216,3195,158,3,352
Armenia,3/2/21,172456,3200,240,5,353
Armenia,3/3/21,172816,3202,360,2,354
Armenia,3/4/21,173307,3208,491,6,355
Armenia,3/5/21,173749,3215,442,7,356
Armenia,3/6/21,174257,3219,508,4,357
Armenia,3/7/21,174679,3221,422,2,358
Armenia,3/8/21,175016,3225,337,4,359
Armenia,3/9/21,175198,3232,182,7,360
Armenia,3/10/21,175538,3237,340,5,361
Armenia,3/11/21,176286,3239,748,2,362
Armenia,3/12/21,177104,3243,818,4,363
Armenia,3/13/21,177899,3253,795,10,364
Armenia,3/14/21,178385,3255,486,2,365
Armenia,3/15/21,178702,3265,317,10,366
Armenia,3/16/21,179287,3277,585,12,367
Armenia,3/17/21,180141,3282,854,5,368
Armenia,3/18/21,181165,3301,1024,19,369
Armenia,3/19/21,182056,3320,891,19,370
Armenia,3/20/21,183127,3332,1071,12,371
Armenia,3/21/21,183713,3348,586,16,372
Armenia,3/22/21,184219,3360,506,12,373
Armenia,3/23/21,185020,3384,801,24,374
Armenia,3/24/21,186184,3398,1164,14,375
Armenia,3/25/21,187441,3416,1257,18,376
Armenia,3/26/21,188446,3434,1005,18,377
Armenia,3/27/21,189540,3450,1094,16,378
Armenia,3/28/21,190317,3464,777,14,379
Armenia,3/29/21,190741,3476,424,12,380
Armenia,3/30/21,191491,3497,750,21,381
Armenia,3/31/21,192639,3515,1148,18,382
Armenia,4/1/21,193736,3533,1097,18,383
Armenia,4/2/21,194852,3552,1116,19,384
Armenia,4/3/21,196044,3575,1192,23,385
Armenia,4/4/21,196634,3592,590,17,386
Armenia,4/5/21,197113,3614,479,22,387
Armenia,4/6/21,197873,3627,760,13,388
Armenia,4/7/21,198898,3647,1025,20,389
Armenia,4/8/21,200129,3675,1231,28,390
Armenia,4/9/21,201158,3697,1029,22,391
Armenia,4/10/21,202167,3720,1009,23,392
Armenia,4/11/21,202817,3735,650,15,393
Armenia,4/12/21,203327,3753,510,18,394
Armenia,4/13/21,204053,3775,726,22,395
Armenia,4/14/21,205128,3794,1075,19,396
Armenia,4/15/21,206142,3817,1014,23,397
Armenia,4/16/21,207103,3835,961,18,398
Armenia,4/17/21,207973,3859,870,24,399
Armenia,4/18/21,208520,3878,547,19,400
Armenia,4/19/21,208818,3895,298,17,401
Armenia,4/20/21,209485,3919,667,24,402
Armenia,4/21/21,210518,3944,1033,25,403
Armenia,4/22/21,211399,3969,881,25,404
Armenia,4/23/21,212114,3984,715,15,405
Armenia,4/24/21,212878,4001,764,17,406
Armenia,4/25/21,213288,4018,410,17,407
Armenia,4/26/21,213469,4040,181,22,408
Armenia,4/27/21,214064,4058,595,18,409
Armenia,4/28/21,214872,4071,808,13,410
Armenia,4/29/21,215528,4087,656,16,411
Armenia,4/30/21,216064,4108,536,21,412
Armenia,5/1/21,216596,4128,532,20,413
Armenia,5/2/21,216863,4139,267,11,414
Armenia,5/3/21,217008,4149,145,10,415
Armenia,5/4/21,217407,4165,399,16,416
Armenia,5/5/21,217900,4178,493,13,417
Armenia,5/6/21,218325,4192,425,14,418
Armenia,5/7/21,218681,4209,356,17,419
Armenia,5/8/21,219092,4225,411,16,420
Armenia,5/9/21,219270,4234,178,9,421
Armenia,5/10/21,219353,4249,83,15,422
Armenia,5/11/21,219596,4256,243,7,423
Armenia,5/12/21,219950,4272,354,16,424
Armenia,5/13/21,220217,4291,267,19,425
Armenia,5/14/21,220447,4301,230,10,426
Armenia,5/15/21,220729,4314,282,13,427
Armenia,5/16/21,220860,4323,131,9,428
Armenia,5/17/21,220927,4333,67,10,429
Armenia,5/18/21,221139,4346,212,13,430
Armenia,5/19/21,221368,4357,229,11,431
Armenia,5/20/21,221559,4364,191,7,432
Armenia,5/21/21,221699,4371,140,7,433
Armenia,5/22/21,221880,4386,181,15,434
Armenia,5/23/21,221948,4392,68,6,435
Armenia,5/24/21,221982,4394,34,2,436
Armenia,5/25/21,222139,4400,157,6,437
Armenia,5/26/21,222269,4411,130,11,438
Armenia,5/27/21,222409,4416,140,5,439
Armenia,5/28/21,222513,4423,104,7,440
Armenia,5/29/21,222555,4428,42,5,441
Armenia,5/30/21,222636,4432,81,4,442
Armenia,5/31/21,222670,4438,34,6,443
Armenia,6/1/21,222778,4445,108,7,444
Armenia,6/2/21,222870,4446,92,1,445
Armenia,6/3/21,222978,4448,108,2,446
Armenia,6/4/21,223050,4452,72,4,447
Armenia,6/5/21,223143,4454,93,2,448
Armenia,6/6/21,223180,4458,37,4,449
Armenia,6/7/21,223212,4463,32,5,450
Armenia,6/8/21,223285,4463,73,0,451
Armenia,6/9/21,223384,4474,99,11,452
Armenia,6/10/21,223460,4478,76,4,453
Armenia,6/11/21,223555,4482,95,4,454
Armenia,6/12/21,223643,4482,88,0,455
Armenia,6/13/21,223682,4484,39,2,456
