country,date,confirmed,deaths,new_confirmed,new_deaths,tagged_day
Bangladesh,3/21/20,25,2,5,1,1
Bangladesh,3/22/20,27,2,2,0,2
Bangladesh,3/23/20,33,3,6,1,3
Bangladesh,3/24/20,39,4,6,1,4
Bangladesh,3/25/20,39,5,0,1,5
Bangladesh,3/26/20,44,5,5,0,6
Bangladesh,3/27/20,48,5,4,0,7
Bangladesh,3/28/20,48,5,0,0,8
Bangladesh,3/29/20,48,5,0,0,9
Bangladesh,3/30/20,49,5,1,0,10
Bangladesh,3/31/20,51,5,2,0,11
Bangladesh,4/1/20,54,6,3,1,12
Bangladesh,4/2/20,56,6,2,0,13
Bangladesh,4/3/20,61,6,5,0,14
Bangladesh,4/4/20,70,8,9,2,15
Bangladesh,4/5/20,88,9,18,1,16
Bangladesh,4/6/20,123,12,35,3,17
Bangladesh,4/7/20,164,17,41,5,18
Bangladesh,4/8/20,218,20,54,3,19
Bangladesh,4/9/20,330,21,112,1,20
Bangladesh,4/10/20,424,27,94,6,21
Bangladesh,4/11/20,482,30,58,3,22
Bangladesh,4/12/20,621,34,139,4,23
Bangladesh,4/13/20,803,39,182,5,24
Bangladesh,4/14/20,1012,46,209,7,25
Bangladesh,4/15/20,1231,50,219,4,26
Bangladesh,4/16/20,1572,60,341,10,27
Bangladesh,4/17/20,1838,75,266,15,28
Bangladesh,4/18/20,2144,84,306,9,29
Bangladesh,4/19/20,2456,91,312,7,30
Bangladesh,4/20/20,2948,101,492,10,31
Bangladesh,4/21/20,3382,110,434,9,32
Bangladesh,4/22/20,3772,120,390,10,33
Bangladesh,4/23/20,4186,127,414,7,34
Bangladesh,4/24/20,4689,131,503,4,35
Bangladesh,4/25/20,4998,140,309,9,36
Bangladesh,4/26/20,5416,145,418,5,37
Bangladesh,4/27/20,5913,152,497,7,38
Bangladesh,4/28/20,6462,155,549,3,39
Bangladesh,4/29/20,7103,163,641,8,40
Bangladesh,4/30/20,7667,168,564,5,41
Bangladesh,5/1/20,8238,170,571,2,42
Bangladesh,5/2/20,8790,175,552,5,43
Bangladesh,5/3/20,9455,177,665,2,44
Bangladesh,5/4/20,10143,182,688,5,45
Bangladesh,5/5/20,10929,183,786,1,46
Bangladesh,5/6/20,11719,186,790,3,47
Bangladesh,5/7/20,12425,199,706,13,48
Bangladesh,5/8/20,13134,206,709,7,49
Bangladesh,5/9/20,13770,214,636,8,50
Bangladesh,5/10/20,14657,228,887,14,51
Bangladesh,5/11/20,15691,239,1034,11,52
Bangladesh,5/12/20,16660,250,969,11,53
Bangladesh,5/13/20,17822,269,1162,19,54
Bangladesh,5/14/20,18863,283,1041,14,55
Bangladesh,5/15/20,20065,298,1202,15,56
Bangladesh,5/16/20,20995,314,930,16,57
Bangladesh,5/17/20,22268,328,1273,14,58
Bangladesh,5/18/20,23870,349,1602,21,59
Bangladesh,5/19/20,25121,370,1251,21,60
Bangladesh,5/20/20,26738,386,1617,16,61
Bangladesh,5/21/20,28511,408,1773,22,62
Bangladesh,5/22/20,30205,432,1694,24,63
Bangladesh,5/23/20,32078,452,1873,20,64
Bangladesh,5/24/20,33610,480,1532,28,65
Bangladesh,5/25/20,35585,501,1975,21,66
Bangladesh,5/26/20,36751,522,1166,21,67
Bangladesh,5/27/20,38292,544,1541,22,68
Bangladesh,5/28/20,40321,559,2029,15,69
Bangladesh,5/29/20,42844,582,2523,23,70
Bangladesh,5/30/20,44608,610,1764,28,71
Bangladesh,5/31/20,47153,650,2545,40,72
Bangladesh,6/1/20,49534,672,2381,22,73
Bangladesh,6/2/20,52445,709,2911,37,74
Bangladesh,6/3/20,55140,746,2695,37,75
Bangladesh,6/4/20,57563,781,2423,35,76
Bangladesh,6/5/20,60391,811,2828,30,77
Bangladesh,6/6/20,63026,846,2635,35,78
Bangladesh,6/7/20,65769,888,2743,42,79
Bangladesh,6/8/20,68504,930,2735,42,80
Bangladesh,6/9/20,71675,975,3171,45,81
Bangladesh,6/10/20,74865,1012,3190,37,82
Bangladesh,6/11/20,78052,1049,3187,37,83
Bangladesh,6/12/20,81523,1095,3471,46,84
Bangladesh,6/13/20,84379,1139,2856,44,85
Bangladesh,6/14/20,87520,1171,3141,32,86
Bangladesh,6/15/20,90619,1209,3099,38,87
Bangladesh,6/16/20,94481,1262,3862,53,88
Bangladesh,6/17/20,98489,1305,4008,43,89
Bangladesh,6/18/20,102292,1343,3803,38,90
Bangladesh,6/19/20,105535,1388,3243,45,91
Bangladesh,6/20/20,108775,1425,3240,37,92
Bangladesh,6/21/20,112306,1464,3531,39,93
Bangladesh,6/22/20,115786,1502,3480,38,94
Bangladesh,6/23/20,119198,1545,3412,43,95
Bangladesh,6/24/20,122660,1582,3462,37,96
Bangladesh,6/25/20,126606,1621,3946,39,97
Bangladesh,6/26/20,130474,1661,3868,40,98
Bangladesh,6/27/20,133978,1695,3504,34,99
Bangladesh,6/28/20,137787,1738,3809,43,100
Bangladesh,6/29/20,141801,1783,4014,45,101
Bangladesh,6/30/20,145483,1847,3682,64,102
Bangladesh,7/1/20,149258,1888,3775,41,103
Bangladesh,7/2/20,153277,1926,4019,38,104
Bangladesh,7/3/20,156391,1968,3114,42,105
Bangladesh,7/4/20,159679,1997,3288,29,106
Bangladesh,7/5/20,162417,2052,2738,55,107
Bangladesh,7/6/20,165618,2096,3201,44,108
Bangladesh,7/7/20,168645,2151,3027,55,109
Bangladesh,7/8/20,172134,2197,3489,46,110
Bangladesh,7/9/20,175494,2238,3360,41,111
Bangladesh,7/10/20,178443,2275,2949,37,112
Bangladesh,7/11/20,181129,2305,2686,30,113
Bangladesh,7/12/20,183795,2352,2666,47,114
Bangladesh,7/13/20,186894,2391,3099,39,115
Bangladesh,7/14/20,190057,2424,3163,33,116
Bangladesh,7/15/20,193590,2457,3533,33,117
Bangladesh,7/16/20,196323,2496,2733,39,118
Bangladesh,7/17/20,199357,2547,3034,51,119
Bangladesh,7/18/20,202066,2581,2709,34,120
Bangladesh,7/19/20,204525,2618,2459,37,121
Bangladesh,7/20/20,207453,2668,2928,50,122
Bangladesh,7/21/20,210510,2709,3057,41,123
Bangladesh,7/22/20,213254,2751,2744,42,124
Bangladesh,7/23/20,216110,2801,2856,50,125
Bangladesh,7/24/20,218658,2836,2548,35,126
Bangladesh,7/25/20,221178,2874,2520,38,127
Bangladesh,7/26/20,223453,2928,2275,54,128
Bangladesh,7/27/20,226225,2965,2772,37,129
Bangladesh,7/28/20,229185,3000,2960,35,130
Bangladesh,7/29/20,232194,3035,3009,35,131
Bangladesh,7/30/20,234889,3083,2695,48,132
Bangladesh,7/31/20,237661,3111,2772,28,133
Bangladesh,8/1/20,239860,3132,2199,21,134
Bangladesh,8/2/20,240746,3154,886,22,135
Bangladesh,8/3/20,242102,3184,1356,30,136
Bangladesh,8/4/20,244020,3234,1918,50,137
Bangladesh,8/5/20,246674,3267,2654,33,138
Bangladesh,8/6/20,249651,3306,2977,39,139
Bangladesh,8/7/20,252502,3333,2851,27,140
Bangladesh,8/8/20,255113,3365,2611,32,141
Bangladesh,8/9/20,257600,3399,2487,34,142
Bangladesh,8/10/20,260507,3438,2907,39,143
Bangladesh,8/11/20,263503,3471,2996,33,144
Bangladesh,8/12/20,266498,3513,2995,42,145
Bangladesh,8/13/20,269115,3557,2617,44,146
Bangladesh,8/14/20,271881,3591,2766,34,147
Bangladesh,8/15/20,274525,3625,2644,34,148
Bangladesh,8/16/20,276549,3657,2024,32,149
Bangladesh,8/17/20,279144,3694,2595,37,150
Bangladesh,8/18/20,282344,3740,3200,46,151
Bangladesh,8/19/20,285091,3781,2747,41,152
Bangladesh,8/20/20,287959,3822,2868,41,153
Bangladesh,8/21/20,290360,3861,2401,39,154
Bangladesh,8/22/20,292625,3907,2265,46,155
Bangladesh,8/23/20,294598,3941,1973,34,156
Bangladesh,8/24/20,297083,3983,2485,42,157
Bangladesh,8/25/20,299628,4028,2545,45,158
Bangladesh,8/26/20,302147,4082,2519,54,159
Bangladesh,8/27/20,304583,4127,2436,45,160
Bangladesh,8/28/20,306794,4174,2211,47,161
Bangladesh,8/29/20,308925,4206,2131,32,162
Bangladesh,8/30/20,310822,4248,1897,42,163
Bangladesh,8/31/20,312996,4281,2174,33,164
Bangladesh,9/1/20,314946,4316,1950,35,165
Bangladesh,9/2/20,317528,4351,2582,35,166
Bangladesh,9/3/20,319686,4383,2158,32,167
Bangladesh,9/4/20,321615,4412,1929,29,168
Bangladesh,9/5/20,323565,4447,1950,35,169
Bangladesh,9/6/20,325157,4479,1592,32,170
Bangladesh,9/7/20,327359,4516,2202,37,171
Bangladesh,9/8/20,329251,4552,1892,36,172
Bangladesh,9/9/20,331078,4593,1827,41,173
Bangladesh,9/10/20,332970,4634,1892,41,174
Bangladesh,9/11/20,334762,4668,1792,34,175
Bangladesh,9/12/20,336044,4702,1282,34,176
Bangladesh,9/13/20,337520,4733,1476,31,177
Bangladesh,9/14/20,339332,4759,1812,26,178
Bangladesh,9/15/20,341056,4802,1724,43,179
Bangladesh,9/16/20,342671,4823,1615,21,180
Bangladesh,9/17/20,344264,4859,1593,36,181
Bangladesh,9/18/20,345805,4881,1541,22,182
Bangladesh,9/19/20,347372,4913,1567,32,183
Bangladesh,9/20/20,348918,4939,1546,26,184
Bangladesh,9/21/20,350621,4979,1703,40,185
Bangladesh,9/22/20,352178,5007,1557,28,186
Bangladesh,9/23/20,353844,5044,1666,37,187
Bangladesh,9/24/20,355384,5072,1540,28,188
Bangladesh,9/25/20,356767,5093,1383,21,189
Bangladesh,9/26/20,357873,5129,1106,36,190
Bangladesh,9/27/20,359148,5161,1275,32,191
Bangladesh,9/28/20,360555,5193,1407,32,192
Bangladesh,9/29/20,362043,5219,1488,26,193
Bangladesh,9/30/20,363479,5251,1436,32,194
Bangladesh,10/1/20,364987,5272,1508,21,195
Bangladesh,10/2/20,366383,5305,1396,33,196
Bangladesh,10/3/20,367565,5325,1182,20,197
Bangladesh,10/4/20,368690,5348,1125,23,198
Bangladesh,10/5/20,370132,5375,1442,27,199
Bangladesh,10/6/20,371631,5405,1499,30,200
Bangladesh,10/7/20,373151,5440,1520,35,201
Bangladesh,10/8/20,374592,5460,1441,20,202
Bangladesh,10/9/20,375870,5477,1278,17,203
Bangladesh,10/10/20,377073,5500,1203,23,204
Bangladesh,10/11/20,378266,5524,1193,24,205
Bangladesh,10/12/20,379738,5555,1472,31,206
Bangladesh,10/13/20,381275,5577,1537,22,207
Bangladesh,10/14/20,382959,5593,1684,16,208
Bangladesh,10/15/20,384559,5608,1600,15,209
Bangladesh,10/16/20,386086,5623,1527,15,210
Bangladesh,10/17/20,387295,5646,1209,23,211
Bangladesh,10/18/20,388569,5660,1274,14,212
Bangladesh,10/19/20,390206,5681,1637,21,213
Bangladesh,10/20/20,391586,5699,1380,18,214
Bangladesh,10/21/20,393131,5723,1545,24,215
Bangladesh,10/22/20,394827,5747,1696,24,216
Bangladesh,10/23/20,396413,5761,1586,14,217
Bangladesh,10/24/20,397507,5780,1094,19,218
Bangladesh,10/25/20,398815,5803,1308,23,219
Bangladesh,10/26/20,400251,5818,1436,15,220
Bangladesh,10/27/20,401586,5838,1335,20,221
Bangladesh,10/28/20,403079,5861,1493,23,222
Bangladesh,10/29/20,404760,5886,1681,25,223
Bangladesh,10/30/20,406364,5905,1604,19,224
Bangladesh,10/31/20,407684,5923,1320,18,225
Bangladesh,11/1/20,409252,5941,1568,18,226
Bangladesh,11/2/20,410988,5966,1736,25,227
Bangladesh,11/3/20,412647,5983,1659,17,228
Bangladesh,11/4/20,414164,6004,1517,21,229
Bangladesh,11/5/20,416006,6021,1842,17,230
Bangladesh,11/6/20,417475,6036,1469,15,231
Bangladesh,11/7/20,418764,6049,1289,13,232
Bangladesh,11/8/20,420238,6067,1474,18,233
Bangladesh,11/9/20,421921,6092,1683,25,234
Bangladesh,11/10/20,423620,6108,1699,16,235
Bangladesh,11/11/20,425353,6127,1733,19,236
Bangladesh,11/12/20,427198,6140,1845,13,237
Bangladesh,11/13/20,428965,6159,1767,19,238
Bangladesh,11/14/20,430496,6173,1531,14,239
Bangladesh,11/15/20,432333,6194,1837,21,240
Bangladesh,11/16/20,434472,6215,2139,21,241
Bangladesh,11/17/20,436684,6254,2212,39,242
Bangladesh,11/18/20,438795,6275,2111,21,243
Bangladesh,11/19/20,441159,6305,2364,30,244
Bangladesh,11/20/20,443434,6322,2275,17,245
Bangladesh,11/21/20,445281,6350,1847,28,246
Bangladesh,11/22/20,447341,6388,2060,38,247
Bangladesh,11/23/20,449760,6416,2419,28,248
Bangladesh,11/24/20,451990,6448,2230,32,249
Bangladesh,11/25/20,454146,6487,2156,39,250
Bangladesh,11/26/20,456438,6524,2292,37,251
Bangladesh,11/27/20,458711,6544,2273,20,252
Bangladesh,11/28/20,460619,6580,1908,36,253
Bangladesh,11/29/20,462407,6609,1788,29,254
Bangladesh,11/30/20,464932,6644,2525,35,255
Bangladesh,12/1/20,467225,6675,2293,31,256
Bangladesh,12/2/20,469423,6713,2198,38,257
Bangladesh,12/3/20,471739,6748,2316,35,258
Bangladesh,12/4/20,473991,6772,2252,24,259
Bangladesh,12/5/20,475789,6807,1798,35,260
Bangladesh,12/6/20,477545,6838,1756,31,261
Bangladesh,12/7/20,479743,6874,2198,36,262
Bangladesh,12/8/20,481945,6906,2202,32,263
Bangladesh,12/9/20,484104,6930,2159,24,264
Bangladesh,12/10/20,485965,6967,1861,37,265
Bangladesh,12/11/20,487849,6986,1884,19,266
Bangladesh,12/12/20,489178,7020,1329,34,267
Bangladesh,12/13/20,490533,7052,1355,32,268
Bangladesh,12/14/20,492332,7089,1799,37,269
Bangladesh,12/15/20,494209,7129,1877,40,270
Bangladesh,12/16/20,495841,7156,1632,27,271
Bangladesh,12/17/20,496975,7192,1134,36,272
Bangladesh,12/18/20,498293,7217,1318,25,273
Bangladesh,12/19/20,499560,7242,1267,25,274
Bangladesh,12/20/20,500713,7280,1153,38,275
Bangladesh,12/21/20,502183,7312,1470,32,276
Bangladesh,12/22/20,503501,7329,1318,17,277
Bangladesh,12/23/20,504868,7359,1367,30,278
Bangladesh,12/24/20,506102,7378,1234,19,279
Bangladesh,12/25/20,507265,7398,1163,20,280
Bangladesh,12/26/20,508099,7428,834,30,281
Bangladesh,12/27/20,509148,7452,1049,24,282
Bangladesh,12/28/20,510080,7479,932,27,283
Bangladesh,12/29/20,511261,7509,1181,30,284
Bangladesh,12/30/20,512496,7531,1235,22,285
Bangladesh,12/31/20,513510,7559,1014,28,286
Bangladesh,1/1/21,514500,7576,990,17,287
Bangladesh,1/2/21,515184,7599,684,23,288
Bangladesh,1/3/21,516019,7626,835,27,289
Bangladesh,1/4/21,516929,7650,910,24,290
Bangladesh,1/5/21,517920,7670,991,20,291
Bangladesh,1/6/21,518898,7687,978,17,292
Bangladesh,1/7/21,519905,7718,1007,31,293
Bangladesh,1/8/21,520690,7734,785,16,294
Bangladesh,1/9/21,521382,7756,692,22,295
Bangladesh,1/10/21,522453,7781,1071,25,296
Bangladesh,1/11/21,523302,7803,849,22,297
Bangladesh,1/12/21,524020,7819,718,16,298
Bangladesh,1/13/21,524910,7833,890,14,299
Bangladesh,1/14/21,525723,7849,813,16,300
Bangladesh,1/15/21,526485,7862,762,13,301
Bangladesh,1/16/21,527063,7883,578,21,302
Bangladesh,1/17/21,527632,7906,569,23,303
Bangladesh,1/18/21,528329,7922,697,16,304
Bangladesh,1/19/21,529031,7942,702,20,305
Bangladesh,1/20/21,529687,7950,656,8,306
Bangladesh,1/21/21,530271,7966,584,16,307
Bangladesh,1/22/21,530890,7981,619,15,308
Bangladesh,1/23/21,531326,8003,436,22,309
Bangladesh,1/24/21,531799,8023,473,20,310
Bangladesh,1/25/21,532401,8041,602,18,311
Bangladesh,1/26/21,532916,8055,515,14,312
Bangladesh,1/27/21,533444,8072,528,17,313
Bangladesh,1/28/21,533953,8087,509,15,314
Bangladesh,1/29/21,534407,8094,454,7,315
Bangladesh,1/30/21,534770,8111,363,17,316
Bangladesh,1/31/21,535139,8127,369,16,317
Bangladesh,2/1/21,535582,8137,443,10,318
Bangladesh,2/2/21,536107,8149,525,12,319
Bangladesh,2/3/21,536545,8162,438,13,320
Bangladesh,2/4/21,537030,8175,485,13,321
Bangladesh,2/5/21,537465,8182,435,7,322
Bangladesh,2/6/21,537770,8190,305,8,323
Bangladesh,2/7/21,538062,8205,292,15,324
Bangladesh,2/8/21,538378,8221,316,16,325
Bangladesh,2/9/21,538765,8229,387,8,326
Bangladesh,2/10/21,539153,8239,388,10,327
Bangladesh,2/11/21,539531,8248,378,9,328
Bangladesh,2/12/21,539975,8253,444,5,329
Bangladesh,2/13/21,540266,8266,291,13,330
Bangladesh,2/14/21,540592,8274,326,8,331
Bangladesh,2/15/21,541038,8285,446,11,332
Bangladesh,2/16/21,541434,8298,396,13,333
Bangladesh,2/17/21,541877,8314,443,16,334
Bangladesh,2/18/21,542268,8329,391,15,335
Bangladesh,2/19/21,542674,8337,406,8,336
Bangladesh,2/20/21,543024,8342,350,5,337
Bangladesh,2/21/21,543351,8349,327,7,338
Bangladesh,2/22/21,543717,8356,366,7,339
Bangladesh,2/23/21,544116,8374,399,18,340
Bangladesh,2/24/21,544544,8379,428,5,341
Bangladesh,2/25/21,544954,8384,410,5,342
Bangladesh,2/26/21,545424,8395,470,11,343
Bangladesh,2/27/21,545831,8400,407,5,344
Bangladesh,2/28/21,546216,8408,385,8,345
Bangladesh,3/1/21,546801,8416,585,8,346
Bangladesh,3/2/21,547316,8423,515,7,347
Bangladesh,3/3/21,547930,8428,614,5,348
Bangladesh,3/4/21,548549,8435,619,7,349
Bangladesh,3/5/21,549184,8441,635,6,350
Bangladesh,3/6/21,549724,8451,540,10,351
Bangladesh,3/7/21,550330,8462,606,11,352
Bangladesh,3/8/21,551175,8476,845,14,353
Bangladesh,3/9/21,552087,8489,912,13,354
Bangladesh,3/10/21,553105,8496,1018,7,355
Bangladesh,3/11/21,554156,8502,1051,6,356
Bangladesh,3/12/21,555222,8515,1066,13,357
Bangladesh,3/13/21,556236,8527,1014,12,358
Bangladesh,3/14/21,557395,8545,1159,18,359
Bangladesh,3/15/21,559168,8571,1773,26,360
Bangladesh,3/16/21,560887,8597,1719,26,361
Bangladesh,3/17/21,562752,8608,1865,11,362
Bangladesh,3/18/21,564939,8624,2187,16,363
Bangladesh,3/19/21,566838,8642,1899,18,364
Bangladesh,3/20/21,568706,8668,1868,26,365
Bangladesh,3/21/21,570878,8690,2172,22,366
Bangladesh,3/22/21,573687,8720,2809,30,367
Bangladesh,3/23/21,577241,8738,3554,18,368
Bangladesh,3/24/21,580808,8763,3567,25,369
Bangladesh,3/25/21,584395,8797,3587,34,370
Bangladesh,3/26/21,588132,8830,3737,33,371
Bangladesh,3/27/21,591806,8869,3674,39,372
Bangladesh,3/28/21,595714,8904,3908,35,373
Bangladesh,3/29/21,600895,8949,5181,45,374
Bangladesh,3/30/21,605937,8994,5042,45,375
Bangladesh,3/31/21,611295,9046,5358,52,376
Bangladesh,4/1/21,617764,9105,6469,59,377
Bangladesh,4/2/21,624594,9155,6830,50,378
Bangladesh,4/3/21,630277,9213,5683,58,379
Bangladesh,4/4/21,637364,9266,7087,53,380
Bangladesh,4/5/21,644439,9318,7075,52,381
Bangladesh,4/6/21,651652,9384,7213,66,382
Bangladesh,4/7/21,659278,9447,7626,63,383
Bangladesh,4/8/21,666132,9521,6854,74,384
Bangladesh,4/9/21,673594,9584,7462,63,385
Bangladesh,4/10/21,678937,9661,5343,77,386
Bangladesh,4/11/21,684756,9739,5819,78,387
Bangladesh,4/12/21,691957,9822,7201,83,388
Bangladesh,4/13/21,697985,9891,6028,69,389
Bangladesh,4/14/21,703170,9987,5185,96,390
Bangladesh,4/15/21,707362,10081,4192,94,391
Bangladesh,4/16/21,711779,10182,4417,101,392
Bangladesh,4/17/21,715252,10283,3473,101,393
Bangladesh,4/18/21,718950,10385,3698,102,394
Bangladesh,4/19/21,723221,10497,4271,112,395
Bangladesh,4/20/21,727780,10588,4559,91,396
Bangladesh,4/21/21,732060,10683,4280,95,397
Bangladesh,4/22/21,736074,10781,4014,98,398
Bangladesh,4/23/21,739703,10869,3629,88,399
Bangladesh,4/24/21,742400,10952,2697,83,400
Bangladesh,4/25/21,745322,11053,2922,101,401
Bangladesh,4/26/21,748628,11150,3306,97,402
Bangladesh,4/27/21,751659,11228,3031,78,403
Bangladesh,4/28/21,754614,11305,2955,77,404
Bangladesh,4/29/21,756955,11393,2341,88,405
Bangladesh,4/30/21,759132,11450,2177,57,406
Bangladesh,5/1/21,760584,11510,1452,60,407
Bangladesh,5/2/21,761943,11579,1359,69,408
Bangladesh,5/3/21,763682,11644,1739,65,409
Bangladesh,5/4/21,765596,11705,1914,61,410
Bangladesh,5/5/21,767338,11755,1742,50,411
Bangladesh,5/6/21,769160,11796,1822,41,412
Bangladesh,5/7/21,770842,11833,1682,37,413
Bangladesh,5/8/21,772127,11878,1285,45,414
Bangladesh,5/9/21,773513,11934,1386,56,415
Bangladesh,5/10/21,775027,11972,1514,38,416
Bangladesh,5/11/21,776257,12005,1230,33,417
Bangladesh,5/12/21,777397,12045,1140,40,418
Bangladesh,5/13/21,778687,12076,1290,31,419
Bangladesh,5/14/21,779535,12102,848,26,420
Bangladesh,5/15/21,779796,12124,261,22,421
Bangladesh,5/16/21,780159,12149,363,25,422
Bangladesh,5/17/21,780857,12181,698,32,423
Bangladesh,5/18/21,782129,12211,1272,30,424
Bangladesh,5/19/21,783737,12248,1608,37,425
Bangladesh,5/20/21,785194,12284,1457,36,426
Bangladesh,5/21/21,786698,12310,1504,26,427
Bangladesh,5/22/21,787726,12348,1028,38,428
Bangladesh,5/23/21,789080,12376,1354,28,429
Bangladesh,5/24/21,790521,12401,1441,25,430
Bangladesh,5/25/21,792196,12441,1675,40,431
Bangladesh,5/26/21,793693,12458,1497,17,432
Bangladesh,5/27/21,794985,12480,1292,22,433
Bangladesh,5/28/21,796343,12511,1358,31,434
Bangladesh,5/29/21,797386,12549,1043,38,435
Bangladesh,5/30/21,798830,12583,1444,34,436
Bangladesh,5/31/21,800540,12619,1710,36,437
Bangladesh,6/1/21,802305,12660,1765,41,438
Bangladesh,6/2/21,804293,12694,1988,34,439
Bangladesh,6/3/21,805980,12724,1687,30,440
Bangladesh,6/4/21,807867,12758,1887,34,441
Bangladesh,6/5/21,809314,12801,1447,43,442
Bangladesh,6/6/21,810990,12839,1676,38,443
Bangladesh,6/7/21,812960,12869,1970,30,444
Bangladesh,6/8/21,815282,12913,2322,44,445
Bangladesh,6/9/21,817819,12949,2537,36,446
Bangladesh,6/10/21,820395,12989,2576,40,447
Bangladesh,6/11/21,822849,13032,2454,43,448
Bangladesh,6/12/21,824486,13071,1637,39,449
Bangladesh,6/13/21,826922,13118,2436,47,450
