country,date,confirmed,deaths,new_confirmed,new_deaths,tagged_day
Belgium,3/4/20,23,0,10,0,1
Belgium,3/5/20,50,0,27,0,2
Belgium,3/6/20,109,0,59,0,3
Belgium,3/7/20,169,0,60,0,4
Belgium,3/8/20,200,0,31,0,5
Belgium,3/9/20,239,0,39,0,6
Belgium,3/10/20,267,0,28,0,7
Belgium,3/11/20,314,3,47,3,8
Belgium,3/12/20,314,3,0,0,9
Belgium,3/13/20,559,3,245,0,10
Belgium,3/14/20,689,4,130,1,11
Belgium,3/15/20,886,4,197,0,12
Belgium,3/16/20,1058,5,172,1,13
Belgium,3/17/20,1243,10,185,5,14
Belgium,3/18/20,1486,14,243,4,15
Belgium,3/19/20,1795,21,309,7,16
Belgium,3/20/20,2257,37,462,16,17
Belgium,3/21/20,2815,67,558,30,18
Belgium,3/22/20,3401,75,586,8,19
Belgium,3/23/20,3743,88,342,13,20
Belgium,3/24/20,4269,122,526,34,21
Belgium,3/25/20,4937,178,668,56,22
Belgium,3/26/20,6235,220,1298,42,23
Belgium,3/27/20,7284,289,1049,69,24
Belgium,3/28/20,9134,353,1850,64,25
Belgium,3/29/20,10836,431,1702,78,26
Belgium,3/30/20,11899,513,1063,82,27
Belgium,3/31/20,12775,705,876,192,28
Belgium,4/1/20,13964,828,1189,123,29
Belgium,4/2/20,15348,1011,1384,183,30
Belgium,4/3/20,16770,1143,1422,132,31
Belgium,4/4/20,18431,1283,1661,140,32
Belgium,4/5/20,19691,1447,1260,164,33
Belgium,4/6/20,20814,1632,1123,185,34
Belgium,4/7/20,22194,2035,1380,403,35
Belgium,4/8/20,23403,2240,1209,205,36
Belgium,4/9/20,24983,2523,1580,283,37
Belgium,4/10/20,26667,3019,1684,496,38
Belgium,4/11/20,28018,3346,1351,327,39
Belgium,4/12/20,29647,3600,1629,254,40
Belgium,4/13/20,30589,3903,942,303,41
Belgium,4/14/20,31119,4157,530,254,42
Belgium,4/15/20,33573,4440,2454,283,43
Belgium,4/16/20,34809,4857,1236,417,44
Belgium,4/17/20,36138,5163,1329,306,45
Belgium,4/18/20,37183,5453,1045,290,46
Belgium,4/19/20,38496,5683,1313,230,47
Belgium,4/20/20,39983,5828,1487,145,48
Belgium,4/21/20,40956,5998,973,170,49
Belgium,4/22/20,41889,6262,933,264,50
Belgium,4/23/20,42797,6490,908,228,51
Belgium,4/24/20,44293,6679,1496,189,52
Belgium,4/25/20,45325,6917,1032,238,53
Belgium,4/26/20,46134,7094,809,177,54
Belgium,4/27/20,46687,7207,553,113,55
Belgium,4/28/20,47334,7331,647,124,56
Belgium,4/29/20,47859,7501,525,170,57
Belgium,4/30/20,48519,7594,660,93,58
Belgium,5/1/20,49032,7703,513,109,59
Belgium,5/2/20,49517,7765,485,62,60
Belgium,5/3/20,49906,7844,389,79,61
Belgium,5/4/20,50267,7924,361,80,62
Belgium,5/5/20,50509,8016,242,92,63
Belgium,5/6/20,50781,8339,272,323,64
Belgium,5/7/20,51420,8415,639,76,65
Belgium,5/8/20,52011,8521,591,106,66
Belgium,5/9/20,52596,8581,585,60,67
Belgium,5/10/20,53081,8656,485,75,68
Belgium,5/11/20,53449,8707,368,51,69
Belgium,5/12/20,53779,8761,330,54,70
Belgium,5/13/20,53981,8843,202,82,71
Belgium,5/14/20,54288,8903,307,60,72
Belgium,5/15/20,54644,8959,356,56,73
Belgium,5/16/20,54989,9005,345,46,74
Belgium,5/17/20,55280,9052,291,47,75
Belgium,5/18/20,55559,9080,279,28,76
Belgium,5/19/20,55791,9108,232,28,77
Belgium,5/20/20,55983,9150,192,42,78
Belgium,5/21/20,56235,9186,252,36,79
Belgium,5/22/20,56511,9212,276,26,80
Belgium,5/23/20,56810,9237,299,25,81
Belgium,5/24/20,57092,9280,282,43,82
Belgium,5/25/20,57342,9312,250,32,83
Belgium,5/26/20,57455,9334,113,22,84
Belgium,5/27/20,57592,9364,137,30,85
Belgium,5/28/20,57849,9388,257,24,86
Belgium,5/29/20,58061,9430,212,42,87
Belgium,5/30/20,58186,9453,125,23,88
Belgium,5/31/20,58381,9467,195,14,89
Belgium,6/1/20,58517,9486,136,19,90
Belgium,6/2/20,58615,9505,98,19,91
Belgium,6/3/20,58685,9522,70,17,92
Belgium,6/4/20,58767,9548,82,26,93
Belgium,6/5/20,58907,9566,140,18,94
Belgium,6/6/20,59072,9580,165,14,95
Belgium,6/7/20,59226,9595,154,15,96
Belgium,6/8/20,59348,9606,122,11,97
Belgium,6/9/20,59437,9619,89,13,98
Belgium,6/10/20,59569,9629,132,10,99
Belgium,6/11/20,59711,9636,142,7,100
Belgium,6/12/20,59819,9646,108,10,101
Belgium,6/13/20,59918,9650,99,4,102
Belgium,6/14/20,60029,9655,111,5,103
Belgium,6/15/20,60100,9661,71,6,104
Belgium,6/16/20,60155,9663,55,2,105
Belgium,6/17/20,60244,9675,89,12,106
Belgium,6/18/20,60348,9683,104,8,107
Belgium,6/19/20,60476,9695,128,12,108
Belgium,6/20/20,60550,9696,74,1,109
Belgium,6/21/20,60550,9696,0,0,110
Belgium,6/22/20,60550,9696,0,0,111
Belgium,6/23/20,60810,9713,260,17,112
Belgium,6/24/20,60898,9722,88,9,113
Belgium,6/25/20,61007,9726,109,4,114
Belgium,6/26/20,61106,9731,99,5,115
Belgium,6/27/20,61209,9732,103,1,116
Belgium,6/28/20,61295,9732,86,0,117
Belgium,6/29/20,61361,9732,66,0,118
Belgium,6/30/20,61427,9747,66,15,119
Belgium,7/1/20,61509,9754,82,7,120
Belgium,7/2/20,61598,9761,89,7,121
Belgium,7/3/20,61727,9765,129,4,122
Belgium,7/4/20,61838,9771,111,6,123
Belgium,7/5/20,62016,9771,178,0,124
Belgium,7/6/20,62058,9774,42,3,125
Belgium,7/7/20,62058,9774,0,0,126
Belgium,7/8/20,62123,9776,65,2,127
Belgium,7/9/20,62210,9778,87,2,128
Belgium,7/10/20,62357,9781,147,3,129
Belgium,7/11/20,62469,9782,112,1,130
Belgium,7/12/20,62707,9782,238,0,131
Belgium,7/13/20,62707,9782,0,0,132
Belgium,7/14/20,62781,9787,74,5,133
Belgium,7/15/20,62872,9788,91,1,134
Belgium,7/16/20,63238,9795,366,7,135
Belgium,7/17/20,63499,9800,261,5,136
Belgium,7/18/20,63706,9800,207,0,137
Belgium,7/19/20,63706,9800,0,0,138
Belgium,7/20/20,64094,9805,388,5,139
Belgium,7/21/20,64258,9805,164,0,140
Belgium,7/22/20,64627,9808,369,3,141
Belgium,7/23/20,64847,9812,220,4,142
Belgium,7/24/20,65199,9817,352,5,143
Belgium,7/25/20,65727,9821,528,4,144
Belgium,7/26/20,66026,9821,299,0,145
Belgium,7/27/20,66428,9822,402,1,146
Belgium,7/28/20,66662,9833,234,11,147
Belgium,7/29/20,67335,9836,673,3,148
Belgium,7/30/20,68006,9840,671,4,149
Belgium,7/31/20,68751,9841,745,1,150
Belgium,8/1/20,69402,9845,651,4,151
Belgium,8/2/20,69849,9845,447,0,152
Belgium,8/3/20,70314,9850,465,5,153
Belgium,8/4/20,70648,9852,334,2,154
Belgium,8/5/20,71158,9859,510,7,155
Belgium,8/6/20,72016,9861,858,2,156
Belgium,8/7/20,72784,9866,768,5,157
Belgium,8/8/20,73401,9870,617,4,158
Belgium,8/9/20,74152,9872,751,2,159
Belgium,8/10/20,74620,9879,468,7,160
Belgium,8/11/20,75008,9885,388,6,161
Belgium,8/12/20,75647,9900,639,15,162
Belgium,8/13/20,76191,9916,544,16,163
Belgium,8/14/20,77113,9924,922,8,164
Belgium,8/15/20,77869,9935,756,11,165
Belgium,8/16/20,78323,9939,454,4,166
Belgium,8/17/20,78534,9944,211,5,167
Belgium,8/18/20,78897,9959,363,15,168
Belgium,8/19/20,79479,9969,582,10,169
Belgium,8/20/20,80178,9976,699,7,170
Belgium,8/21/20,80894,9985,716,9,171
Belgium,8/22/20,81468,9988,574,3,172
Belgium,8/23/20,81936,9992,468,4,173
Belgium,8/24/20,82092,9996,156,4,174
Belgium,8/25/20,82447,9996,355,0,175
Belgium,8/26/20,83030,9879,583,-117,176
Belgium,8/27/20,83500,9884,470,5,177
Belgium,8/28/20,83952,9886,452,2,178
Belgium,8/29/20,84599,9891,647,5,179
Belgium,8/30/20,85042,9894,443,3,180
Belgium,8/31/20,85236,9895,194,1,181
Belgium,9/1/20,85487,9897,251,2,182
Belgium,9/2/20,85911,9898,424,1,183
Belgium,9/3/20,86544,9899,633,1,184
Belgium,9/4/20,87174,9901,630,2,185
Belgium,9/5/20,87825,9906,651,5,186
Belgium,9/6/20,88367,9907,542,1,187
Belgium,9/7/20,88769,9909,402,2,188
Belgium,9/8/20,89141,9912,372,3,189
Belgium,9/9/20,89691,9917,550,5,190
Belgium,9/10/20,90568,9917,877,0,191
Belgium,9/11/20,91537,9919,969,2,192
Belgium,9/12/20,92478,9923,941,4,193
Belgium,9/13/20,93455,9925,977,2,194
Belgium,9/14/20,94306,9927,851,2,195
Belgium,9/15/20,94795,9930,489,3,196
Belgium,9/16/20,95948,9935,1153,5,197
Belgium,9/17/20,97976,9936,2028,1,198
Belgium,9/18/20,99649,9937,1673,1,199
Belgium,9/19/20,100748,9944,1099,7,200
Belgium,9/20/20,102295,9948,1547,4,201
Belgium,9/21/20,103392,9950,1097,2,202
Belgium,9/22/20,105226,9955,1834,5,203
Belgium,9/23/20,106887,9959,1661,4,204
Belgium,9/24/20,108768,9965,1881,6,205
Belgium,9/25/20,110976,9969,2208,4,206
Belgium,9/26/20,112803,9974,1827,5,207
Belgium,9/27/20,114179,9980,1376,6,208
Belgium,9/28/20,115353,9987,1174,7,209
Belgium,9/29/20,117115,10001,1762,14,210
Belgium,9/30/20,118452,10016,1337,15,211
Belgium,10/1/20,121059,10023,2607,7,212
Belgium,10/2/20,124234,10037,3175,14,213
Belgium,10/3/20,127623,10044,3389,7,214
Belgium,10/4/20,130235,10064,2612,20,215
Belgium,10/5/20,132203,10078,1968,14,216
Belgium,10/6/20,134291,10092,2088,14,217
Belgium,10/7/20,137868,10108,3577,16,218
Belgium,10/8/20,143596,10126,5728,18,219
Belgium,10/9/20,148981,10151,5385,25,220
Belgium,10/10/20,156931,10175,7950,24,221
Belgium,10/11/20,162258,10191,5327,16,222
Belgium,10/12/20,165880,10211,3622,20,223
Belgium,10/13/20,173240,10244,7360,33,224
Belgium,10/14/20,181511,10278,8271,34,225
Belgium,10/15/20,191959,10327,10448,49,226
Belgium,10/16/20,202151,10359,10192,32,227
Belgium,10/17/20,213115,10392,10964,33,228
Belgium,10/18/20,222253,10413,9138,21,229
Belgium,10/19/20,230480,10443,8227,30,230
Belgium,10/20/20,240159,10489,9679,46,231
Belgium,10/21/20,253386,10539,13227,50,232
Belgium,10/22/20,270132,10588,16746,49,233
Belgium,10/23/20,287700,10658,17568,70,234
Belgium,10/24/20,305409,10737,17709,79,235
Belgium,10/25/20,321031,10810,15622,73,236
Belgium,10/26/20,333718,10899,12687,89,237
Belgium,10/27/20,347289,11038,13571,139,238
Belgium,10/28/20,368337,11170,21048,132,239
Belgium,10/29/20,392258,11308,23921,138,240
Belgium,10/30/20,412314,11452,20056,144,241
Belgium,10/31/20,429229,11625,16915,173,242
Belgium,11/1/20,441018,11737,11789,112,243
Belgium,11/2/20,447355,11858,6337,121,244
Belgium,11/3/20,452541,12126,5186,268,245
Belgium,11/4/20,468213,12331,15672,205,246
Belgium,11/5/20,479341,12520,11128,189,247
Belgium,11/6/20,488044,12708,8703,188,248
Belgium,11/7/20,494168,12907,6124,199,249
Belgium,11/8/20,500789,13055,6621,148,250
Belgium,11/9/20,503182,13216,2393,161,251
Belgium,11/10/20,507475,13561,4293,345,252
Belgium,11/11/20,515391,13758,7916,197,253
Belgium,11/12/20,520393,13891,5002,133,254
Belgium,11/13/20,525012,14106,4619,215,255
Belgium,11/14/20,531280,14303,6268,197,256
Belgium,11/15/20,535939,14421,4659,118,257
Belgium,11/16/20,537871,14616,1932,195,258
Belgium,11/17/20,540605,14839,2734,223,259
Belgium,11/18/20,545787,15025,5182,186,260
Belgium,11/19/20,550264,15196,4477,171,261
Belgium,11/20/20,553680,15352,3416,156,262
Belgium,11/21/20,556904,15522,3224,170,263
Belgium,11/22/20,558779,15618,1875,96,264
Belgium,11/23/20,559902,15755,1123,137,265
Belgium,11/24/20,561803,15938,1901,183,266
Belgium,11/25/20,564967,16077,3164,139,267
Belgium,11/26/20,567532,16219,2565,142,268
Belgium,11/27/20,570829,16339,3297,120,269
Belgium,11/28/20,574448,16461,3619,122,270
Belgium,11/29/20,576599,16547,2151,86,271
Belgium,11/30/20,577345,16645,746,98,272
Belgium,12/1/20,579212,16786,1867,141,273
Belgium,12/2/20,582252,16911,3040,125,274
Belgium,12/3/20,584857,17033,2605,122,275
Belgium,12/4/20,587439,17142,2582,109,276
Belgium,12/5/20,589942,17254,2503,112,277
Belgium,12/6/20,591756,17320,1814,66,278
Belgium,12/7/20,592615,17386,859,66,279
Belgium,12/8/20,594572,17507,1957,121,280
Belgium,12/9/20,597643,17603,3071,96,281
Belgium,12/10/20,600397,17692,2754,89,282
Belgium,12/11/20,600397,17692,0,0,283
Belgium,12/12/20,603159,17792,2762,100,284
Belgium,12/13/20,608137,17951,4978,159,285
Belgium,12/14/20,609211,18054,1074,103,286
Belgium,12/15/20,611422,18178,2211,124,287
Belgium,12/16/20,615058,18278,3636,100,288
Belgium,12/17/20,618204,18371,3146,93,289
Belgium,12/18/20,621039,18455,2835,84,290
Belgium,12/19/20,623760,18545,2721,90,291
Belgium,12/20/20,625930,18626,2170,81,292
Belgium,12/21/20,626911,18697,981,71,293
Belgium,12/22/20,629109,18821,2198,124,294
Belgium,12/23/20,632321,18939,3212,118,295
Belgium,12/24/20,634904,19038,2583,99,296
Belgium,12/25/20,637246,19089,2342,51,297
Belgium,12/26/20,638030,19158,784,69,298
Belgium,12/27/20,638877,19200,847,42,299
Belgium,12/28/20,639734,19234,857,34,300
Belgium,12/29/20,641411,19361,1677,127,301
Belgium,12/30/20,644242,19441,2831,80,302
Belgium,12/31/20,646496,19528,2254,87,303
Belgium,1/1/21,648289,19581,1793,53,304
Belgium,1/2/21,649169,19644,880,63,305
Belgium,1/3/21,650011,19701,842,57,306
Belgium,1/4/21,650887,19750,876,49,307
Belgium,1/5/21,652735,19827,1848,77,308
Belgium,1/6/21,655732,19883,2997,56,309
Belgium,1/7/21,658655,19936,2923,53,310
Belgium,1/8/21,660703,19992,2048,56,311
Belgium,1/9/21,662694,20038,1991,46,312
Belgium,1/10/21,664263,20078,1569,40,313
Belgium,1/11/21,665223,20122,960,44,314
Belgium,1/12/21,667322,20194,2099,72,315
Belgium,1/13/21,670249,20250,2927,56,316
Belgium,1/14/21,672886,20294,2637,44,317
Belgium,1/15/21,675089,20352,2203,58,318
Belgium,1/16/21,677209,20396,2120,44,319
Belgium,1/17/21,678839,20435,1630,39,320
Belgium,1/18/21,679771,20472,932,37,321
Belgium,1/19/21,681250,20554,1479,82,322
Belgium,1/20/21,684256,20572,3006,18,323
Belgium,1/21/21,686827,20620,2571,48,324
Belgium,1/22/21,689271,20675,2444,55,325
Belgium,1/23/21,691854,20726,2583,51,326
Belgium,1/24/21,693666,20779,1812,53,327
Belgium,1/25/21,694858,20814,1192,35,328
Belgium,1/26/21,696642,20879,1784,65,329
Belgium,1/27/21,699662,20933,3020,54,330
Belgium,1/28/21,702437,20982,2775,49,331
Belgium,1/29/21,705120,21018,2683,36,332
Belgium,1/30/21,707837,21066,2717,48,333
Belgium,1/31/21,710153,21092,2316,26,334
Belgium,2/1/21,711417,21124,1264,32,335
Belgium,2/2/21,713271,21173,1854,49,336
Belgium,2/3/21,716395,21216,3124,43,337
Belgium,2/4/21,718847,21260,2452,44,338
Belgium,2/5/21,721432,21295,2585,35,339
Belgium,2/6/21,723870,21352,2438,57,340
Belgium,2/7/21,725610,21389,1740,37,341
Belgium,2/8/21,726483,21423,873,34,342
Belgium,2/9/21,728334,21472,1851,49,343
Belgium,2/10/21,730951,21512,2617,40,344
Belgium,2/11/21,733100,21551,2149,39,345
Belgium,2/12/21,735220,21599,2120,48,346
Belgium,2/13/21,737115,21634,1895,35,347
Belgium,2/14/21,738631,21662,1516,28,348
Belgium,2/15/21,739488,21702,857,40,349
Belgium,2/16/21,741205,21750,1717,48,350
Belgium,2/17/21,743882,21793,2677,43,351
Belgium,2/18/21,746302,21821,2420,28,352
Belgium,2/19/21,749739,21859,3437,38,353
Belgium,2/20/21,752379,21887,2640,28,354
Belgium,2/21/21,754473,21903,2094,16,355
Belgium,2/22/21,755594,21923,1121,20,356
Belgium,2/23/21,757696,21956,2102,33,357
Belgium,2/24/21,760809,21988,3113,32,358
Belgium,2/25/21,763885,22006,3076,18,359
Belgium,2/26/21,766654,22034,2769,28,360
Belgium,2/27/21,769414,22052,2760,18,361
Belgium,2/28/21,771511,22077,2097,25,362
Belgium,3/1/21,772294,22106,783,29,363
Belgium,3/2/21,774344,22141,2050,35,364
Belgium,3/3/21,777608,22169,3264,28,365
Belgium,3/4/21,780251,22196,2643,27,366
Belgium,3/5/21,783010,22215,2759,19,367
Belgium,3/6/21,785809,22240,2799,25,368
Belgium,3/7/21,787891,22261,2082,21,369
Belgium,3/8/21,789008,22292,1117,31,370
Belgium,3/9/21,791171,22327,2163,35,371
Belgium,3/10/21,794605,22347,3434,20,372
Belgium,3/11/21,798108,22370,3503,23,373
Belgium,3/12/21,801723,22397,3615,27,374
Belgium,3/13/21,805321,22421,3598,24,375
Belgium,3/14/21,808283,22441,2962,20,376
Belgium,3/15/21,809861,22545,1578,104,377
Belgium,3/16/21,813026,22572,3165,27,378
Belgium,3/17/21,818142,22600,5116,28,379
Belgium,3/18/21,822801,22624,4659,24,380
Belgium,3/19/21,827941,22650,5140,26,381
Belgium,3/20/21,827941,22650,0,0,382
Belgium,3/21/21,837006,22707,9065,57,383
Belgium,3/22/21,839238,22728,2232,21,384
Belgium,3/23/21,842775,22763,3537,35,385
Belgium,3/24/21,849090,22786,6315,23,386
Belgium,3/25/21,854608,22816,5518,30,387
Belgium,3/26/21,860731,22852,6123,36,388
Belgium,3/27/21,866063,22870,5332,18,389
Belgium,3/28/21,870757,22897,4694,27,390
Belgium,3/29/21,872936,22921,2179,24,391
Belgium,3/30/21,876842,22966,3906,45,392
Belgium,3/31/21,882453,23016,5611,50,393
Belgium,4/1/21,887920,23045,5467,29,394
Belgium,4/2/21,892585,23083,4665,38,395
Belgium,4/3/21,897474,23130,4889,47,396
Belgium,4/4/21,900996,23169,3522,39,397
Belgium,4/5/21,902964,23202,1968,33,398
Belgium,4/6/21,904673,23247,1709,45,399
Belgium,4/7/21,908212,23301,3539,54,400
Belgium,4/8/21,913057,23348,4845,47,401
Belgium,4/9/21,917917,23390,4860,42,402
Belgium,4/10/21,922487,23428,4570,38,403
Belgium,4/11/21,925476,23473,2989,45,404
Belgium,4/12/21,927229,23503,1753,30,405
Belgium,4/13/21,930603,23566,3374,63,406
Belgium,4/14/21,935316,23603,4713,37,407
Belgium,4/15/21,939309,23636,3993,33,408
Belgium,4/16/21,943213,23681,3904,45,409
Belgium,4/17/21,947000,23718,3787,37,410
Belgium,4/18/21,949996,23747,2996,29,411
Belgium,4/19/21,951626,23782,1630,35,412
Belgium,4/20/21,955056,23834,3430,52,413
Belgium,4/21/21,960169,23867,5113,33,414
Belgium,4/22/21,964526,23909,4357,42,415
Belgium,4/23/21,968107,23954,3581,45,416
Belgium,4/24/21,972041,23990,3934,36,417
Belgium,4/25/21,974418,24024,2377,34,418
Belgium,4/26/21,976088,24065,1670,41,419
Belgium,4/27/21,979034,24104,2946,39,420
Belgium,4/28/21,982959,24140,3925,36,421
Belgium,4/29/21,986622,24185,3663,45,422
Belgium,4/30/21,990229,24230,3607,45,423
Belgium,5/1/21,993434,24258,3205,28,424
Belgium,5/2/21,995562,24291,2128,33,425
Belgium,5/3/21,996896,24322,1334,31,426
Belgium,5/4/21,999627,24367,2731,45,427
Belgium,5/5/21,1003746,24406,4119,39,428
Belgium,5/6/21,1007264,24444,3518,38,429
Belgium,5/7/21,1010987,24483,3723,39,430
Belgium,5/8/21,1014351,24511,3364,28,431
Belgium,5/9/21,1016609,24551,2258,40,432
Belgium,5/10/21,1017876,24583,1267,32,433
Belgium,5/11/21,1020332,24609,2456,26,434
Belgium,5/12/21,1023583,24630,3251,21,435
Belgium,5/13/21,1026473,24645,2890,15,436
Belgium,5/14/21,1028104,24664,1631,19,437
Belgium,5/15/21,1030071,24686,1967,22,438
Belgium,5/16/21,1031923,24709,1852,23,439
Belgium,5/17/21,1032895,24723,972,14,440
Belgium,5/18/21,1034714,24749,1819,26,441
Belgium,5/19/21,1038514,24768,3800,19,442
Belgium,5/20/21,1041706,24794,3192,26,443
Belgium,5/21/21,1044612,24809,2906,15,444
Belgium,5/22/21,1047128,24823,2516,14,445
Belgium,5/23/21,1048881,24842,1753,19,446
Belgium,5/24/21,1049822,24853,941,11,447
Belgium,5/25/21,1050677,24873,855,20,448
Belgium,5/26/21,1052652,24889,1975,16,449
Belgium,5/27/21,1055543,24902,2891,13,450
Belgium,5/28/21,1057903,24910,2360,8,451
Belgium,5/29/21,1059763,24921,1860,11,452
Belgium,5/30/21,1061200,24940,1437,19,453
Belgium,5/31/21,1062001,24955,801,15,454
Belgium,6/1/21,1063499,24968,1498,13,455
Belgium,6/2/21,1065358,24982,1859,14,456
Belgium,6/3/21,1066957,24995,1599,13,457
Belgium,6/4/21,1068406,25014,1449,19,458
Belgium,6/5/21,1069874,25019,1468,5,459
Belgium,6/6/21,1070802,25033,928,14,460
Belgium,6/7/21,1071271,25041,469,8,461
Belgium,6/8/21,1072175,25051,904,10,462
Belgium,6/9/21,1073358,25061,1183,10,463
Belgium,6/10/21,1074204,25068,846,7,464
Belgium,6/11/21,1074988,25075,784,7,465
Belgium,6/12/21,1075765,25081,777,6,466
Belgium,6/13/21,1076338,25088,573,7,467
