country,date,confirmed,deaths,new_confirmed,new_deaths,tagged_day
Belize,6/15/20,21,2,1,0,1
Belize,6/16/20,22,2,1,0,2
Belize,6/17/20,22,2,0,0,3
Belize,6/18/20,22,2,0,0,4
Belize,6/19/20,22,2,0,0,5
Belize,6/20/20,22,2,0,0,6
Belize,6/21/20,22,2,0,0,7
Belize,6/22/20,23,2,1,0,8
Belize,6/23/20,23,2,0,0,9
Belize,6/24/20,23,2,0,0,10
Belize,6/25/20,23,2,0,0,11
Belize,6/26/20,24,2,1,0,12
Belize,6/27/20,24,2,0,0,13
Belize,6/28/20,24,2,0,0,14
Belize,6/29/20,24,2,0,0,15
Belize,6/30/20,24,2,0,0,16
Belize,7/1/20,28,2,4,0,17
Belize,7/2/20,28,2,0,0,18
Belize,7/3/20,30,2,2,0,19
Belize,7/4/20,30,2,0,0,20
Belize,7/5/20,30,2,0,0,21
Belize,7/6/20,30,2,0,0,22
Belize,7/7/20,30,2,0,0,23
Belize,7/8/20,30,2,0,0,24
Belize,7/9/20,30,2,0,0,25
Belize,7/10/20,37,2,7,0,26
Belize,7/11/20,37,2,0,0,27
Belize,7/12/20,37,2,0,0,28
Belize,7/13/20,37,2,0,0,29
Belize,7/14/20,39,2,2,0,30
Belize,7/15/20,39,2,0,0,31
Belize,7/16/20,40,2,1,0,32
Belize,7/17/20,40,2,0,0,33
Belize,7/18/20,40,2,0,0,34
Belize,7/19/20,40,2,0,0,35
Belize,7/20/20,40,2,0,0,36
Belize,7/21/20,42,2,2,0,37
Belize,7/22/20,43,2,1,0,38
Belize,7/23/20,47,2,4,0,39
Belize,7/24/20,48,2,1,0,40
Belize,7/25/20,48,2,0,0,41
Belize,7/26/20,48,2,0,0,42
Belize,7/27/20,48,2,0,0,43
Belize,7/28/20,48,2,0,0,44
Belize,7/29/20,48,2,0,0,45
Belize,7/30/20,48,2,0,0,46
Belize,7/31/20,48,2,0,0,47
Belize,8/1/20,56,2,8,0,48
Belize,8/2/20,57,2,1,0,49
Belize,8/3/20,57,2,0,0,50
Belize,8/4/20,57,2,0,0,51
Belize,8/5/20,86,2,29,0,52
Belize,8/6/20,114,2,28,0,53
Belize,8/7/20,114,2,0,0,54
Belize,8/8/20,146,2,32,0,55
Belize,8/9/20,153,2,7,0,56
Belize,8/10/20,177,2,24,0,57
Belize,8/11/20,177,2,0,0,58
Belize,8/12/20,210,2,33,0,59
Belize,8/13/20,296,2,86,0,60
Belize,8/14/20,356,3,60,1,61
Belize,8/15/20,388,3,32,0,62
Belize,8/16/20,452,3,64,0,63
Belize,8/17/20,475,4,23,1,64
Belize,8/18/20,475,4,0,0,65
Belize,8/19/20,553,4,78,0,66
Belize,8/20/20,605,5,52,1,67
Belize,8/21/20,648,5,43,0,68
Belize,8/22/20,668,6,20,1,69
Belize,8/23/20,686,6,18,0,70
Belize,8/24/20,713,10,27,4,71
Belize,8/25/20,730,10,17,0,72
Belize,8/26/20,760,11,30,1,73
Belize,8/27/20,818,12,58,1,74
Belize,8/28/20,870,12,52,0,75
Belize,8/29/20,964,13,94,1,76
Belize,8/30/20,993,13,29,0,77
Belize,8/31/20,1007,13,14,0,78
Belize,9/1/20,1050,13,43,0,79
Belize,9/2/20,1101,13,51,0,80
Belize,9/3/20,1101,13,0,0,81
Belize,9/4/20,1152,15,51,2,82
Belize,9/5/20,1194,15,42,0,83
Belize,9/6/20,1194,15,0,0,84
Belize,9/7/20,1307,16,113,1,85
Belize,9/8/20,1361,16,54,0,86
Belize,9/9/20,1365,18,4,2,87
Belize,9/10/20,1365,18,0,0,88
Belize,9/11/20,1435,19,70,1,89
Belize,9/12/20,1458,19,23,0,90
Belize,9/13/20,1480,19,22,0,91
Belize,9/14/20,1501,19,21,0,92
Belize,9/15/20,1528,19,27,0,93
Belize,9/16/20,1536,19,8,0,94
Belize,9/17/20,1567,19,31,0,95
Belize,9/18/20,1590,20,23,1,96
Belize,9/19/20,1606,20,16,0,97
Belize,9/20/20,1627,21,21,1,98
Belize,9/21/20,1635,21,8,0,99
Belize,9/22/20,1635,21,0,0,100
Belize,9/23/20,1706,22,71,1,101
Belize,9/24/20,1706,22,0,0,102
Belize,9/25/20,1808,23,102,1,103
Belize,9/26/20,1825,24,17,1,104
Belize,9/27/20,1825,24,0,0,105
Belize,9/28/20,1891,24,66,0,106
Belize,9/29/20,1891,24,0,0,107
Belize,9/30/20,1992,27,101,3,108
Belize,10/1/20,1992,27,0,0,109
Belize,10/2/20,2080,28,88,1,110
Belize,10/3/20,2080,28,0,0,111
Belize,10/4/20,2131,29,51,1,112
Belize,10/5/20,2196,30,65,1,113
Belize,10/6/20,2243,34,47,4,114
Belize,10/7/20,2310,34,67,0,115
Belize,10/8/20,2373,34,63,0,116
Belize,10/9/20,2427,35,54,1,117
Belize,10/10/20,2427,35,0,0,118
Belize,10/11/20,2531,37,104,2,119
Belize,10/12/20,2569,37,38,0,120
Belize,10/13/20,2585,39,16,2,121
Belize,10/14/20,2619,40,34,1,122
Belize,10/15/20,2682,41,63,1,123
Belize,10/16/20,2728,43,46,2,124
Belize,10/17/20,2775,43,47,0,125
Belize,10/18/20,2813,44,38,1,126
Belize,10/19/20,2833,45,20,1,127
Belize,10/20/20,2886,45,53,0,128
Belize,10/21/20,2937,46,51,1,129
Belize,10/22/20,2995,46,58,0,130
Belize,10/23/20,3050,46,55,0,131
Belize,10/24/20,3106,48,56,2,132
Belize,10/25/20,3145,50,39,2,133
Belize,10/26/20,3145,50,0,0,134
Belize,10/27/20,3200,51,55,1,135
Belize,10/28/20,3261,52,61,1,136
Belize,10/29/20,3261,52,0,0,137
Belize,10/30/20,3462,58,201,6,138
Belize,10/31/20,3487,59,25,1,139
Belize,11/1/20,3577,59,90,0,140
Belize,11/2/20,3624,59,47,0,141
Belize,11/3/20,3790,61,166,2,142
Belize,11/4/20,3905,64,115,3,143
Belize,11/5/20,3977,66,72,2,144
Belize,11/6/20,4016,67,39,1,145
Belize,11/7/20,4076,68,60,1,146
Belize,11/8/20,4176,70,100,2,147
Belize,11/9/20,4230,71,54,1,148
Belize,11/10/20,4414,73,184,2,149
Belize,11/11/20,4520,75,106,2,150
Belize,11/12/20,4596,75,76,0,151
Belize,11/13/20,4715,85,119,10,152
Belize,11/14/20,4783,88,68,3,153
Belize,11/15/20,4861,90,78,2,154
Belize,11/16/20,4883,94,22,4,155
Belize,11/17/20,4920,96,37,2,156
Belize,11/18/20,4958,100,38,4,157
Belize,11/19/20,5018,102,60,2,158
Belize,11/20/20,5056,107,38,5,159
Belize,11/21/20,5110,112,54,5,160
Belize,11/22/20,5183,116,73,4,161
Belize,11/23/20,5249,120,66,4,162
Belize,11/24/20,5335,125,86,5,163
Belize,11/25/20,5423,129,88,4,164
Belize,11/26/20,5515,131,92,2,165
Belize,11/27/20,5587,141,72,10,166
Belize,11/28/20,5647,144,60,3,167
Belize,11/29/20,5743,147,96,3,168
Belize,11/30/20,5854,148,111,1,169
Belize,12/1/20,5854,148,0,0,170
Belize,12/2/20,5854,148,0,0,171
Belize,12/3/20,7236,164,1382,16,172
Belize,12/4/20,7383,170,147,6,173
Belize,12/5/20,7601,172,218,2,174
Belize,12/6/20,7769,173,168,1,175
Belize,12/7/20,7953,176,184,3,176
Belize,12/8/20,8013,179,60,3,177
Belize,12/9/20,8519,183,506,4,178
Belize,12/10/20,8805,183,286,0,179
Belize,12/11/20,8965,185,160,2,180
Belize,12/12/20,9173,192,208,7,181
Belize,12/13/20,9295,195,122,3,182
Belize,12/14/20,9377,197,82,2,183
Belize,12/15/20,9511,211,134,14,184
Belize,12/16/20,9672,212,161,1,185
Belize,12/17/20,9791,213,119,1,186
Belize,12/18/20,9791,213,0,0,187
Belize,12/19/20,9791,213,0,0,188
Belize,12/20/20,9791,213,0,0,189
Belize,12/21/20,10145,224,354,11,190
Belize,12/22/20,10257,226,112,2,191
Belize,12/23/20,10370,226,113,0,192
Belize,12/24/20,10490,228,120,2,193
Belize,12/25/20,10490,228,0,0,194
Belize,12/26/20,10490,228,0,0,195
Belize,12/27/20,10561,233,71,5,196
Belize,12/28/20,10591,236,30,3,197
Belize,12/29/20,10668,241,77,5,198
Belize,12/30/20,10724,242,56,1,199
Belize,12/31/20,10776,248,52,6,200
Belize,1/1/21,10776,248,0,0,201
Belize,1/2/21,10807,249,31,1,202
Belize,1/3/21,10901,250,94,1,203
Belize,1/4/21,10938,257,37,7,204
Belize,1/5/21,11018,258,80,1,205
Belize,1/6/21,11108,260,90,2,206
Belize,1/7/21,11152,267,44,7,207
Belize,1/8/21,11202,271,50,4,208
Belize,1/9/21,11266,271,64,0,209
Belize,1/10/21,11303,274,37,3,210
Belize,1/11/21,11332,275,29,1,211
Belize,1/12/21,11366,277,34,2,212
Belize,1/13/21,11419,278,53,1,213
Belize,1/14/21,11456,280,37,2,214
Belize,1/15/21,11529,281,73,1,215
Belize,1/16/21,11529,281,0,0,216
Belize,1/17/21,11580,281,51,0,217
Belize,1/18/21,11592,282,12,1,218
Belize,1/19/21,11615,283,23,1,219
Belize,1/20/21,11642,286,27,3,220
Belize,1/21/21,11676,289,34,3,221
Belize,1/22/21,11700,290,24,1,222
Belize,1/23/21,11722,290,22,0,223
Belize,1/24/21,11750,290,28,0,224
Belize,1/25/21,11770,293,20,3,225
Belize,1/26/21,11788,293,18,0,226
Belize,1/27/21,11816,294,28,1,227
Belize,1/28/21,11845,298,29,4,228
Belize,1/29/21,11877,301,32,3,229
Belize,1/30/21,11908,301,31,0,230
Belize,1/31/21,11908,301,0,0,231
Belize,2/1/21,11945,302,37,1,232
Belize,2/2/21,11957,303,12,1,233
Belize,2/3/21,11978,306,21,3,234
Belize,2/4/21,12008,306,30,0,235
Belize,2/5/21,12013,306,5,0,236
Belize,2/6/21,12037,306,24,0,237
Belize,2/7/21,12037,306,0,0,238
Belize,2/8/21,12070,307,33,1,239
Belize,2/9/21,12079,310,9,3,240
Belize,2/10/21,12107,313,28,3,241
Belize,2/11/21,12114,313,7,0,242
Belize,2/12/21,12134,313,20,0,243
Belize,2/13/21,12145,313,11,0,244
Belize,2/14/21,12145,313,0,0,245
Belize,2/15/21,12175,313,30,0,246
Belize,2/16/21,12188,313,13,0,247
Belize,2/17/21,12195,314,7,1,248
Belize,2/18/21,12207,314,12,0,249
Belize,2/19/21,12227,314,20,0,250
Belize,2/20/21,12244,314,17,0,251
Belize,2/21/21,12244,314,0,0,252
Belize,2/22/21,12255,314,11,0,253
Belize,2/23/21,12264,314,9,0,254
Belize,2/24/21,12271,315,7,1,255
Belize,2/25/21,12280,315,9,0,256
Belize,2/26/21,12293,315,13,0,257
Belize,2/27/21,12293,315,0,0,258
Belize,2/28/21,12293,315,0,0,259
Belize,3/1/21,12313,315,20,0,260
Belize,3/2/21,12320,315,7,0,261
Belize,3/3/21,12328,315,8,0,262
Belize,3/4/21,12329,314,1,-1,263
Belize,3/5/21,12335,315,6,1,264
Belize,3/6/21,12335,315,0,0,265
Belize,3/7/21,12335,315,0,0,266
Belize,3/8/21,12335,315,0,0,267
Belize,3/9/21,12345,316,10,1,268
Belize,3/10/21,12355,316,10,0,269
Belize,3/11/21,12359,316,4,0,270
Belize,3/12/21,12370,316,11,0,271
Belize,3/13/21,12370,316,0,0,272
Belize,3/14/21,12370,316,0,0,273
Belize,3/15/21,12383,316,13,0,274
Belize,3/16/21,12389,316,6,0,275
Belize,3/17/21,12396,316,7,0,276
Belize,3/18/21,12399,316,3,0,277
Belize,3/19/21,12400,316,1,0,278
Belize,3/20/21,12400,316,0,0,279
Belize,3/21/21,12400,316,0,0,280
Belize,3/22/21,12407,316,7,0,281
Belize,3/23/21,12410,316,3,0,282
Belize,3/24/21,12410,317,0,1,283
Belize,3/25/21,12411,317,1,0,284
Belize,3/26/21,12415,317,4,0,285
Belize,3/27/21,12415,317,0,0,286
Belize,3/28/21,12415,317,0,0,287
Belize,3/29/21,12415,317,0,0,288
Belize,3/30/21,12415,317,0,0,289
Belize,3/31/21,12456,317,41,0,290
Belize,4/1/21,12456,317,0,0,291
Belize,4/2/21,12456,317,0,0,292
Belize,4/3/21,12456,317,0,0,293
Belize,4/4/21,12456,317,0,0,294
Belize,4/5/21,12456,317,0,0,295
Belize,4/6/21,12477,318,21,1,296
Belize,4/7/21,12485,318,8,0,297
Belize,4/8/21,12485,318,0,0,298
Belize,4/9/21,12485,318,0,0,299
Belize,4/10/21,12485,318,0,0,300
Belize,4/11/21,12485,318,0,0,301
Belize,4/12/21,12503,318,18,0,302
Belize,4/13/21,12513,318,10,0,303
Belize,4/14/21,12522,318,9,0,304
Belize,4/15/21,12529,318,7,0,305
Belize,4/16/21,12538,318,9,0,306
Belize,4/17/21,12538,318,0,0,307
Belize,4/18/21,12538,318,0,0,308
Belize,4/19/21,12558,318,20,0,309
Belize,4/20/21,12568,318,10,0,310
Belize,4/21/21,12585,318,17,0,311
Belize,4/22/21,12596,320,11,2,312
Belize,4/23/21,12599,321,3,1,313
Belize,4/24/21,12599,321,0,0,314
Belize,4/25/21,12599,321,0,0,315
Belize,4/26/21,12624,322,25,1,316
Belize,4/27/21,12631,322,7,0,317
Belize,4/28/21,12639,323,8,1,318
Belize,4/29/21,12646,323,7,0,319
Belize,4/30/21,12668,323,22,0,320
Belize,5/1/21,12668,323,0,0,321
Belize,5/2/21,12668,323,0,0,322
Belize,5/3/21,12674,323,6,0,323
Belize,5/4/21,12675,323,1,0,324
Belize,5/5/21,12680,323,5,0,325
Belize,5/6/21,12682,323,2,0,326
Belize,5/7/21,12686,323,4,0,327
Belize,5/8/21,12686,323,0,0,328
Belize,5/9/21,12686,323,0,0,329
Belize,5/10/21,12700,323,14,0,330
Belize,5/11/21,12704,323,4,0,331
Belize,5/12/21,12707,323,3,0,332
Belize,5/13/21,12709,323,2,0,333
Belize,5/14/21,12714,323,5,0,334
Belize,5/15/21,12714,323,0,0,335
Belize,5/16/21,12714,323,0,0,336
Belize,5/17/21,12742,323,28,0,337
Belize,5/18/21,12745,323,3,0,338
Belize,5/19/21,12753,323,8,0,339
Belize,5/20/21,12761,323,8,0,340
Belize,5/21/21,12764,323,3,0,341
Belize,5/22/21,12764,323,0,0,342
Belize,5/23/21,12764,323,0,0,343
Belize,5/24/21,12764,323,0,0,344
Belize,5/25/21,12777,323,13,0,345
Belize,5/26/21,12784,323,7,0,346
Belize,5/27/21,12789,323,5,0,347
Belize,5/28/21,12791,324,2,1,348
Belize,5/29/21,12791,324,0,0,349
Belize,5/30/21,12791,324,0,0,350
Belize,5/31/21,12809,324,18,0,351
Belize,6/1/21,12819,325,10,1,352
Belize,6/2/21,12833,325,14,0,353
Belize,6/3/21,12840,325,7,0,354
Belize,6/4/21,12861,325,21,0,355
Belize,6/5/21,12861,325,0,0,356
Belize,6/6/21,12861,325,0,0,357
Belize,6/7/21,12899,325,38,0,358
Belize,6/8/21,12909,325,10,0,359
Belize,6/9/21,12916,325,7,0,360
Belize,6/10/21,12924,325,8,0,361
Belize,6/11/21,12938,325,14,0,362
Belize,6/12/21,12938,325,0,0,363
Belize,6/13/21,12938,325,0,0,364
