country,date,confirmed,deaths,new_confirmed,new_deaths,tagged_day
Bosnia and Herzegovina,3/15/20,24,0,6,0,1
Bosnia and Herzegovina,3/16/20,25,0,1,0,2
Bosnia and Herzegovina,3/17/20,26,0,1,0,3
Bosnia and Herzegovina,3/18/20,38,0,12,0,4
Bosnia and Herzegovina,3/19/20,63,0,25,0,5
Bosnia and Herzegovina,3/20/20,89,0,26,0,6
Bosnia and Herzegovina,3/21/20,93,1,4,1,7
Bosnia and Herzegovina,3/22/20,126,1,33,0,8
Bosnia and Herzegovina,3/23/20,136,1,10,0,9
Bosnia and Herzegovina,3/24/20,166,3,30,2,10
Bosnia and Herzegovina,3/25/20,176,3,10,0,11
Bosnia and Herzegovina,3/26/20,191,3,15,0,12
Bosnia and Herzegovina,3/27/20,237,4,46,1,13
Bosnia and Herzegovina,3/28/20,258,5,21,1,14
Bosnia and Herzegovina,3/29/20,323,6,65,1,15
Bosnia and Herzegovina,3/30/20,368,10,45,4,16
Bosnia and Herzegovina,3/31/20,420,13,52,3,17
Bosnia and Herzegovina,4/1/20,459,13,39,0,18
Bosnia and Herzegovina,4/2/20,533,16,74,3,19
Bosnia and Herzegovina,4/3/20,579,17,46,1,20
Bosnia and Herzegovina,4/4/20,624,21,45,4,21
Bosnia and Herzegovina,4/5/20,654,23,30,2,22
Bosnia and Herzegovina,4/6/20,674,29,20,6,23
Bosnia and Herzegovina,4/7/20,764,33,90,4,24
Bosnia and Herzegovina,4/8/20,804,34,40,1,25
Bosnia and Herzegovina,4/9/20,858,35,54,1,26
Bosnia and Herzegovina,4/10/20,901,36,43,1,27
Bosnia and Herzegovina,4/11/20,946,37,45,1,28
Bosnia and Herzegovina,4/12/20,1009,39,63,2,29
Bosnia and Herzegovina,4/13/20,1037,39,28,0,30
Bosnia and Herzegovina,4/14/20,1083,40,46,1,31
Bosnia and Herzegovina,4/15/20,1110,41,27,1,32
Bosnia and Herzegovina,4/16/20,1167,43,57,2,33
Bosnia and Herzegovina,4/17/20,1214,46,47,3,34
Bosnia and Herzegovina,4/18/20,1268,47,54,1,35
Bosnia and Herzegovina,4/19/20,1285,48,17,1,36
Bosnia and Herzegovina,4/20/20,1309,49,24,1,37
Bosnia and Herzegovina,4/21/20,1342,51,33,2,38
Bosnia and Herzegovina,4/22/20,1368,53,26,2,39
Bosnia and Herzegovina,4/23/20,1413,54,45,1,40
Bosnia and Herzegovina,4/24/20,1421,55,8,1,41
Bosnia and Herzegovina,4/25/20,1486,57,65,2,42
Bosnia and Herzegovina,4/26/20,1516,59,30,2,43
Bosnia and Herzegovina,4/27/20,1565,60,49,1,44
Bosnia and Herzegovina,4/28/20,1585,63,20,3,45
Bosnia and Herzegovina,4/29/20,1677,65,92,2,46
Bosnia and Herzegovina,4/30/20,1757,69,80,4,47
Bosnia and Herzegovina,5/1/20,1781,70,24,1,48
Bosnia and Herzegovina,5/2/20,1839,72,58,2,49
Bosnia and Herzegovina,5/3/20,1857,77,18,5,50
Bosnia and Herzegovina,5/4/20,1926,78,69,1,51
Bosnia and Herzegovina,5/5/20,1946,79,20,1,52
Bosnia and Herzegovina,5/6/20,1987,86,41,7,53
Bosnia and Herzegovina,5/7/20,2027,90,40,4,54
Bosnia and Herzegovina,5/8/20,2070,98,43,8,55
Bosnia and Herzegovina,5/9/20,2090,102,20,4,56
Bosnia and Herzegovina,5/10/20,2117,107,27,5,57
Bosnia and Herzegovina,5/11/20,2141,113,24,6,58
Bosnia and Herzegovina,5/12/20,2158,117,17,4,59
Bosnia and Herzegovina,5/13/20,2181,120,23,3,60
Bosnia and Herzegovina,5/14/20,2218,122,37,2,61
Bosnia and Herzegovina,5/15/20,2236,128,18,6,62
Bosnia and Herzegovina,5/16/20,2267,129,31,1,63
Bosnia and Herzegovina,5/17/20,2290,133,23,4,64
Bosnia and Herzegovina,5/18/20,2304,133,14,0,65
Bosnia and Herzegovina,5/19/20,2321,134,17,1,66
Bosnia and Herzegovina,5/20/20,2338,136,17,2,67
Bosnia and Herzegovina,5/21/20,2350,140,12,4,68
Bosnia and Herzegovina,5/22/20,2372,141,22,1,69
Bosnia and Herzegovina,5/23/20,2391,141,19,0,70
Bosnia and Herzegovina,5/24/20,2401,144,10,3,71
Bosnia and Herzegovina,5/25/20,2406,146,5,2,72
Bosnia and Herzegovina,5/26/20,2416,149,10,3,73
Bosnia and Herzegovina,5/27/20,2435,151,19,2,74
Bosnia and Herzegovina,5/28/20,2462,153,27,2,75
Bosnia and Herzegovina,5/29/20,2485,153,23,0,76
Bosnia and Herzegovina,5/30/20,2494,153,9,0,77
Bosnia and Herzegovina,5/31/20,2510,153,16,0,78
Bosnia and Herzegovina,6/1/20,2524,154,14,1,79
Bosnia and Herzegovina,6/2/20,2535,157,11,3,80
Bosnia and Herzegovina,6/3/20,2551,157,16,0,81
Bosnia and Herzegovina,6/4/20,2594,159,43,2,82
Bosnia and Herzegovina,6/5/20,2606,159,12,0,83
Bosnia and Herzegovina,6/6/20,2606,159,0,0,84
Bosnia and Herzegovina,6/7/20,2606,159,0,0,85
Bosnia and Herzegovina,6/8/20,2704,160,98,1,86
Bosnia and Herzegovina,6/9/20,2728,160,24,0,87
Bosnia and Herzegovina,6/10/20,2775,161,47,1,88
Bosnia and Herzegovina,6/11/20,2832,161,57,0,89
Bosnia and Herzegovina,6/12/20,2893,163,61,2,90
Bosnia and Herzegovina,6/13/20,2893,163,0,0,91
Bosnia and Herzegovina,6/14/20,2893,163,0,0,92
Bosnia and Herzegovina,6/15/20,3040,165,147,2,93
Bosnia and Herzegovina,6/16/20,3085,168,45,3,94
Bosnia and Herzegovina,6/17/20,3141,168,56,0,95
Bosnia and Herzegovina,6/18/20,3174,168,33,0,96
Bosnia and Herzegovina,6/19/20,3273,169,99,1,97
Bosnia and Herzegovina,6/20/20,3273,169,0,0,98
Bosnia and Herzegovina,6/21/20,3273,169,0,0,99
Bosnia and Herzegovina,6/22/20,3525,171,252,2,100
Bosnia and Herzegovina,6/23/20,3588,172,63,1,101
Bosnia and Herzegovina,6/24/20,3676,173,88,1,102
Bosnia and Herzegovina,6/25/20,3796,175,120,2,103
Bosnia and Herzegovina,6/26/20,3935,178,139,3,104
Bosnia and Herzegovina,6/27/20,3935,178,0,0,105
Bosnia and Herzegovina,6/28/20,3935,178,0,0,106
Bosnia and Herzegovina,6/29/20,4325,184,390,6,107
Bosnia and Herzegovina,6/30/20,4453,186,128,2,108
Bosnia and Herzegovina,7/1/20,4606,188,153,2,109
Bosnia and Herzegovina,7/2/20,4788,189,182,1,110
Bosnia and Herzegovina,7/3/20,4962,191,174,2,111
Bosnia and Herzegovina,7/4/20,4962,191,0,0,112
Bosnia and Herzegovina,7/5/20,4962,191,0,0,113
Bosnia and Herzegovina,7/6/20,5458,199,496,8,114
Bosnia and Herzegovina,7/7/20,5621,207,163,8,115
Bosnia and Herzegovina,7/8/20,5869,209,248,2,116
Bosnia and Herzegovina,7/9/20,6086,214,217,5,117
Bosnia and Herzegovina,7/10/20,6402,216,316,2,118
Bosnia and Herzegovina,7/11/20,6719,219,317,3,119
Bosnia and Herzegovina,7/12/20,6877,221,158,2,120
Bosnia and Herzegovina,7/13/20,6981,226,104,5,121
Bosnia and Herzegovina,7/14/20,6981,226,0,0,122
Bosnia and Herzegovina,7/15/20,7411,235,430,9,123
Bosnia and Herzegovina,7/16/20,7681,240,270,5,124
Bosnia and Herzegovina,7/17/20,7908,245,227,5,125
Bosnia and Herzegovina,7/18/20,8161,246,253,1,126
Bosnia and Herzegovina,7/19/20,8340,249,179,3,127
Bosnia and Herzegovina,7/20/20,8479,255,139,6,128
Bosnia and Herzegovina,7/21/20,8787,264,308,9,129
Bosnia and Herzegovina,7/22/20,9115,268,328,4,130
Bosnia and Herzegovina,7/23/20,9462,274,347,6,131
Bosnia and Herzegovina,7/24/20,9767,280,305,6,132
Bosnia and Herzegovina,7/25/20,9767,280,0,0,133
Bosnia and Herzegovina,7/26/20,9767,280,0,0,134
Bosnia and Herzegovina,7/27/20,10498,294,731,14,135
Bosnia and Herzegovina,7/28/20,10766,297,268,3,136
Bosnia and Herzegovina,7/29/20,11127,316,361,19,137
Bosnia and Herzegovina,7/30/20,11444,328,317,12,138
Bosnia and Herzegovina,7/31/20,11876,339,432,11,139
Bosnia and Herzegovina,8/1/20,11876,339,0,0,140
Bosnia and Herzegovina,8/2/20,12296,352,420,13,141
Bosnia and Herzegovina,8/3/20,12462,362,166,10,142
Bosnia and Herzegovina,8/4/20,12856,373,394,11,143
Bosnia and Herzegovina,8/5/20,13138,379,282,6,144
Bosnia and Herzegovina,8/6/20,13396,384,258,5,145
Bosnia and Herzegovina,8/7/20,13687,394,291,10,146
Bosnia and Herzegovina,8/8/20,13687,394,0,0,147
Bosnia and Herzegovina,8/9/20,13687,394,0,0,148
Bosnia and Herzegovina,8/10/20,14498,425,811,31,149
Bosnia and Herzegovina,8/11/20,14708,447,210,22,150
Bosnia and Herzegovina,8/12/20,14961,453,253,6,151
Bosnia and Herzegovina,8/13/20,15184,458,223,5,152
Bosnia and Herzegovina,8/14/20,15535,469,351,11,153
Bosnia and Herzegovina,8/15/20,15801,471,266,2,154
Bosnia and Herzegovina,8/16/20,15801,471,0,0,155
Bosnia and Herzegovina,8/17/20,16111,486,310,15,156
Bosnia and Herzegovina,8/18/20,16351,495,240,9,157
Bosnia and Herzegovina,8/19/20,16691,507,340,12,158
Bosnia and Herzegovina,8/20/20,17029,515,338,8,159
Bosnia and Herzegovina,8/21/20,17396,526,367,11,160
Bosnia and Herzegovina,8/22/20,17715,532,319,6,161
Bosnia and Herzegovina,8/23/20,17715,532,0,0,162
Bosnia and Herzegovina,8/24/20,18029,547,314,15,163
Bosnia and Herzegovina,8/25/20,18326,560,297,13,164
Bosnia and Herzegovina,8/26/20,18609,571,283,11,165
Bosnia and Herzegovina,8/27/20,18920,582,311,11,166
Bosnia and Herzegovina,8/28/20,19214,591,294,9,167
Bosnia and Herzegovina,8/29/20,19550,594,336,3,168
Bosnia and Herzegovina,8/30/20,19793,598,243,4,169
Bosnia and Herzegovina,8/31/20,19964,609,171,11,170
Bosnia and Herzegovina,9/1/20,20234,620,270,11,171
Bosnia and Herzegovina,9/2/20,20517,627,283,7,172
Bosnia and Herzegovina,9/3/20,20804,636,287,9,173
Bosnia and Herzegovina,9/4/20,21142,639,338,3,174
Bosnia and Herzegovina,9/5/20,21439,651,297,12,175
Bosnia and Herzegovina,9/6/20,21560,655,121,4,176
Bosnia and Herzegovina,9/7/20,21660,664,100,9,177
Bosnia and Herzegovina,9/8/20,21961,669,301,5,178
Bosnia and Herzegovina,9/9/20,22258,675,297,6,179
Bosnia and Herzegovina,9/10/20,22544,680,286,5,180
Bosnia and Herzegovina,9/11/20,22834,686,290,6,181
Bosnia and Herzegovina,9/12/20,23138,690,304,4,182
Bosnia and Herzegovina,9/13/20,23465,696,327,6,183
Bosnia and Herzegovina,9/14/20,23635,705,170,9,184
Bosnia and Herzegovina,9/15/20,23929,725,294,20,185
Bosnia and Herzegovina,9/16/20,24211,736,282,11,186
Bosnia and Herzegovina,9/17/20,24605,747,394,11,187
Bosnia and Herzegovina,9/18/20,24897,752,292,5,188
Bosnia and Herzegovina,9/19/20,25217,758,320,6,189
Bosnia and Herzegovina,9/20/20,25428,763,211,5,190
Bosnia and Herzegovina,9/21/20,25521,770,93,7,191
Bosnia and Herzegovina,9/22/20,25737,778,216,8,192
Bosnia and Herzegovina,9/23/20,26081,790,344,12,193
Bosnia and Herzegovina,9/24/20,26316,802,235,12,194
Bosnia and Herzegovina,9/25/20,26564,808,248,6,195
Bosnia and Herzegovina,9/26/20,26797,820,233,12,196
Bosnia and Herzegovina,9/27/20,26920,822,123,2,197
Bosnia and Herzegovina,9/28/20,27001,829,81,7,198
Bosnia and Herzegovina,9/29/20,27226,843,225,14,199
Bosnia and Herzegovina,9/30/20,27469,856,243,13,200
Bosnia and Herzegovina,10/1/20,27749,861,280,5,201
Bosnia and Herzegovina,10/2/20,27975,871,226,10,202
Bosnia and Herzegovina,10/3/20,27975,871,0,0,203
Bosnia and Herzegovina,10/4/20,28354,879,379,8,204
Bosnia and Herzegovina,10/5/20,28449,888,95,9,205
Bosnia and Herzegovina,10/6/20,28710,903,261,15,206
Bosnia and Herzegovina,10/7/20,29075,908,365,5,207
Bosnia and Herzegovina,10/8/20,29528,913,453,5,208
Bosnia and Herzegovina,10/9/20,29917,926,389,13,209
Bosnia and Herzegovina,10/10/20,30345,927,428,1,210
Bosnia and Herzegovina,10/11/20,30647,928,302,1,211
Bosnia and Herzegovina,10/12/20,30837,936,190,8,212
Bosnia and Herzegovina,10/13/20,31173,947,336,11,213
Bosnia and Herzegovina,10/14/20,31655,958,482,11,214
Bosnia and Herzegovina,10/15/20,32224,972,569,14,215
Bosnia and Herzegovina,10/16/20,32845,980,621,8,216
Bosnia and Herzegovina,10/17/20,33561,981,716,1,217
Bosnia and Herzegovina,10/18/20,34112,984,551,3,218
Bosnia and Herzegovina,10/19/20,34661,997,549,13,219
Bosnia and Herzegovina,10/20/20,35389,1017,728,20,220
Bosnia and Herzegovina,10/21/20,36315,1031,926,14,221
Bosnia and Herzegovina,10/22/20,37314,1051,999,20,222
Bosnia and Herzegovina,10/23/20,38493,1065,1179,14,223
Bosnia and Herzegovina,10/24/20,39758,1075,1265,10,224
Bosnia and Herzegovina,10/25/20,40893,1086,1135,11,225
Bosnia and Herzegovina,10/26/20,41596,1104,703,18,226
Bosnia and Herzegovina,10/27/20,43151,1125,1555,21,227
Bosnia and Herzegovina,10/28/20,44737,1161,1586,36,228
Bosnia and Herzegovina,10/29/20,46639,1182,1902,21,229
Bosnia and Herzegovina,10/30/20,48137,1212,1498,30,230
Bosnia and Herzegovina,10/31/20,50090,1234,1953,22,231
Bosnia and Herzegovina,11/1/20,51505,1248,1415,14,232
Bosnia and Herzegovina,11/2/20,52269,1280,764,32,233
Bosnia and Herzegovina,11/3/20,53822,1317,1553,37,234
Bosnia and Herzegovina,11/4/20,55598,1358,1776,41,235
Bosnia and Herzegovina,11/5/20,57506,1402,1908,44,236
Bosnia and Herzegovina,11/6/20,59427,1457,1921,55,237
Bosnia and Herzegovina,11/7/20,61212,1490,1785,33,238
Bosnia and Herzegovina,11/8/20,62423,1510,1211,20,239
Bosnia and Herzegovina,11/9/20,63419,1583,996,73,240
Bosnia and Herzegovina,11/10/20,65024,1629,1605,46,241
Bosnia and Herzegovina,11/11/20,66565,1701,1541,72,242
Bosnia and Herzegovina,11/12/20,68293,1750,1728,49,243
Bosnia and Herzegovina,11/13/20,69625,1808,1332,58,244
Bosnia and Herzegovina,11/14/20,70900,1857,1275,49,245
Bosnia and Herzegovina,11/15/20,71956,1889,1056,32,246
Bosnia and Herzegovina,11/16/20,72689,1973,733,84,247
Bosnia and Herzegovina,11/17/20,73944,2042,1255,69,248
Bosnia and Herzegovina,11/18/20,75577,2089,1633,47,249
Bosnia and Herzegovina,11/19/20,76757,2153,1180,64,250
Bosnia and Herzegovina,11/20/20,77994,2209,1237,56,251
Bosnia and Herzegovina,11/21/20,79309,2246,1315,37,252
Bosnia and Herzegovina,11/22/20,80006,2276,697,30,253
Bosnia and Herzegovina,11/23/20,80553,2342,547,66,254
Bosnia and Herzegovina,11/24/20,81739,2394,1186,52,255
Bosnia and Herzegovina,11/25/20,83328,2429,1589,35,256
Bosnia and Herzegovina,11/26/20,84252,2480,924,51,257
Bosnia and Herzegovina,11/27/20,85431,2542,1179,62,258
Bosnia and Herzegovina,11/28/20,86710,2576,1279,34,259
Bosnia and Herzegovina,11/29/20,87374,2620,664,44,260
Bosnia and Herzegovina,11/30/20,87901,2681,527,61,261
Bosnia and Herzegovina,12/1/20,89085,2727,1184,46,262
Bosnia and Herzegovina,12/2/20,90378,2773,1293,46,263
Bosnia and Herzegovina,12/3/20,91539,2812,1161,39,264
Bosnia and Herzegovina,12/4/20,92793,2865,1254,53,265
Bosnia and Herzegovina,12/5/20,93768,2922,975,57,266
Bosnia and Herzegovina,12/6/20,94507,2952,739,30,267
Bosnia and Herzegovina,12/7/20,94944,3012,437,60,268
Bosnia and Herzegovina,12/8/20,96021,3081,1077,69,269
Bosnia and Herzegovina,12/9/20,97317,3151,1296,70,270
Bosnia and Herzegovina,12/10/20,98603,3199,1286,48,271
Bosnia and Herzegovina,12/11/20,99543,3250,940,51,272
Bosnia and Herzegovina,12/12/20,100306,3298,763,48,273
Bosnia and Herzegovina,12/13/20,101117,3336,811,38,274
Bosnia and Herzegovina,12/14/20,101461,3391,344,55,275
Bosnia and Herzegovina,12/15/20,102330,3457,869,66,276
Bosnia and Herzegovina,12/16/20,103232,3511,902,54,277
Bosnia and Herzegovina,12/17/20,104087,3549,855,38,278
Bosnia and Herzegovina,12/18/20,104881,3583,794,34,279
Bosnia and Herzegovina,12/19/20,105524,3625,643,42,280
Bosnia and Herzegovina,12/20/20,105524,3625,0,0,281
Bosnia and Herzegovina,12/21/20,106222,3706,698,81,282
Bosnia and Herzegovina,12/22/20,106986,3792,764,86,283
Bosnia and Herzegovina,12/23/20,107570,3838,584,46,284
Bosnia and Herzegovina,12/24/20,108298,3878,728,40,285
Bosnia and Herzegovina,12/25/20,108891,3901,593,23,286
Bosnia and Herzegovina,12/26/20,109330,3923,439,22,287
Bosnia and Herzegovina,12/27/20,109691,3953,361,30,288
Bosnia and Herzegovina,12/28/20,109911,3942,220,-11,289
Bosnia and Herzegovina,12/29/20,110454,4024,543,82,290
Bosnia and Herzegovina,12/30/20,110985,4050,531,26,291
Bosnia and Herzegovina,12/31/20,110985,4050,0,0,292
Bosnia and Herzegovina,1/1/21,112143,4086,1158,36,293
Bosnia and Herzegovina,1/2/21,112143,4086,0,0,294
Bosnia and Herzegovina,1/3/21,112645,4131,502,45,295
Bosnia and Herzegovina,1/4/21,112645,4131,0,0,296
Bosnia and Herzegovina,1/5/21,113392,4211,747,80,297
Bosnia and Herzegovina,1/6/21,113392,4211,0,0,298
Bosnia and Herzegovina,1/7/21,113392,4211,0,0,299
Bosnia and Herzegovina,1/8/21,114920,4285,1528,74,300
Bosnia and Herzegovina,1/9/21,115379,4305,459,20,301
Bosnia and Herzegovina,1/10/21,115633,4330,254,25,302
Bosnia and Herzegovina,1/11/21,115633,4330,0,0,303
Bosnia and Herzegovina,1/12/21,116200,4373,567,43,304
Bosnia and Herzegovina,1/13/21,116668,4399,468,26,305
Bosnia and Herzegovina,1/14/21,117011,4411,343,12,306
Bosnia and Herzegovina,1/15/21,117011,4411,0,0,307
Bosnia and Herzegovina,1/16/21,117011,4411,0,0,308
Bosnia and Herzegovina,1/17/21,117011,4411,0,0,309
Bosnia and Herzegovina,1/18/21,118083,4486,1072,75,310
Bosnia and Herzegovina,1/19/21,118383,4509,300,23,311
Bosnia and Herzegovina,1/20/21,118717,4521,334,12,312
Bosnia and Herzegovina,1/21/21,119206,4536,489,15,313
Bosnia and Herzegovina,1/22/21,119420,4555,214,19,314
Bosnia and Herzegovina,1/23/21,119420,4555,0,0,315
Bosnia and Herzegovina,1/24/21,119420,4555,0,0,316
Bosnia and Herzegovina,1/25/21,120143,4593,723,38,317
Bosnia and Herzegovina,1/26/21,120532,4621,389,28,318
Bosnia and Herzegovina,1/27/21,120864,4643,332,22,319
Bosnia and Herzegovina,1/28/21,121194,4659,330,16,320
Bosnia and Herzegovina,1/29/21,121497,4679,303,20,321
Bosnia and Herzegovina,1/30/21,121497,4679,0,0,322
Bosnia and Herzegovina,1/31/21,121497,4679,0,0,323
Bosnia and Herzegovina,2/1/21,122199,4724,702,45,324
Bosnia and Herzegovina,2/2/21,122461,4737,262,13,325
Bosnia and Herzegovina,2/3/21,122828,4745,367,8,326
Bosnia and Herzegovina,2/4/21,122828,4745,0,0,327
Bosnia and Herzegovina,2/5/21,123434,4775,606,30,328
Bosnia and Herzegovina,2/6/21,123434,4775,0,0,329
Bosnia and Herzegovina,2/7/21,123434,4775,0,0,330
Bosnia and Herzegovina,2/8/21,124101,4813,667,38,331
Bosnia and Herzegovina,2/9/21,124443,4834,342,21,332
Bosnia and Herzegovina,2/10/21,124696,4853,253,19,333
Bosnia and Herzegovina,2/11/21,125123,4868,427,15,334
Bosnia and Herzegovina,2/12/21,125402,4881,279,13,335
Bosnia and Herzegovina,2/13/21,125402,4881,0,0,336
Bosnia and Herzegovina,2/14/21,125402,4881,0,0,337
Bosnia and Herzegovina,2/15/21,126139,4916,737,35,338
Bosnia and Herzegovina,2/16/21,126413,4935,274,19,339
Bosnia and Herzegovina,2/17/21,126781,4949,368,14,340
Bosnia and Herzegovina,2/18/21,127135,4962,354,13,341
Bosnia and Herzegovina,2/19/21,127537,4979,402,17,342
Bosnia and Herzegovina,2/20/21,127537,4979,0,0,343
Bosnia and Herzegovina,2/21/21,127537,4979,0,0,344
Bosnia and Herzegovina,2/22/21,128661,5016,1124,37,345
Bosnia and Herzegovina,2/23/21,129176,5034,515,18,346
Bosnia and Herzegovina,2/24/21,129753,5051,577,17,347
Bosnia and Herzegovina,2/25/21,130510,5062,757,11,348
Bosnia and Herzegovina,2/26/21,130979,5071,469,9,349
Bosnia and Herzegovina,2/27/21,130979,5071,0,0,350
Bosnia and Herzegovina,2/28/21,130979,5071,0,0,351
Bosnia and Herzegovina,3/1/21,130979,5071,0,0,352
Bosnia and Herzegovina,3/2/21,133088,5145,2109,74,353
Bosnia and Herzegovina,3/3/21,133982,5174,894,29,354
Bosnia and Herzegovina,3/4/21,134892,5200,910,26,355
Bosnia and Herzegovina,3/5/21,135513,5228,621,28,356
Bosnia and Herzegovina,3/6/21,135513,5228,0,0,357
Bosnia and Herzegovina,3/7/21,135513,5228,0,0,358
Bosnia and Herzegovina,3/8/21,137291,5297,1778,69,359
Bosnia and Herzegovina,3/9/21,138542,5345,1251,48,360
Bosnia and Herzegovina,3/10/21,139652,5382,1110,37,361
Bosnia and Herzegovina,3/11/21,140990,5410,1338,28,362
Bosnia and Herzegovina,3/12/21,142160,5446,1170,36,363
Bosnia and Herzegovina,3/13/21,142160,5446,0,0,364
Bosnia and Herzegovina,3/14/21,142160,5446,0,0,365
Bosnia and Herzegovina,3/15/21,144831,5584,2671,138,366
Bosnia and Herzegovina,3/16/21,146437,5637,1606,53,367
Bosnia and Herzegovina,3/17/21,148163,5672,1726,35,368
Bosnia and Herzegovina,3/18/21,149891,5729,1728,57,369
Bosnia and Herzegovina,3/19/21,151337,5773,1446,44,370
Bosnia and Herzegovina,3/20/21,151337,5773,0,0,371
Bosnia and Herzegovina,3/21/21,151337,5773,0,0,372
Bosnia and Herzegovina,3/22/21,154627,5938,3290,165,373
Bosnia and Herzegovina,3/23/21,156346,6005,1719,67,374
Bosnia and Herzegovina,3/24/21,158198,6067,1852,62,375
Bosnia and Herzegovina,3/25/21,160163,6144,1965,77,376
Bosnia and Herzegovina,3/26/21,162032,6220,1869,76,377
Bosnia and Herzegovina,3/27/21,162032,6220,0,0,378
Bosnia and Herzegovina,3/28/21,162032,6220,0,0,379
Bosnia and Herzegovina,3/29/21,165787,6427,3755,207,380
Bosnia and Herzegovina,3/30/21,167654,6519,1867,92,381
Bosnia and Herzegovina,3/31/21,169626,6599,1972,80,382
Bosnia and Herzegovina,4/1/21,171324,6675,1698,76,383
Bosnia and Herzegovina,4/2/21,173478,6763,2154,88,384
Bosnia and Herzegovina,4/3/21,173478,6763,0,0,385
Bosnia and Herzegovina,4/4/21,173478,6763,0,0,386
Bosnia and Herzegovina,4/5/21,176413,6953,2935,190,387
Bosnia and Herzegovina,4/6/21,177506,7052,1093,99,388
Bosnia and Herzegovina,4/7/21,179248,7132,1742,80,389
Bosnia and Herzegovina,4/8/21,180831,7216,1583,84,390
Bosnia and Herzegovina,4/9/21,181927,7298,1096,82,391
Bosnia and Herzegovina,4/10/21,181927,7298,0,0,392
Bosnia and Herzegovina,4/11/21,181927,7298,0,0,393
Bosnia and Herzegovina,4/12/21,184698,7487,2771,189,394
Bosnia and Herzegovina,4/13/21,184698,7487,0,0,395
Bosnia and Herzegovina,4/14/21,186372,7642,1674,155,396
Bosnia and Herzegovina,4/15/21,187715,7702,1343,60,397
Bosnia and Herzegovina,4/16/21,188994,7788,1279,86,398
Bosnia and Herzegovina,4/17/21,188994,7788,0,0,399
Bosnia and Herzegovina,4/18/21,188994,7788,0,0,400
Bosnia and Herzegovina,4/19/21,191154,7938,2160,150,401
Bosnia and Herzegovina,4/20/21,191876,8025,722,87,402
Bosnia and Herzegovina,4/21/21,193115,8082,1239,57,403
Bosnia and Herzegovina,4/22/21,194371,8164,1256,82,404
Bosnia and Herzegovina,4/23/21,194733,8203,362,39,405
Bosnia and Herzegovina,4/24/21,194733,8203,0,0,406
Bosnia and Herzegovina,4/25/21,194733,8203,0,0,407
Bosnia and Herzegovina,4/26/21,195971,8350,1238,147,408
Bosnia and Herzegovina,4/27/21,196732,8418,761,68,409
Bosnia and Herzegovina,4/28/21,197378,8464,646,46,410
Bosnia and Herzegovina,4/29/21,197866,8512,488,48,411
Bosnia and Herzegovina,4/30/21,198461,8551,595,39,412
Bosnia and Herzegovina,5/1/21,198461,8551,0,0,413
Bosnia and Herzegovina,5/2/21,198461,8551,0,0,414
Bosnia and Herzegovina,5/3/21,198461,8551,0,0,415
Bosnia and Herzegovina,5/4/21,199463,8713,1002,162,416
Bosnia and Herzegovina,5/5/21,199882,8736,419,23,417
Bosnia and Herzegovina,5/6/21,200353,8762,471,26,418
Bosnia and Herzegovina,5/7/21,200693,8790,340,28,419
Bosnia and Herzegovina,5/8/21,200693,8790,0,0,420
Bosnia and Herzegovina,5/9/21,200693,8790,0,0,421
Bosnia and Herzegovina,5/10/21,201217,8862,524,72,422
Bosnia and Herzegovina,5/11/21,201512,8912,295,50,423
Bosnia and Herzegovina,5/12/21,201796,8943,284,31,424
Bosnia and Herzegovina,5/13/21,202003,8958,207,15,425
Bosnia and Herzegovina,5/14/21,202143,8981,140,23,426
Bosnia and Herzegovina,5/15/21,202143,8981,0,0,427
Bosnia and Herzegovina,5/16/21,202143,8981,0,0,428
Bosnia and Herzegovina,5/17/21,202490,9051,347,70,429
Bosnia and Herzegovina,5/18/21,202675,9070,185,19,430
Bosnia and Herzegovina,5/19/21,202847,9086,172,16,431
Bosnia and Herzegovina,5/20/21,203018,9096,171,10,432
Bosnia and Herzegovina,5/21/21,203150,9108,132,12,433
Bosnia and Herzegovina,5/22/21,203150,9108,0,0,434
Bosnia and Herzegovina,5/23/21,203150,9108,0,0,435
Bosnia and Herzegovina,5/24/21,203391,9150,241,42,436
Bosnia and Herzegovina,5/25/21,203513,9168,122,18,437
Bosnia and Herzegovina,5/26/21,203658,9184,145,16,438
Bosnia and Herzegovina,5/27/21,203762,9194,104,10,439
Bosnia and Herzegovina,5/28/21,203839,9211,77,17,440
Bosnia and Herzegovina,5/29/21,203839,9211,0,0,441
Bosnia and Herzegovina,5/30/21,203839,9211,0,0,442
Bosnia and Herzegovina,5/31/21,204012,9253,173,42,443
Bosnia and Herzegovina,6/1/21,204093,9270,81,17,444
Bosnia and Herzegovina,6/2/21,204172,9303,79,33,445
Bosnia and Herzegovina,6/3/21,204252,9332,80,29,446
Bosnia and Herzegovina,6/4/21,204304,9374,52,42,447
Bosnia and Herzegovina,6/5/21,204304,9374,0,0,448
Bosnia and Herzegovina,6/6/21,204304,9374,0,0,449
Bosnia and Herzegovina,6/7/21,204410,9411,106,37,450
Bosnia and Herzegovina,6/8/21,204455,9460,45,49,451
Bosnia and Herzegovina,6/9/21,204512,9467,57,7,452
Bosnia and Herzegovina,6/10/21,204567,9473,55,6,453
Bosnia and Herzegovina,6/11/21,204597,9479,30,6,454
Bosnia and Herzegovina,6/12/21,204597,9479,0,0,455
Bosnia and Herzegovina,6/13/21,204597,9479,0,0,456
