country,date,confirmed,deaths,new_confirmed,new_deaths,tagged_day
Bulgaria,3/13/20,23,1,16,0,1
Bulgaria,3/14/20,41,2,18,1,2
Bulgaria,3/15/20,51,2,10,0,3
Bulgaria,3/16/20,52,2,1,0,4
Bulgaria,3/17/20,67,2,15,0,5
Bulgaria,3/18/20,92,2,25,0,6
Bulgaria,3/19/20,94,3,2,1,7
Bulgaria,3/20/20,127,3,33,0,8
Bulgaria,3/21/20,163,3,36,0,9
Bulgaria,3/22/20,187,3,24,0,10
Bulgaria,3/23/20,201,3,14,0,11
Bulgaria,3/24/20,218,3,17,0,12
Bulgaria,3/25/20,242,3,24,0,13
Bulgaria,3/26/20,264,3,22,0,14
Bulgaria,3/27/20,293,3,29,0,15
Bulgaria,3/28/20,331,7,38,4,16
Bulgaria,3/29/20,346,8,15,1,17
Bulgaria,3/30/20,359,8,13,0,18
Bulgaria,3/31/20,399,8,40,0,19
Bulgaria,4/1/20,422,10,23,2,20
Bulgaria,4/2/20,457,10,35,0,21
Bulgaria,4/3/20,485,14,28,4,22
Bulgaria,4/4/20,503,17,18,3,23
Bulgaria,4/5/20,531,20,28,3,24
Bulgaria,4/6/20,549,22,18,2,25
Bulgaria,4/7/20,577,23,28,1,26
Bulgaria,4/8/20,593,24,16,1,27
Bulgaria,4/9/20,618,24,25,0,28
Bulgaria,4/10/20,635,25,17,1,29
Bulgaria,4/11/20,661,28,26,3,30
Bulgaria,4/12/20,675,29,14,1,31
Bulgaria,4/13/20,685,32,10,3,32
Bulgaria,4/14/20,713,35,28,3,33
Bulgaria,4/15/20,747,36,34,1,34
Bulgaria,4/16/20,800,38,53,2,35
Bulgaria,4/17/20,846,41,46,3,36
Bulgaria,4/18/20,878,41,32,0,37
Bulgaria,4/19/20,894,42,16,1,38
Bulgaria,4/20/20,929,43,35,1,39
Bulgaria,4/21/20,975,45,46,2,40
Bulgaria,4/22/20,1024,49,49,4,41
Bulgaria,4/23/20,1097,52,73,3,42
Bulgaria,4/24/20,1234,54,137,2,43
Bulgaria,4/25/20,1247,55,13,1,44
Bulgaria,4/26/20,1300,56,53,1,45
Bulgaria,4/27/20,1363,58,63,2,46
Bulgaria,4/28/20,1399,58,36,0,47
Bulgaria,4/29/20,1447,64,48,6,48
Bulgaria,4/30/20,1506,66,59,2,49
Bulgaria,5/1/20,1555,68,49,2,50
Bulgaria,5/2/20,1594,72,39,4,51
Bulgaria,5/3/20,1618,73,24,1,52
Bulgaria,5/4/20,1652,78,34,5,53
Bulgaria,5/5/20,1704,80,52,2,54
Bulgaria,5/6/20,1778,84,74,4,55
Bulgaria,5/7/20,1829,84,51,0,56
Bulgaria,5/8/20,1872,86,43,2,57
Bulgaria,5/9/20,1921,90,49,4,58
Bulgaria,5/10/20,1965,91,44,1,59
Bulgaria,5/11/20,1990,93,25,2,60
Bulgaria,5/12/20,2023,95,33,2,61
Bulgaria,5/13/20,2069,96,46,1,62
Bulgaria,5/14/20,2100,99,31,3,63
Bulgaria,5/15/20,2138,102,38,3,64
Bulgaria,5/16/20,2175,105,37,3,65
Bulgaria,5/17/20,2211,108,36,3,66
Bulgaria,5/18/20,2235,110,24,2,67
Bulgaria,5/19/20,2259,112,24,2,68
Bulgaria,5/20/20,2292,116,33,4,69
Bulgaria,5/21/20,2331,120,39,4,70
Bulgaria,5/22/20,2372,125,41,5,71
Bulgaria,5/23/20,2408,126,36,1,72
Bulgaria,5/24/20,2427,130,19,4,73
Bulgaria,5/25/20,2433,130,6,0,74
Bulgaria,5/26/20,2443,130,10,0,75
Bulgaria,5/27/20,2460,133,17,3,76
Bulgaria,5/28/20,2477,134,17,1,77
Bulgaria,5/29/20,2485,136,8,2,78
Bulgaria,5/30/20,2499,139,14,3,79
Bulgaria,5/31/20,2513,140,14,1,80
Bulgaria,6/1/20,2519,140,6,0,81
Bulgaria,6/2/20,2538,144,19,4,82
Bulgaria,6/3/20,2560,146,22,2,83
Bulgaria,6/4/20,2585,147,25,1,84
Bulgaria,6/5/20,2627,159,42,12,85
Bulgaria,6/6/20,2711,160,84,1,86
Bulgaria,6/7/20,2727,160,16,0,87
Bulgaria,6/8/20,2810,164,83,4,88
Bulgaria,6/9/20,2889,167,79,3,89
Bulgaria,6/10/20,2993,167,104,0,90
Bulgaria,6/11/20,3086,168,93,1,91
Bulgaria,6/12/20,3191,172,105,4,92
Bulgaria,6/13/20,3266,172,75,0,93
Bulgaria,6/14/20,3290,174,24,2,94
Bulgaria,6/15/20,3341,176,51,2,95
Bulgaria,6/16/20,3453,181,112,5,96
Bulgaria,6/17/20,3542,184,89,3,97
Bulgaria,6/18/20,3674,190,132,6,98
Bulgaria,6/19/20,3755,193,81,3,99
Bulgaria,6/20/20,3872,199,117,6,100
Bulgaria,6/21/20,3905,199,33,0,101
Bulgaria,6/22/20,3984,207,79,8,102
Bulgaria,6/23/20,4114,208,130,1,103
Bulgaria,6/24/20,4242,209,128,1,104
Bulgaria,6/25/20,4408,211,166,2,105
Bulgaria,6/26/20,4513,215,105,4,106
Bulgaria,6/27/20,4625,216,112,1,107
Bulgaria,6/28/20,4691,219,66,3,108
Bulgaria,6/29/20,4831,223,140,4,109
Bulgaria,6/30/20,4989,230,158,7,110
Bulgaria,7/1/20,5154,232,165,2,111
Bulgaria,7/2/20,5315,232,161,0,112
Bulgaria,7/3/20,5497,239,182,7,113
Bulgaria,7/4/20,5677,241,180,2,114
Bulgaria,7/5/20,5740,246,63,5,115
Bulgaria,7/6/20,5914,250,174,4,116
Bulgaria,7/7/20,6102,254,188,4,117
Bulgaria,7/8/20,6342,259,240,5,118
Bulgaria,7/9/20,6672,262,330,3,119
Bulgaria,7/10/20,6964,267,292,5,120
Bulgaria,7/11/20,7175,267,211,0,121
Bulgaria,7/12/20,7252,268,77,1,122
Bulgaria,7/13/20,7411,276,159,8,123
Bulgaria,7/14/20,7645,283,234,7,124
Bulgaria,7/15/20,7877,289,232,6,125
Bulgaria,7/16/20,8144,293,267,4,126
Bulgaria,7/17/20,8442,297,298,4,127
Bulgaria,7/18/20,8638,299,196,2,128
Bulgaria,7/19/20,8733,300,95,1,129
Bulgaria,7/20/20,8929,308,196,8,130
Bulgaria,7/21/20,9254,313,325,5,131
Bulgaria,7/22/20,9584,321,330,8,132
Bulgaria,7/23/20,9853,329,269,8,133
Bulgaria,7/24/20,10123,337,270,8,134
Bulgaria,7/25/20,10312,338,189,1,135
Bulgaria,7/26/20,10427,340,115,2,136
Bulgaria,7/27/20,10621,347,194,7,137
Bulgaria,7/28/20,10871,355,250,8,138
Bulgaria,7/29/20,11155,368,284,13,139
Bulgaria,7/30/20,11420,374,265,6,140
Bulgaria,7/31/20,11690,383,270,9,141
Bulgaria,8/1/20,11836,385,146,2,142
Bulgaria,8/2/20,11955,388,119,3,143
Bulgaria,8/3/20,12159,404,204,16,144
Bulgaria,8/4/20,12414,415,255,11,145
Bulgaria,8/5/20,12717,424,303,9,146
Bulgaria,8/6/20,13014,435,297,11,147
Bulgaria,8/7/20,13209,442,195,7,148
Bulgaria,8/8/20,13343,445,134,3,149
Bulgaria,8/9/20,13396,447,53,2,150
Bulgaria,8/10/20,13512,459,116,12,151
Bulgaria,8/11/20,13722,471,210,12,152
Bulgaria,8/12/20,13893,482,171,11,153
Bulgaria,8/13/20,13893,482,0,0,154
Bulgaria,8/14/20,14243,492,350,10,155
Bulgaria,8/15/20,14333,495,90,3,156
Bulgaria,8/16/20,14365,498,32,3,157
Bulgaria,8/17/20,14500,512,135,14,158
Bulgaria,8/18/20,14669,519,169,7,159
Bulgaria,8/19/20,14820,527,151,8,160
Bulgaria,8/20/20,14962,532,142,5,161
Bulgaria,8/21/20,15131,539,169,7,162
Bulgaria,8/22/20,15131,539,0,0,163
Bulgaria,8/23/20,15287,545,156,6,164
Bulgaria,8/24/20,15386,563,99,18,165
Bulgaria,8/25/20,15589,572,203,9,166
Bulgaria,8/26/20,15751,586,162,14,167
Bulgaria,8/27/20,15908,594,157,8,168
Bulgaria,8/28/20,16065,603,157,9,169
Bulgaria,8/29/20,16164,605,99,2,170
Bulgaria,8/30/20,16190,613,26,8,171
Bulgaria,8/31/20,16266,629,76,16,172
Bulgaria,9/1/20,16454,642,188,13,173
Bulgaria,9/2/20,16617,648,163,6,174
Bulgaria,9/3/20,16775,658,158,10,175
Bulgaria,9/4/20,16954,665,179,7,176
Bulgaria,9/5/20,17050,671,96,6,177
Bulgaria,9/6/20,17089,676,39,5,178
Bulgaria,9/7/20,17146,677,57,1,179
Bulgaria,9/8/20,17313,692,167,15,180
Bulgaria,9/9/20,17435,702,122,10,181
Bulgaria,9/10/20,17598,706,163,4,182
Bulgaria,9/11/20,17799,713,201,7,183
Bulgaria,9/12/20,17891,717,92,4,184
Bulgaria,9/13/20,17918,720,27,3,185
Bulgaria,9/14/20,18061,729,143,9,186
Bulgaria,9/15/20,18216,736,155,7,187
Bulgaria,9/16/20,18390,739,174,3,188
Bulgaria,9/17/20,18544,749,154,10,189
Bulgaria,9/18/20,18733,753,189,4,190
Bulgaria,9/19/20,18819,755,86,2,191
Bulgaria,9/20/20,18863,761,44,6,192
Bulgaria,9/21/20,19014,765,151,4,193
Bulgaria,9/22/20,19123,767,109,2,194
Bulgaria,9/23/20,19283,779,160,12,195
Bulgaria,9/24/20,19573,785,290,6,196
Bulgaria,9/25/20,19828,789,255,4,197
Bulgaria,9/26/20,19997,789,169,0,198
Bulgaria,9/27/20,20055,796,58,7,199
Bulgaria,9/28/20,20271,807,216,11,200
Bulgaria,9/29/20,20547,813,276,6,201
Bulgaria,9/30/20,20833,825,286,12,202
Bulgaria,10/1/20,20833,825,0,0,203
Bulgaria,10/2/20,21336,838,503,13,204
Bulgaria,10/3/20,21518,841,182,3,205
Bulgaria,10/4/20,21587,844,69,3,206
Bulgaria,10/5/20,21870,854,283,10,207
Bulgaria,10/6/20,22306,862,436,8,208
Bulgaria,10/7/20,22743,873,437,11,209
Bulgaria,10/8/20,23259,880,516,7,210
Bulgaria,10/9/20,23871,887,612,7,211
Bulgaria,10/10/20,24319,891,448,4,212
Bulgaria,10/11/20,24402,892,83,1,213
Bulgaria,10/12/20,24989,915,587,23,214
Bulgaria,10/13/20,25774,923,785,8,215
Bulgaria,10/14/20,26593,929,819,6,216
Bulgaria,10/15/20,27507,944,914,15,217
Bulgaria,10/16/20,28505,958,998,14,218
Bulgaria,10/17/20,29108,968,603,10,219
Bulgaria,10/18/20,29503,986,395,18,220
Bulgaria,10/19/20,30527,1008,1024,22,221
Bulgaria,10/20/20,31863,1019,1336,11,222
Bulgaria,10/21/20,33335,1048,1472,29,223
Bulgaria,10/22/20,34930,1064,1595,16,224
Bulgaria,10/23/20,36519,1077,1589,13,225
Bulgaria,10/24/20,37562,1084,1043,7,226
Bulgaria,10/25/20,37889,1094,327,10,227
Bulgaria,10/26/20,40132,1136,2243,42,228
Bulgaria,10/27/20,42701,1161,2569,25,229
Bulgaria,10/28/20,45461,1197,2760,36,230
Bulgaria,10/29/20,48150,1225,2689,28,231
Bulgaria,10/30/20,51041,1254,2891,29,232
Bulgaria,10/31/20,52844,1279,1803,25,233
Bulgaria,11/1/20,54069,1298,1225,19,234
Bulgaria,11/2/20,56496,1349,2427,51,235
Bulgaria,11/3/20,60537,1412,4041,63,236
Bulgaria,11/4/20,64591,1466,4054,54,237
Bulgaria,11/5/20,68345,1518,3754,52,238
Bulgaria,11/6/20,72184,1576,3839,58,239
Bulgaria,11/7/20,74485,1632,2301,56,240
Bulgaria,11/8/20,75160,1665,675,33,241
Bulgaria,11/9/20,78976,1771,3816,106,242
Bulgaria,11/10/20,83366,1851,4390,80,243
Bulgaria,11/11/20,87311,1898,3945,47,244
Bulgaria,11/12/20,90725,1970,3414,72,245
Bulgaria,11/13/20,94937,2055,4212,85,246
Bulgaria,11/14/20,97435,2091,2498,36,247
Bulgaria,11/15/20,98251,2130,816,39,248
Bulgaria,11/16/20,101770,2282,3519,152,249
Bulgaria,11/17/20,106598,2413,4828,131,250
Bulgaria,11/18/20,110536,2530,3938,117,251
Bulgaria,11/19/20,114435,2649,3899,119,252
Bulgaria,11/20/20,118418,2778,3983,129,253
Bulgaria,11/21/20,120697,2820,2279,42,254
Bulgaria,11/22/20,121820,2880,1123,60,255
Bulgaria,11/23/20,124966,3069,3146,189,256
Bulgaria,11/24/20,129348,3226,4382,157,257
Bulgaria,11/25/20,133060,3367,3712,141,258
Bulgaria,11/26/20,136628,3529,3568,162,259
Bulgaria,11/27/20,139955,3680,3327,151,260
Bulgaria,11/28/20,141747,3749,1792,69,261
Bulgaria,11/29/20,142486,3814,739,65,262
Bulgaria,11/30/20,145300,4035,2814,221,263
Bulgaria,12/1/20,148775,4188,3475,153,264
Bulgaria,12/2/20,151913,4347,3138,159,265
Bulgaria,12/3/20,155193,4503,3280,156,266
Bulgaria,12/4/20,158807,4650,3614,147,267
Bulgaria,12/5/20,160844,4729,2037,79,268
Bulgaria,12/6/20,161421,4797,577,68,269
Bulgaria,12/7/20,164185,5010,2764,213,270
Bulgaria,12/8/20,168165,5156,3980,146,271
Bulgaria,12/9/20,171493,5283,3328,127,272
Bulgaria,12/10/20,174568,5405,3075,122,273
Bulgaria,12/11/20,177665,5562,3097,157,274
Bulgaria,12/12/20,178952,5626,1287,64,275
Bulgaria,12/13/20,179449,5688,497,62,276
Bulgaria,12/14/20,181544,5838,2095,150,277
Bulgaria,12/15/20,184287,6005,2743,167,278
Bulgaria,12/16/20,186246,6196,1959,191,279
Bulgaria,12/17/20,188288,6339,2042,143,280
Bulgaria,12/18/20,190027,6496,1739,157,281
Bulgaria,12/19/20,191029,6551,1002,55,282
Bulgaria,12/20/20,191195,6609,166,58,283
Bulgaria,12/21/20,192472,6765,1277,156,284
Bulgaria,12/22/20,194271,6879,1799,114,285
Bulgaria,12/23/20,195886,6978,1615,99,286
Bulgaria,12/24/20,196658,7023,772,45,287
Bulgaria,12/25/20,196915,7073,257,50,288
Bulgaria,12/26/20,197384,7123,469,50,289
Bulgaria,12/27/20,197716,7164,332,41,290
Bulgaria,12/28/20,198053,7251,337,87,291
Bulgaria,12/29/20,199491,7405,1438,154,292
Bulgaria,12/30/20,201220,7515,1729,110,293
Bulgaria,12/31/20,202266,7576,1046,61,294
Bulgaria,1/1/21,202540,7604,274,28,295
Bulgaria,1/2/21,202880,7644,340,40,296
Bulgaria,1/3/21,203051,7678,171,34,297
Bulgaria,1/4/21,204080,7835,1029,157,298
Bulgaria,1/5/21,205390,7902,1310,67,299
Bulgaria,1/6/21,206392,7961,1002,59,300
Bulgaria,1/7/21,207259,8017,867,56,301
Bulgaria,1/8/21,208012,8078,753,61,302
Bulgaria,1/9/21,208406,8097,394,19,303
Bulgaria,1/10/21,208511,8126,105,29,304
Bulgaria,1/11/21,209131,8232,620,106,305
Bulgaria,1/12/21,209881,8279,750,47,306
Bulgaria,1/13/21,210416,8349,535,70,307
Bulgaria,1/14/21,210951,8396,535,47,308
Bulgaria,1/15/21,211503,8457,552,61,309
Bulgaria,1/16/21,211736,8474,233,17,310
Bulgaria,1/17/21,211813,8483,77,9,311
Bulgaria,1/18/21,212383,8565,570,82,312
Bulgaria,1/19/21,212927,8614,544,49,313
Bulgaria,1/20/21,213409,8651,482,37,314
Bulgaria,1/21/21,213864,8741,455,90,315
Bulgaria,1/22/21,214430,8799,566,58,316
Bulgaria,1/23/21,214696,8811,266,12,317
Bulgaria,1/24/21,214817,8820,121,9,318
Bulgaria,1/25/21,215589,8880,772,60,319
Bulgaria,1/26/21,216416,8916,827,36,320
Bulgaria,1/27/21,217014,8944,598,28,321
Bulgaria,1/28/21,217574,8973,560,29,322
Bulgaria,1/29/21,218269,9008,695,35,323
Bulgaria,1/30/21,218618,9028,349,20,324
Bulgaria,1/31/21,218748,9045,130,17,325
Bulgaria,2/1/21,219580,9142,832,97,326
Bulgaria,2/2/21,220547,9178,967,36,327
Bulgaria,2/3/21,221266,9218,719,40,328
Bulgaria,2/4/21,222149,9272,883,54,329
Bulgaria,2/5/21,223059,9302,910,30,330
Bulgaria,2/6/21,223552,9311,493,9,331
Bulgaria,2/7/21,223734,9331,182,20,332
Bulgaria,2/8/21,224849,9420,1115,89,333
Bulgaria,2/9/21,226061,9482,1212,62,334
Bulgaria,2/10/21,226974,9527,913,45,335
Bulgaria,2/11/21,228044,9561,1070,34,336
Bulgaria,2/12/21,229010,9594,966,33,337
Bulgaria,2/13/21,229516,9608,506,14,338
Bulgaria,2/14/21,229679,9624,163,16,339
Bulgaria,2/15/21,230747,9671,1068,47,340
Bulgaria,2/16/21,232096,9703,1349,32,341
Bulgaria,2/17/21,233342,9744,1246,41,342
Bulgaria,2/18/21,234428,9786,1086,42,343
Bulgaria,2/19/21,235891,9821,1463,35,344
Bulgaria,2/20/21,236439,9839,548,18,345
Bulgaria,2/21/21,236666,9854,227,15,346
Bulgaria,2/22/21,238591,9933,1925,79,347
Bulgaria,2/23/21,240391,9978,1800,45,348
Bulgaria,2/24/21,242124,10026,1733,48,349
Bulgaria,2/25/21,243946,10079,1822,53,350
Bulgaria,2/26/21,245627,10128,1681,49,351
Bulgaria,2/27/21,246706,10167,1079,39,352
Bulgaria,2/28/21,247038,10191,332,24,353
Bulgaria,3/1/21,249626,10308,2588,117,354
Bulgaria,3/2/21,252029,10391,2403,83,355
Bulgaria,3/3/21,253183,10413,1154,22,356
Bulgaria,3/4/21,255381,10506,2198,93,357
Bulgaria,3/5/21,258385,10571,3004,65,358
Bulgaria,3/6/21,259811,10593,1426,22,359
Bulgaria,3/7/21,260308,10614,497,21,360
Bulgaria,3/8/21,263303,10764,2995,150,361
Bulgaria,3/9/21,266805,10902,3502,138,362
Bulgaria,3/10/21,269579,10999,2774,97,363
Bulgaria,3/11/21,272700,11094,3121,95,364
Bulgaria,3/12/21,275859,11196,3159,102,365
Bulgaria,3/13/21,277878,11234,2019,38,366
Bulgaria,3/14/21,278557,11285,679,51,367
Bulgaria,3/15/21,283194,11472,4637,187,368
Bulgaria,3/16/21,287568,11579,4374,107,369
Bulgaria,3/17/21,291769,11715,4201,136,370
Bulgaria,3/18/21,295777,11817,4008,102,371
Bulgaria,3/19/21,299939,11932,4162,115,372
Bulgaria,3/20/21,302480,11966,2541,34,373
Bulgaria,3/21/21,303423,12019,943,53,374
Bulgaria,3/22/21,307890,12188,4467,169,375
Bulgaria,3/23/21,312741,12307,4851,119,376
Bulgaria,3/24/21,317116,12413,4375,106,377
Bulgaria,3/25/21,321104,12512,3988,99,378
Bulgaria,3/26/21,325233,12601,4129,89,379
Bulgaria,3/27/21,327770,12650,2537,49,380
Bulgaria,3/28/21,328753,12710,983,60,381
Bulgaria,3/29/21,333250,12913,4497,203,382
Bulgaria,3/30/21,338426,13068,5176,155,383
Bulgaria,3/31/21,342633,13197,4207,129,384
Bulgaria,4/1/21,346327,13313,3694,116,385
Bulgaria,4/2/21,350340,13438,4013,125,386
Bulgaria,4/3/21,352259,13507,1919,69,387
Bulgaria,4/4/21,352999,13589,740,82,388
Bulgaria,4/5/21,356859,13786,3860,197,389
Bulgaria,4/6/21,356859,13786,0,0,390
Bulgaria,4/7/21,364419,14034,7560,248,391
Bulgaria,4/8/21,367376,14170,2957,136,392
Bulgaria,4/9/21,370179,14308,2803,138,393
Bulgaria,4/10/21,371531,14351,1352,43,394
Bulgaria,4/11/21,371993,14418,462,67,395
Bulgaria,4/12/21,375115,14619,3122,201,396
Bulgaria,4/13/21,378059,14746,2944,127,397
Bulgaria,4/14/21,380576,14871,2517,125,398
Bulgaria,4/15/21,382761,14979,2185,108,399
Bulgaria,4/16/21,384887,15100,2126,121,400
Bulgaria,4/17/21,385963,15138,1076,38,401
Bulgaria,4/18/21,386381,15195,418,57,402
Bulgaria,4/19/21,388815,15412,2434,217,403
Bulgaria,4/20/21,390911,15518,2096,106,404
Bulgaria,4/21/21,392913,15618,2002,100,405
Bulgaria,4/22/21,392913,15618,0,0,406
Bulgaria,4/23/21,396302,15826,3389,208,407
Bulgaria,4/24/21,397100,15859,798,33,408
Bulgaria,4/25/21,397500,15907,400,48,409
Bulgaria,4/26/21,399259,16101,1759,194,410
Bulgaria,4/27/21,401109,16182,1850,81,411
Bulgaria,4/28/21,402491,16278,1382,96,412
Bulgaria,4/29/21,403728,16368,1237,90,413
Bulgaria,4/30/21,404380,16399,652,31,414
Bulgaria,5/1/21,404846,16444,466,45,415
Bulgaria,5/2/21,405194,16492,348,48,416
Bulgaria,5/3/21,405825,16548,631,56,417
Bulgaria,5/4/21,406192,16609,367,61,418
Bulgaria,5/5/21,407827,16773,1635,164,419
Bulgaria,5/6/21,408372,16800,545,27,420
Bulgaria,5/7/21,409495,16886,1123,86,421
Bulgaria,5/8/21,409961,16902,466,16,422
Bulgaria,5/9/21,410202,16929,241,27,423
Bulgaria,5/10/21,411280,17045,1078,116,424
Bulgaria,5/11/21,412157,17104,877,59,425
Bulgaria,5/12/21,412814,17150,657,46,426
Bulgaria,5/13/21,413320,17194,506,44,427
Bulgaria,5/14/21,413838,17243,518,49,428
Bulgaria,5/15/21,414041,17250,203,7,429
Bulgaria,5/16/21,414192,17259,151,9,430
Bulgaria,5/17/21,414869,17343,677,84,431
Bulgaria,5/18/21,415326,17379,457,36,432
Bulgaria,5/19/21,415687,17416,361,37,433
Bulgaria,5/20/21,416055,17447,368,31,434
Bulgaria,5/21/21,416417,17474,362,27,435
Bulgaria,5/22/21,416565,17487,148,13,436
Bulgaria,5/23/21,416646,17496,81,9,437
Bulgaria,5/24/21,416727,17513,81,17,438
Bulgaria,5/25/21,417133,17581,406,68,439
Bulgaria,5/26/21,417526,17617,393,36,440
Bulgaria,5/27/21,417819,17637,293,20,441
Bulgaria,5/28/21,418106,17652,287,15,442
Bulgaria,5/29/21,418221,17657,115,5,443
Bulgaria,5/30/21,418274,17662,53,5,444
Bulgaria,5/31/21,418577,17700,303,38,445
Bulgaria,6/1/21,418813,17726,236,26,446
Bulgaria,6/2/21,419010,17747,197,21,447
Bulgaria,6/3/21,419180,17792,170,45,448
Bulgaria,6/4/21,419337,17810,157,18,449
Bulgaria,6/5/21,419426,17813,89,3,450
Bulgaria,6/6/21,419473,17820,47,7,451
Bulgaria,6/7/21,419681,17854,208,34,452
Bulgaria,6/8/21,419859,17860,178,6,453
Bulgaria,6/9/21,419990,17872,131,12,454
Bulgaria,6/10/21,420090,17887,100,15,455
Bulgaria,6/11/21,420213,17893,123,6,456
Bulgaria,6/12/21,420294,17898,81,5,457
Bulgaria,6/13/21,420336,17900,42,2,458
