country,date,confirmed,deaths,new_confirmed,new_deaths,tagged_day
Colombia,3/14/20,22,0,9,0,1
Colombia,3/15/20,34,0,12,0,2
Colombia,3/16/20,57,0,23,0,3
Colombia,3/17/20,75,0,18,0,4
Colombia,3/18/20,102,0,27,0,5
Colombia,3/19/20,108,0,6,0,6
Colombia,3/20/20,158,0,50,0,7
Colombia,3/21/20,196,0,38,0,8
Colombia,3/22/20,231,2,35,2,9
Colombia,3/23/20,277,3,46,1,10
Colombia,3/24/20,378,3,101,0,11
Colombia,3/25/20,470,4,92,1,12
Colombia,3/26/20,491,6,21,2,13
Colombia,3/27/20,539,6,48,0,14
Colombia,3/28/20,608,6,69,0,15
Colombia,3/29/20,702,10,94,4,16
Colombia,3/30/20,798,12,96,2,17
Colombia,3/31/20,906,16,108,4,18
Colombia,4/1/20,1065,17,159,1,19
Colombia,4/2/20,1161,19,96,2,20
Colombia,4/3/20,1267,25,106,6,21
Colombia,4/4/20,1406,32,139,7,22
Colombia,4/5/20,1485,35,79,3,23
Colombia,4/6/20,1579,46,94,11,24
Colombia,4/7/20,1780,50,201,4,25
Colombia,4/8/20,2054,54,274,4,26
Colombia,4/9/20,2223,69,169,15,27
Colombia,4/10/20,2473,80,250,11,28
Colombia,4/11/20,2709,100,236,20,29
Colombia,4/12/20,2776,109,67,9,30
Colombia,4/13/20,2852,112,76,3,31
Colombia,4/14/20,2979,127,127,15,32
Colombia,4/15/20,3105,131,126,4,33
Colombia,4/16/20,3233,144,128,13,34
Colombia,4/17/20,3439,153,206,9,35
Colombia,4/18/20,3621,166,182,13,36
Colombia,4/19/20,3792,179,171,13,37
Colombia,4/20/20,3977,189,185,10,38
Colombia,4/21/20,4149,196,172,7,39
Colombia,4/22/20,4356,206,207,10,40
Colombia,4/23/20,4561,215,205,9,41
Colombia,4/24/20,4881,225,320,10,42
Colombia,4/25/20,5142,233,261,8,43
Colombia,4/26/20,5379,244,237,11,44
Colombia,4/27/20,5597,253,218,9,45
Colombia,4/28/20,5949,269,352,16,46
Colombia,4/29/20,6207,278,258,9,47
Colombia,4/30/20,6507,293,300,15,48
Colombia,5/1/20,7006,314,499,21,49
Colombia,5/2/20,7285,324,279,10,50
Colombia,5/3/20,7668,340,383,16,51
Colombia,5/4/20,7973,358,305,18,52
Colombia,5/5/20,8613,378,640,20,53
Colombia,5/6/20,8959,397,346,19,54
Colombia,5/7/20,9456,407,497,10,55
Colombia,5/8/20,10051,428,595,21,56
Colombia,5/9/20,10495,445,444,17,57
Colombia,5/10/20,11063,463,568,18,58
Colombia,5/11/20,11613,479,550,16,59
Colombia,5/12/20,12272,493,659,14,60
Colombia,5/13/20,12930,509,658,16,61
Colombia,5/14/20,13610,525,680,16,62
Colombia,5/15/20,14216,546,606,21,63
Colombia,5/16/20,14939,562,723,16,64
Colombia,5/17/20,15574,574,635,12,65
Colombia,5/18/20,16295,592,721,18,66
Colombia,5/19/20,16935,613,640,21,67
Colombia,5/20/20,17687,630,752,17,68
Colombia,5/21/20,18330,652,643,22,69
Colombia,5/22/20,19131,682,801,30,70
Colombia,5/23/20,20177,705,1046,23,71
Colombia,5/24/20,21175,727,998,22,72
Colombia,5/25/20,21981,750,806,23,73
Colombia,5/26/20,23003,776,1022,26,74
Colombia,5/27/20,24104,803,1101,27,75
Colombia,5/28/20,25366,822,1262,19,76
Colombia,5/29/20,26688,853,1322,31,77
Colombia,5/30/20,28236,890,1548,37,78
Colombia,5/31/20,29383,939,1147,49,79
Colombia,6/1/20,30493,969,1110,30,80
Colombia,6/2/20,31833,1009,1340,40,81
Colombia,6/3/20,33354,1045,1521,36,82
Colombia,6/4/20,35120,1087,1766,42,83
Colombia,6/5/20,36635,1145,1515,58,84
Colombia,6/6/20,38027,1205,1392,60,85
Colombia,6/7/20,39236,1259,1209,54,86
Colombia,6/8/20,40719,1308,1483,49,87
Colombia,6/9/20,42078,1372,1359,64,88
Colombia,6/10/20,43682,1433,1604,61,89
Colombia,6/11/20,45212,1488,1530,55,90
Colombia,6/12/20,46858,1545,1646,57,91
Colombia,6/13/20,48746,1592,1888,47,92
Colombia,6/14/20,50939,1667,2193,75,93
Colombia,6/15/20,53063,1726,2124,59,94
Colombia,6/16/20,54931,1801,1868,75,95
Colombia,6/17/20,57046,1864,2115,63,96
Colombia,6/18/20,60217,1950,3171,86,97
Colombia,6/19/20,63276,2045,3059,95,98
Colombia,6/20/20,65633,2126,2357,81,99
Colombia,6/21/20,68652,2237,3019,111,100
Colombia,6/22/20,71183,2310,2531,73,101
Colombia,6/23/20,73572,2404,2389,94,102
Colombia,6/24/20,77113,2491,3541,87,103
Colombia,6/25/20,80599,2654,3486,163,104
Colombia,6/26/20,84442,2811,3843,157,105
Colombia,6/27/20,88591,2939,4149,128,106
Colombia,6/28/20,91769,3178,3178,239,107
Colombia,6/29/20,95043,3274,3274,96,108
Colombia,6/30/20,97846,3334,2803,60,109
Colombia,7/1/20,102009,3470,4163,136,110
Colombia,7/2/20,106110,3641,4101,171,111
Colombia,7/3/20,109505,3777,3395,136,112
Colombia,7/4/20,113389,3942,3884,165,113
Colombia,7/5/20,117110,4064,3721,122,114
Colombia,7/6/20,120281,4210,3171,146,115
Colombia,7/7/20,124494,4359,4213,149,116
Colombia,7/8/20,128638,4527,4144,168,117
Colombia,7/9/20,133973,4714,5335,187,118
Colombia,7/10/20,140776,4925,6803,211,119
Colombia,7/11/20,145632,5119,4856,194,120
Colombia,7/12/20,150445,5307,4813,188,121
Colombia,7/13/20,154277,5455,3832,148,122
Colombia,7/14/20,159898,5625,5621,170,123
Colombia,7/15/20,165169,5814,5271,189,124
Colombia,7/16/20,173206,6029,8037,215,125
Colombia,7/17/20,182140,6288,8934,259,126
Colombia,7/18/20,190700,6516,8560,228,127
Colombia,7/19/20,197278,6736,6578,220,128
Colombia,7/20/20,204005,6929,6727,193,129
Colombia,7/21/20,211038,7166,7033,237,130
Colombia,7/22/20,218428,7373,7390,207,131
Colombia,7/23/20,226373,7688,7945,315,132
Colombia,7/24/20,233541,7975,7168,287,133
Colombia,7/25/20,240795,8269,7254,294,134
Colombia,7/26/20,248976,8525,8181,256,135
Colombia,7/27/20,257101,8777,8125,252,136
Colombia,7/28/20,267385,9074,10284,297,137
Colombia,7/29/20,276055,9454,8670,380,138
Colombia,7/30/20,286020,9810,9965,356,139
Colombia,7/31/20,295508,10105,9488,295,140
Colombia,8/1/20,306181,10330,10673,225,141
Colombia,8/2/20,317651,10650,11470,320,142
Colombia,8/3/20,327850,11017,10199,367,143
Colombia,8/4/20,334979,11315,7129,298,144
Colombia,8/5/20,345714,11624,10735,309,145
Colombia,8/6/20,357710,11939,11996,315,146
Colombia,8/7/20,367204,12250,9494,311,147
Colombia,8/8/20,376870,12540,9666,290,148
Colombia,8/9/20,387481,12842,10611,302,149
Colombia,8/10/20,397623,13154,10142,312,150
Colombia,8/11/20,410453,13475,12830,321,151
Colombia,8/12/20,422519,13837,12066,362,152
Colombia,8/13/20,433805,14145,11286,308,153
Colombia,8/14/20,445111,14492,11306,347,154
Colombia,8/15/20,456689,14810,11578,318,155
Colombia,8/16/20,468332,15097,11643,287,156
Colombia,8/17/20,476660,15372,8328,275,157
Colombia,8/18/20,489122,15619,12462,247,158
Colombia,8/19/20,502178,15979,13056,360,159
Colombia,8/20/20,513719,16183,11541,204,160
Colombia,8/21/20,522138,16568,8419,385,161
Colombia,8/22/20,533103,16968,10965,400,162
Colombia,8/23/20,541139,17316,8036,348,163
Colombia,8/24/20,551688,17612,10549,296,164
Colombia,8/25/20,562113,17889,10425,277,165
Colombia,8/26/20,572243,18184,10130,295,166
Colombia,8/27/20,581995,18467,9752,283,167
Colombia,8/28/20,590492,18766,8497,299,168
Colombia,8/29/20,599884,19063,9392,297,169
Colombia,8/30/20,607904,19363,8020,300,170
Colombia,8/31/20,615094,19662,7190,299,171
Colombia,9/1/20,624026,20050,8932,388,172
Colombia,9/2/20,633321,20345,9295,295,173
Colombia,9/3/20,641574,20618,8253,273,174
Colombia,9/4/20,650063,20888,8489,270,175
Colombia,9/5/20,658456,21156,8393,268,176
Colombia,9/6/20,666521,21412,8065,256,177
Colombia,9/7/20,671848,21615,5327,203,178
Colombia,9/8/20,679513,21817,7665,202,179
Colombia,9/9/20,686851,22053,7338,236,180
Colombia,9/10/20,694664,22275,7813,222,181
Colombia,9/11/20,702088,22518,7424,243,182
Colombia,9/12/20,708964,22734,6876,216,183
Colombia,9/13/20,716319,22924,7355,190,184
Colombia,9/14/20,721892,23123,5573,199,185
Colombia,9/15/20,728590,23288,6698,165,186
Colombia,9/16/20,736377,23478,7787,190,187
Colombia,9/17/20,743945,23665,7568,187,188
Colombia,9/18/20,750471,23665,6526,0,189
Colombia,9/19/20,758398,24039,7927,374,190
Colombia,9/20/20,765076,24208,6678,169,191
Colombia,9/21/20,770435,24397,5359,189,192
Colombia,9/22/20,777537,24397,7102,0,193
Colombia,9/23/20,784268,24746,6731,349,194
Colombia,9/24/20,790823,24746,6555,0,195
Colombia,9/25/20,798317,25103,7494,357,196
Colombia,9/26/20,806038,25296,7721,193,197
Colombia,9/27/20,813056,25488,7018,192,198
Colombia,9/28/20,818203,25641,5147,153,199
Colombia,9/29/20,824042,25828,5839,187,200
Colombia,9/30/20,829679,25998,5637,170,201
Colombia,10/1/20,835339,26196,5660,198,202
Colombia,10/2/20,841532,26397,6193,201,203
Colombia,10/3/20,848147,26556,6615,159,204
Colombia,10/4/20,855052,26712,6905,156,205
Colombia,10/5/20,862158,26844,7106,132,206
Colombia,10/6/20,869808,27017,7650,173,207
Colombia,10/7/20,877684,27180,7876,163,208
Colombia,10/8/20,886179,27180,8495,0,209
Colombia,10/9/20,894300,27495,8121,315,210
Colombia,10/10/20,902747,27660,8447,165,211
Colombia,10/11/20,911316,27834,8569,174,212
Colombia,10/12/20,919084,27985,7768,151,213
Colombia,10/13/20,924098,28141,5014,156,214
Colombia,10/14/20,930159,28306,6061,165,215
Colombia,10/15/20,936982,28457,6823,151,216
Colombia,10/16/20,945354,28616,8372,159,217
Colombia,10/17/20,952371,28803,7017,187,218
Colombia,10/18/20,959572,28970,7201,167,219
Colombia,10/19/20,965883,29102,6311,132,220
Colombia,10/20/20,974139,29272,8256,170,221
Colombia,10/21/20,981700,29464,7561,192,222
Colombia,10/22/20,990373,29637,8673,173,223
Colombia,10/23/20,998942,29802,8569,165,224
Colombia,10/24/20,1007711,30000,8769,198,225
Colombia,10/25/20,1015885,30154,8174,154,226
Colombia,10/26/20,1025052,30348,9167,194,227
Colombia,10/27/20,1033218,30565,8166,217,228
Colombia,10/28/20,1041935,30753,8717,188,229
Colombia,10/29/20,1053122,30926,11187,173,230
Colombia,10/30/20,1063151,31135,10029,209,231
Colombia,10/31/20,1074184,31314,11033,179,232
Colombia,11/1/20,1083321,31515,9137,201,233
Colombia,11/2/20,1093256,31653,9935,138,234
Colombia,11/3/20,1099392,31847,6136,194,235
Colombia,11/4/20,1108086,32013,8694,166,236
Colombia,11/5/20,1117977,32209,9891,196,237
Colombia,11/6/20,1127733,32405,9756,196,238
Colombia,11/7/20,1136447,32595,8714,190,239
Colombia,11/8/20,1143887,32791,7440,196,240
Colombia,11/9/20,1149064,32974,5177,183,241
Colombia,11/10/20,1155356,33128,6292,154,242
Colombia,11/11/20,1165326,33312,9970,184,243
Colombia,11/12/20,1174012,33491,8686,179,244
Colombia,11/13/20,1182697,33669,8685,178,245
Colombia,11/14/20,1191634,33829,8937,160,246
Colombia,11/15/20,1198746,34031,7112,202,247
Colombia,11/16/20,1205217,34223,6471,192,248
Colombia,11/17/20,1211128,34381,5911,158,249
Colombia,11/18/20,1218003,34563,6875,182,250
Colombia,11/19/20,1225490,34761,7487,198,251
Colombia,11/20/20,1233444,34929,7954,168,252
Colombia,11/21/20,1240493,35104,7049,175,253
Colombia,11/22/20,1248417,35287,7924,183,254
Colombia,11/23/20,1254979,35479,6562,192,255
Colombia,11/24/20,1262494,35677,7515,198,256
Colombia,11/25/20,1270991,35860,8497,183,257
Colombia,11/26/20,1280487,36019,9496,159,258
Colombia,11/27/20,1290510,36214,10023,195,259
Colombia,11/28/20,1299613,36401,9103,187,260
Colombia,11/29/20,1308376,36584,8763,183,261
Colombia,11/30/20,1316806,36766,8430,182,262
Colombia,12/1/20,1324792,36934,7986,168,263
Colombia,12/2/20,1334089,37117,9297,183,264
Colombia,12/3/20,1343322,37305,9233,188,265
Colombia,12/4/20,1352607,37467,9285,162,266
Colombia,12/5/20,1362249,37633,9642,166,267
Colombia,12/6/20,1371103,37808,8854,175,268
Colombia,12/7/20,1377100,37995,5997,187,269
Colombia,12/8/20,1384610,38158,7510,163,270
Colombia,12/9/20,1392133,38308,7523,150,271
Colombia,12/10/20,1399911,38484,7778,176,272
Colombia,12/11/20,1408909,38669,8998,185,273
Colombia,12/12/20,1417072,38866,8163,197,274
Colombia,12/13/20,1425774,39053,8702,187,275
Colombia,12/14/20,1434516,39195,8742,142,276
Colombia,12/15/20,1444646,39356,10130,161,277
Colombia,12/16/20,1456599,39560,11953,204,278
Colombia,12/17/20,1468795,39787,12196,227,279
Colombia,12/18/20,1482072,40019,13277,232,280
Colombia,12/19/20,1496062,40268,13990,249,281
Colombia,12/20/20,1507222,40475,11160,207,282
Colombia,12/21/20,1518067,40680,10845,205,283
Colombia,12/22/20,1530593,40931,12526,251,284
Colombia,12/23/20,1544826,41174,14233,243,285
Colombia,12/24/20,1559766,41454,14940,280,286
Colombia,12/25/20,1574707,41690,14941,236,287
Colombia,12/26/20,1584903,41943,10196,253,288
Colombia,12/27/20,1594497,42171,9594,228,289
Colombia,12/28/20,1603807,42374,9310,203,290
Colombia,12/29/20,1614822,42620,11015,246,291
Colombia,12/30/20,1626461,42909,11639,289,292
Colombia,12/31/20,1642775,43213,16314,304,293
Colombia,1/1/21,1654880,43495,12105,282,294
Colombia,1/2/21,1666408,43765,11528,270,295
Colombia,1/3/21,1675820,43965,9412,200,296
Colombia,1/4/21,1686131,44187,10311,222,297
Colombia,1/5/21,1702966,44428,16835,241,298
Colombia,1/6/21,1719771,44723,16805,295,299
Colombia,1/7/21,1737347,45067,17576,344,300
Colombia,1/8/21,1755568,45431,18221,364,301
Colombia,1/9/21,1771363,45784,15795,353,302
Colombia,1/10/21,1786900,46114,15537,330,303
Colombia,1/11/21,1801903,46451,15003,337,304
Colombia,1/12/21,1816082,46782,14179,331,305
Colombia,1/13/21,1831980,47124,15898,342,306
Colombia,1/14/21,1849101,47491,17121,367,307
Colombia,1/15/21,1870179,47868,21078,377,308
Colombia,1/16/21,1891034,48256,20855,388,309
Colombia,1/17/21,1908413,48631,17379,375,310
Colombia,1/18/21,1923132,49004,14719,373,311
Colombia,1/19/21,1939071,49402,15939,398,312
Colombia,1/20/21,1956979,49792,17908,390,313
Colombia,1/21/21,1972345,50187,15366,395,314
Colombia,1/22/21,1987418,50586,15073,399,315
Colombia,1/23/21,2002969,50982,15551,396,316
Colombia,1/24/21,2015485,51374,12516,392,317
Colombia,1/25/21,2027746,51747,12261,373,318
Colombia,1/26/21,2041352,52128,13606,381,319
Colombia,1/27/21,2055305,52523,13953,395,320
Colombia,1/28/21,2067575,52913,12270,390,321
Colombia,1/29/21,2077633,53284,10058,371,322
Colombia,1/30/21,2086806,53650,9173,366,323
Colombia,1/31/21,2094884,53983,8078,333,324
Colombia,2/1/21,2104506,54272,9622,289,325
Colombia,2/2/21,2114597,54576,10091,304,326
Colombia,2/3/21,2125622,54877,11025,301,327
Colombia,2/4/21,2135412,55131,9790,254,328
Colombia,2/5/21,2142660,55403,7248,272,329
Colombia,2/6/21,2151207,55693,8547,290,330
Colombia,2/7/21,2157216,55993,6009,300,331
Colombia,2/8/21,2161462,56290,4246,297,332
Colombia,2/9/21,2166904,56507,5442,217,333
Colombia,2/10/21,2173347,56733,6443,226,334
Colombia,2/11/21,2179641,56983,6294,250,335
Colombia,2/12/21,2185169,57196,5528,213,336
Colombia,2/13/21,2190116,57425,4947,229,337
Colombia,2/14/21,2195039,57605,4923,180,338
Colombia,2/15/21,2198549,57786,3510,181,339
Colombia,2/16/21,2202598,57949,4049,163,340
Colombia,2/17/21,2207701,58134,5103,185,341
Colombia,2/18/21,2212525,58334,4824,200,342
Colombia,2/19/21,2217001,58511,4476,177,343
Colombia,2/20/21,2222018,58685,5017,174,344
Colombia,2/21/21,2226262,58834,4244,149,345
Colombia,2/22/21,2229663,58974,3401,140,346
Colombia,2/23/21,2233589,59118,3926,144,347
Colombia,2/24/21,2237542,59260,3953,142,348
Colombia,2/25/21,2241225,59396,3683,136,349
Colombia,2/26/21,2244792,59518,3567,122,350
Colombia,2/27/21,2248135,59660,3343,142,351
Colombia,2/28/21,2251690,59766,3555,106,352
Colombia,3/1/21,2255260,59866,3570,100,353
Colombia,3/2/21,2259599,59972,4339,106,354
Colombia,3/3/21,2262646,60082,3047,110,355
Colombia,3/4/21,2266211,60189,3565,107,356
Colombia,3/5/21,2269582,60300,3371,111,357
Colombia,3/6/21,2273245,60412,3663,112,358
Colombia,3/7/21,2276656,60503,3411,91,359
Colombia,3/8/21,2278861,60598,2205,95,360
Colombia,3/9/21,2282372,60676,3511,78,361
Colombia,3/10/21,2285960,60773,3588,97,362
Colombia,3/11/21,2290539,60858,4579,85,363
Colombia,3/12/21,2294617,60950,4078,92,364
Colombia,3/13/21,2299082,61046,4465,96,365
Colombia,3/14/21,2303144,61143,4062,97,366
Colombia,3/15/21,2305884,61243,2740,100,367
Colombia,3/16/21,2309600,61368,3716,125,368
Colombia,3/17/21,2314154,61498,4554,130,369
Colombia,3/18/21,2319293,61636,5139,138,370
Colombia,3/19/21,2324426,61771,5133,135,371
Colombia,3/20/21,2331187,61907,6761,136,372
Colombia,3/21/21,2337230,62028,6043,121,373
Colombia,3/22/21,2342278,62148,5048,120,374
Colombia,3/23/21,2347224,62274,4946,126,375
Colombia,3/24/21,2353210,62394,5986,120,376
Colombia,3/25/21,2359942,62519,6732,125,377
Colombia,3/26/21,2367337,62645,7395,126,378
Colombia,3/27/21,2375591,62790,8254,145,379
Colombia,3/28/21,2382730,62955,7139,165,380
Colombia,3/29/21,2389779,63079,7049,124,381
Colombia,3/30/21,2397731,63255,7952,176,382
Colombia,3/31/21,2406377,63422,8646,167,383
Colombia,4/1/21,2417826,63614,11449,192,384
Colombia,4/2/21,2428048,63777,10222,163,385
Colombia,4/3/21,2437197,63932,9149,155,386
Colombia,4/4/21,2446219,64094,9022,162,387
Colombia,4/5/21,2456409,64293,10190,199,388
Colombia,4/6/21,2468236,64524,11827,231,389
Colombia,4/7/21,2479617,64767,11381,243,390
Colombia,4/8/21,2492081,65014,12464,247,391
Colombia,4/9/21,2504206,65283,12125,269,392
Colombia,4/10/21,2518715,65608,14509,325,393
Colombia,4/11/21,2536198,65889,17483,281,394
Colombia,4/12/21,2552937,66156,16739,267,395
Colombia,4/13/21,2569314,66482,16377,326,396
Colombia,4/14/21,2585801,66819,16487,337,397
Colombia,4/15/21,2602719,67199,16918,380,398
Colombia,4/16/21,2619422,67564,16703,365,399
Colombia,4/17/21,2636076,67931,16654,367,400
Colombia,4/18/21,2652947,68328,16871,397,401
Colombia,4/19/21,2667136,68748,14189,420,402
Colombia,4/20/21,2684101,69177,16965,429,403
Colombia,4/21/21,2701313,69596,17212,419,404
Colombia,4/22/21,2720619,70026,19306,430,405
Colombia,4/23/21,2740544,70446,19925,420,406
Colombia,4/24/21,2757274,70886,16730,440,407
Colombia,4/25/21,2774464,71351,17190,465,408
Colombia,4/26/21,2787303,71799,12839,448,409
Colombia,4/27/21,2804881,72235,17578,436,410
Colombia,4/28/21,2824626,72725,19745,490,411
Colombia,4/29/21,2841934,73230,17308,505,412
Colombia,4/30/21,2859724,73720,17790,490,413
Colombia,5/1/21,2877746,73992,18022,272,414
Colombia,5/2/21,2893655,74477,15909,485,415
Colombia,5/3/21,2905254,75164,11599,687,416
Colombia,5/4/21,2919805,75627,14551,463,417
Colombia,5/5/21,2934611,76015,14806,388,418
Colombia,5/6/21,2951101,76414,16490,399,419
Colombia,5/7/21,2968626,76867,17525,453,420
Colombia,5/8/21,2985536,77359,16910,492,421
Colombia,5/9/21,3002758,77854,17222,495,422
Colombia,5/10/21,3015301,78342,12543,488,423
Colombia,5/11/21,3031726,78771,16425,429,424
Colombia,5/12/21,3048719,79261,16993,490,425
Colombia,5/13/21,3067879,79760,19160,499,426
Colombia,5/14/21,3084460,80250,16581,490,427
Colombia,5/15/21,3103333,80780,18873,530,428
Colombia,5/16/21,3118426,81300,15093,520,429
Colombia,5/17/21,3131410,81809,12984,509,430
Colombia,5/18/21,3144547,82291,13137,482,431
Colombia,5/19/21,3161126,82743,16579,452,432
Colombia,5/20/21,3177212,83233,16086,490,433
Colombia,5/21/21,3192050,83719,14838,486,434
Colombia,5/22/21,3210787,84228,18737,509,435
Colombia,5/23/21,3232456,84724,21669,496,436
Colombia,5/24/21,3249433,85207,16977,483,437
Colombia,5/25/21,3270614,85666,21181,459,438
Colombia,5/26/21,3294101,86180,23487,514,439
Colombia,5/27/21,3319193,86693,25092,513,440
Colombia,5/28/21,3342567,87207,23374,514,441
Colombia,5/29/21,3363061,87747,20494,540,442
Colombia,5/30/21,3383279,88282,20218,535,443
Colombia,5/31/21,3406456,88774,23177,492,444
Colombia,6/1/21,3432422,89297,25966,523,445
Colombia,6/2/21,3459422,89808,27000,511,446
Colombia,6/3/21,3488046,90353,28624,545,447
Colombia,6/4/21,3518046,90890,30000,537,448
Colombia,6/5/21,3547017,91422,28971,532,449
Colombia,6/6/21,3571067,91961,24050,539,450
Colombia,6/7/21,3593016,92496,21949,535,451
Colombia,6/8/21,3611602,92923,18586,427,452
Colombia,6/9/21,3633481,93394,21879,471,453
Colombia,6/10/21,3665137,94046,31656,652,454
Colombia,6/11/21,3694707,94615,29570,569,455
Colombia,6/12/21,3724705,95192,29998,577,456
Colombia,6/13/21,3753224,95778,28519,586,457
