country,date,confirmed,deaths,new_confirmed,new_deaths,tagged_day
Croatia,3/13/20,32,0,13,0,1
Croatia,3/14/20,38,0,6,0,2
Croatia,3/15/20,49,0,11,0,3
Croatia,3/16/20,57,0,8,0,4
Croatia,3/17/20,65,0,8,0,5
Croatia,3/18/20,81,0,16,0,6
Croatia,3/19/20,105,1,24,1,7
Croatia,3/20/20,128,1,23,0,8
Croatia,3/21/20,206,1,78,0,9
Croatia,3/22/20,254,1,48,0,10
Croatia,3/23/20,315,1,61,0,11
Croatia,3/24/20,382,1,67,0,12
Croatia,3/25/20,442,1,60,0,13
Croatia,3/26/20,495,3,53,2,14
Croatia,3/27/20,586,3,91,0,15
Croatia,3/28/20,657,5,71,2,16
Croatia,3/29/20,713,6,56,1,17
Croatia,3/30/20,790,6,77,0,18
Croatia,3/31/20,867,6,77,0,19
Croatia,4/1/20,963,6,96,0,20
Croatia,4/2/20,1011,7,48,1,21
Croatia,4/3/20,1079,8,68,1,22
Croatia,4/4/20,1126,12,47,4,23
Croatia,4/5/20,1182,15,56,3,24
Croatia,4/6/20,1222,16,40,1,25
Croatia,4/7/20,1282,18,60,2,26
Croatia,4/8/20,1343,19,61,1,27
Croatia,4/9/20,1407,20,64,1,28
Croatia,4/10/20,1495,21,88,1,29
Croatia,4/11/20,1534,21,39,0,30
Croatia,4/12/20,1600,23,66,2,31
Croatia,4/13/20,1650,25,50,2,32
Croatia,4/14/20,1704,31,54,6,33
Croatia,4/15/20,1741,33,37,2,34
Croatia,4/16/20,1791,35,50,2,35
Croatia,4/17/20,1814,36,23,1,36
Croatia,4/18/20,1832,39,18,3,37
Croatia,4/19/20,1871,47,39,8,38
Croatia,4/20/20,1881,47,10,0,39
Croatia,4/21/20,1908,48,27,1,40
Croatia,4/22/20,1950,48,42,0,41
Croatia,4/23/20,1981,50,31,2,42
Croatia,4/24/20,2009,51,28,1,43
Croatia,4/25/20,2016,54,7,3,44
Croatia,4/26/20,2030,55,14,1,45
Croatia,4/27/20,2039,59,9,4,46
Croatia,4/28/20,2047,63,8,4,47
Croatia,4/29/20,2062,67,15,4,48
Croatia,4/30/20,2076,69,14,2,49
Croatia,5/1/20,2085,75,9,6,50
Croatia,5/2/20,2088,77,3,2,51
Croatia,5/3/20,2096,79,8,2,52
Croatia,5/4/20,2101,80,5,1,53
Croatia,5/5/20,2112,83,11,3,54
Croatia,5/6/20,2119,85,7,2,55
Croatia,5/7/20,2125,86,6,1,56
Croatia,5/8/20,2161,86,36,0,57
Croatia,5/9/20,2176,87,15,1,58
Croatia,5/10/20,2187,90,11,3,59
Croatia,5/11/20,2196,91,9,1,60
Croatia,5/12/20,2207,91,11,0,61
Croatia,5/13/20,2213,94,6,3,62
Croatia,5/14/20,2221,94,8,0,63
Croatia,5/15/20,2222,95,1,1,64
Croatia,5/16/20,2224,95,2,0,65
Croatia,5/17/20,2226,95,2,0,66
Croatia,5/18/20,2228,95,2,0,67
Croatia,5/19/20,2232,96,4,1,68
Croatia,5/20/20,2234,96,2,0,69
Croatia,5/21/20,2237,97,3,1,70
Croatia,5/22/20,2243,99,6,2,71
Croatia,5/23/20,2243,99,0,0,72
Croatia,5/24/20,2244,99,1,0,73
Croatia,5/25/20,2244,100,0,1,74
Croatia,5/26/20,2244,101,0,1,75
Croatia,5/27/20,2244,101,0,0,76
Croatia,5/28/20,2245,102,1,1,77
Croatia,5/29/20,2245,103,0,1,78
Croatia,5/30/20,2246,103,1,0,79
Croatia,5/31/20,2246,103,0,0,80
Croatia,6/1/20,2246,103,0,0,81
Croatia,6/2/20,2246,103,0,0,82
Croatia,6/3/20,2246,103,0,0,83
Croatia,6/4/20,2247,103,1,0,84
Croatia,6/5/20,2247,103,0,0,85
Croatia,6/6/20,2247,104,0,1,86
Croatia,6/7/20,2247,104,0,0,87
Croatia,6/8/20,2247,104,0,0,88
Croatia,6/9/20,2247,106,0,2,89
Croatia,6/10/20,2249,106,2,0,90
Croatia,6/11/20,2249,106,0,0,91
Croatia,6/12/20,2249,107,0,1,92
Croatia,6/13/20,2251,107,2,0,93
Croatia,6/14/20,2252,107,1,0,94
Croatia,6/15/20,2254,107,2,0,95
Croatia,6/16/20,2255,107,1,0,96
Croatia,6/17/20,2258,107,3,0,97
Croatia,6/18/20,2269,107,11,0,98
Croatia,6/19/20,2280,107,11,0,99
Croatia,6/20/20,2299,107,19,0,100
Croatia,6/21/20,2317,107,18,0,101
Croatia,6/22/20,2336,107,19,0,102
Croatia,6/23/20,2366,107,30,0,103
Croatia,6/24/20,2388,107,22,0,104
Croatia,6/25/20,2483,107,95,0,105
Croatia,6/26/20,2539,107,56,0,106
Croatia,6/27/20,2624,107,85,0,107
Croatia,6/28/20,2691,107,67,0,108
Croatia,6/29/20,2725,107,34,0,109
Croatia,6/30/20,2777,107,52,0,110
Croatia,7/1/20,2831,108,54,1,111
Croatia,7/2/20,2912,110,81,2,112
Croatia,7/3/20,3008,112,96,2,113
Croatia,7/4/20,3094,113,86,1,114
Croatia,7/5/20,3151,113,57,0,115
Croatia,7/6/20,3220,113,69,0,116
Croatia,7/7/20,3272,113,52,0,117
Croatia,7/8/20,3325,114,53,1,118
Croatia,7/9/20,3416,115,91,1,119
Croatia,7/10/20,3532,117,116,2,120
Croatia,7/11/20,3672,118,140,1,121
Croatia,7/12/20,3722,119,50,1,122
Croatia,7/13/20,3775,119,53,0,123
Croatia,7/14/20,3827,120,52,1,124
Croatia,7/15/20,3953,120,126,0,125
Croatia,7/16/20,4039,120,86,0,126
Croatia,7/17/20,4137,120,98,0,127
Croatia,7/18/20,4253,120,116,0,128
Croatia,7/19/20,4345,120,92,0,129
Croatia,7/20/20,4370,122,25,2,130
Croatia,7/21/20,4422,123,52,1,131
Croatia,7/22/20,4530,125,108,2,132
Croatia,7/23/20,4634,128,104,3,133
Croatia,7/24/20,4715,128,81,0,134
Croatia,7/25/20,4792,133,77,5,135
Croatia,7/26/20,4857,136,65,3,136
Croatia,7/27/20,4881,139,24,3,137
Croatia,7/28/20,4923,140,42,1,138
Croatia,7/29/20,4993,141,70,1,139
Croatia,7/30/20,5071,144,78,3,140
Croatia,7/31/20,5139,145,68,1,141
Croatia,8/1/20,5224,145,85,0,142
Croatia,8/2/20,5260,149,36,4,143
Croatia,8/3/20,5294,153,34,4,144
Croatia,8/4/20,5318,154,24,1,145
Croatia,8/5/20,5376,154,58,0,146
Croatia,8/6/20,5404,155,28,1,147
Croatia,8/7/20,5466,155,62,0,148
Croatia,8/8/20,5543,157,77,2,149
Croatia,8/9/20,5604,157,61,0,150
Croatia,8/10/20,5649,158,45,1,151
Croatia,8/11/20,5740,160,91,2,152
Croatia,8/12/20,5870,160,130,0,153
Croatia,8/13/20,6050,161,180,1,154
Croatia,8/14/20,6258,163,208,2,155
Croatia,8/15/20,6420,165,162,2,156
Croatia,8/16/20,6571,166,151,1,157
Croatia,8/17/20,6656,166,85,0,158
Croatia,8/18/20,6855,166,199,0,159
Croatia,8/19/20,7074,168,219,2,160
Croatia,8/20/20,7329,168,255,0,161
Croatia,8/21/20,7594,169,265,1,162
Croatia,8/22/20,7900,170,306,1,163
Croatia,8/23/20,8175,171,275,1,164
Croatia,8/24/20,8311,173,136,2,165
Croatia,8/25/20,8530,175,219,2,166
Croatia,8/26/20,8888,175,358,0,167
Croatia,8/27/20,9192,177,304,2,168
Croatia,8/28/20,9549,180,357,3,169
Croatia,8/29/20,9861,183,312,3,170
Croatia,8/30/20,10123,184,262,1,171
Croatia,8/31/20,10269,186,146,2,172
Croatia,9/1/20,10414,187,145,1,173
Croatia,9/2/20,10725,191,311,4,174
Croatia,9/3/20,11094,194,369,3,175
Croatia,9/4/20,11428,195,334,1,176
Croatia,9/5/20,11739,197,311,2,177
Croatia,9/6/20,11964,198,225,1,178
Croatia,9/7/20,12081,201,117,3,179
Croatia,9/8/20,12285,203,204,2,180
Croatia,9/9/20,12626,206,341,3,181
Croatia,9/10/20,12917,208,291,2,182
Croatia,9/11/20,13107,211,190,3,183
Croatia,9/12/20,13368,218,261,7,184
Croatia,9/13/20,13533,224,165,6,185
Croatia,9/14/20,13598,227,65,3,186
Croatia,9/15/20,13749,230,151,3,187
Croatia,9/16/20,14029,236,280,6,188
Croatia,9/17/20,14279,238,250,2,189
Croatia,9/18/20,14513,244,234,6,190
Croatia,9/19/20,14725,244,212,0,191
Croatia,9/20/20,14922,248,197,4,192
Croatia,9/21/20,14992,253,70,5,193
Croatia,9/22/20,15136,255,144,2,194
Croatia,9/23/20,15340,257,204,2,195
Croatia,9/24/20,15572,261,232,4,196
Croatia,9/25/20,15795,266,223,5,197
Croatia,9/26/20,16007,269,212,3,198
Croatia,9/27/20,16197,272,190,3,199
Croatia,9/28/20,16245,272,48,0,200
Croatia,9/29/20,16380,275,135,3,201
Croatia,9/30/20,16593,280,213,5,202
Croatia,10/1/20,16827,284,234,4,203
Croatia,10/2/20,17160,291,333,7,204
Croatia,10/3/20,17401,293,241,2,205
Croatia,10/4/20,17659,298,258,5,206
Croatia,10/5/20,17797,300,138,2,207
Croatia,10/6/20,18084,304,287,4,208
Croatia,10/7/20,18447,309,363,5,209
Croatia,10/8/20,18989,310,542,1,210
Croatia,10/9/20,19446,313,457,3,211
Croatia,10/10/20,19932,317,486,4,212
Croatia,10/11/20,20440,324,508,7,213
Croatia,10/12/20,20621,327,181,3,214
Croatia,10/13/20,20993,330,372,3,215
Croatia,10/14/20,21741,334,748,4,216
Croatia,10/15/20,22534,344,793,10,217
Croatia,10/16/20,23665,345,1131,1,218
Croatia,10/17/20,24761,355,1096,10,219
Croatia,10/18/20,25580,363,819,8,220
Croatia,10/19/20,25973,374,393,11,221
Croatia,10/20/20,26863,382,890,8,222
Croatia,10/21/20,28287,393,1424,11,223
Croatia,10/22/20,29850,406,1563,13,224
Croatia,10/23/20,31717,413,1867,7,225
Croatia,10/24/20,33959,429,2242,16,226
Croatia,10/25/20,36380,437,2421,8,227
Croatia,10/26/20,37208,452,828,15,228
Croatia,10/27/20,38621,470,1413,18,229
Croatia,10/28/20,40999,493,2378,23,230
Croatia,10/29/20,43775,511,2776,18,231
Croatia,10/30/20,46547,531,2772,20,232
Croatia,10/31/20,49316,546,2769,15,233
Croatia,11/1/20,51495,562,2179,16,234
Croatia,11/2/20,52660,594,1165,32,235
Croatia,11/3/20,54087,628,1427,34,236
Croatia,11/4/20,56567,654,2480,26,237
Croatia,11/5/20,59415,683,2848,29,238
Croatia,11/6/20,62305,717,2890,34,239
Croatia,11/7/20,64704,752,2399,35,240
Croatia,11/8/20,67247,794,2543,42,241
Croatia,11/9/20,68776,832,1529,38,242
Croatia,11/10/20,70243,865,1467,33,243
Croatia,11/11/20,72840,893,2597,28,244
Croatia,11/12/20,75922,925,3082,32,245
Croatia,11/13/20,78978,968,3056,43,246
Croatia,11/14/20,81844,1006,2866,38,247
Croatia,11/15/20,84206,1049,2362,43,248
Croatia,11/16/20,85519,1082,1313,33,249
Croatia,11/17/20,87464,1113,1945,31,250
Croatia,11/18/20,90715,1151,3251,38,251
Croatia,11/19/20,93879,1200,3164,49,252
Croatia,11/20/20,96837,1257,2958,57,253
Croatia,11/21/20,100410,1304,3573,47,254
Croatia,11/22/20,103718,1353,3308,49,255
Croatia,11/23/20,105691,1398,1973,45,256
Croatia,11/24/20,108014,1445,2323,47,257
Croatia,11/25/20,111617,1501,3603,56,258
Croatia,11/26/20,115626,1552,4009,51,259
Croatia,11/27/20,119706,1600,4080,48,260
Croatia,11/28/20,123693,1655,3987,55,261
Croatia,11/29/20,126612,1712,2919,57,262
Croatia,11/30/20,128442,1786,1830,74,263
Croatia,12/1/20,131342,1861,2900,75,264
Croatia,12/2/20,134881,1916,3539,55,265
Croatia,12/3/20,139415,1964,4534,48,266
Croatia,12/4/20,143370,2032,3955,68,267
Croatia,12/5/20,147454,2102,4084,70,268
Croatia,12/6/20,150353,2174,2899,72,269
Croatia,12/7/20,152239,2233,1886,59,270
Croatia,12/8/20,154852,2298,2613,65,271
Croatia,12/9/20,159372,2367,4520,69,272
Croatia,12/10/20,163992,2420,4620,53,273
Croatia,12/11/20,168388,2484,4396,64,274
Croatia,12/12/20,172523,2562,4135,78,275
Croatia,12/13/20,175886,2640,3363,78,276
Croatia,12/14/20,177358,2705,1472,65,277
Croatia,12/15/20,179718,2778,2360,73,278
Croatia,12/16/20,183045,2870,3327,92,279
Croatia,12/17/20,186963,2955,3918,85,280
Croatia,12/18/20,190235,3023,3272,68,281
Croatia,12/19/20,192987,3101,2752,78,282
Croatia,12/20/20,194962,3177,1975,76,283
Croatia,12/21/20,195728,3257,766,80,284
Croatia,12/22/20,197323,3328,1595,71,285
Croatia,12/23/20,200086,3394,2763,66,286
Croatia,12/24/20,202319,3464,2233,70,287
Croatia,12/25/20,203962,3548,1643,84,288
Croatia,12/26/20,204312,3613,350,65,289
Croatia,12/27/20,204930,3671,618,58,290
Croatia,12/28/20,205246,3739,316,68,291
Croatia,12/29/20,206596,3795,1350,56,292
Croatia,12/30/20,208446,3860,1850,65,293
Croatia,12/31/20,210837,3920,2391,60,294
Croatia,1/1/21,212007,3961,1170,41,295
Croatia,1/2/21,212262,4016,255,55,296
Croatia,1/3/21,212958,4072,696,56,297
Croatia,1/4/21,213319,4126,361,54,298
Croatia,1/5/21,214390,4179,1071,53,299
Croatia,1/6/21,216286,4223,1896,44,300
Croatia,1/7/21,216848,4266,562,43,301
Croatia,1/8/21,217946,4304,1098,38,302
Croatia,1/9/21,219347,4342,1401,38,303
Croatia,1/10/21,219993,4368,646,26,304
Croatia,1/11/21,220223,4403,230,35,305
Croatia,1/12/21,220982,4446,759,43,306
Croatia,1/13/21,222117,4472,1135,26,307
Croatia,1/14/21,223097,4517,980,45,308
Croatia,1/15/21,223812,4550,715,33,309
Croatia,1/16/21,224575,4588,763,38,310
Croatia,1/17/21,224954,4616,379,28,311
Croatia,1/18/21,225128,4655,174,39,312
Croatia,1/19/21,225648,4684,520,29,313
Croatia,1/20/21,226550,4711,902,27,314
Croatia,1/21/21,227326,4738,776,27,315
Croatia,1/22/21,227969,4770,643,32,316
Croatia,1/23/21,228568,4799,599,29,317
Croatia,1/24/21,228920,4827,352,28,318
Croatia,1/25/21,229054,4859,134,32,319
Croatia,1/26/21,229502,4882,448,23,320
Croatia,1/27/21,230359,4913,857,31,321
Croatia,1/28/21,230978,4943,619,30,322
Croatia,1/29/21,231539,4972,561,29,323
Croatia,1/30/21,232090,4998,551,26,324
Croatia,1/31/21,232426,5027,336,29,325
Croatia,2/1/21,232520,5054,94,27,326
Croatia,2/2/21,232907,5071,387,17,327
Croatia,2/3/21,233637,5088,730,17,328
Croatia,2/4/21,234153,5106,516,18,329
Croatia,2/5/21,234702,5122,549,16,330
Croatia,2/6/21,235126,5144,424,22,331
Croatia,2/7/21,235402,5169,276,25,332
Croatia,2/8/21,235473,5198,71,29,333
Croatia,2/9/21,235756,5224,283,26,334
Croatia,2/10/21,236333,5238,577,14,335
Croatia,2/11/21,236709,5263,376,25,336
Croatia,2/12/21,237080,5282,371,19,337
Croatia,2/13/21,237459,5299,379,17,338
Croatia,2/14/21,237657,5318,198,19,339
Croatia,2/15/21,237725,5339,68,21,340
Croatia,2/16/21,237999,5357,274,18,341
Croatia,2/17/21,238501,5375,502,18,342
Croatia,2/18/21,238866,5399,365,24,343
Croatia,2/19/21,239254,5407,388,8,344
Croatia,2/20/21,239685,5420,431,13,345
Croatia,2/21/21,239945,5429,260,9,346
Croatia,2/22/21,240017,5449,72,20,347
Croatia,2/23/21,240360,5462,343,13,348
Croatia,2/24/21,241048,5477,688,15,349
Croatia,2/25/21,241592,5489,544,12,350
Croatia,2/26/21,242097,5503,505,14,351
Croatia,2/27/21,242617,5511,520,8,352
Croatia,2/28/21,242973,5526,356,15,353
Croatia,3/1/21,243064,5537,91,11,354
Croatia,3/2/21,243458,5548,394,11,355
Croatia,3/3/21,244205,5555,747,7,356
Croatia,3/4/21,244872,5564,667,9,357
Croatia,3/5/21,245462,5570,590,6,358
Croatia,3/6/21,246120,5585,658,15,359
Croatia,3/7/21,246514,5590,394,5,360
Croatia,3/8/21,246608,5609,94,19,361
Croatia,3/9/21,247099,5621,491,12,362
Croatia,3/10/21,248061,5625,962,4,363
Croatia,3/11/21,248838,5635,777,10,364
Croatia,3/12/21,249661,5647,823,12,365
Croatia,3/13/21,250484,5670,823,23,366
Croatia,3/14/21,251045,5677,561,7,367
Croatia,3/15/21,251174,5685,129,8,368
Croatia,3/16/21,251865,5697,691,12,369
Croatia,3/17/21,253310,5709,1445,12,370
Croatia,3/18/21,254507,5726,1197,17,371
Croatia,3/19/21,255619,5743,1112,17,372
Croatia,3/20/21,256805,5753,1186,10,373
Croatia,3/21/21,257639,5773,834,20,374
Croatia,3/22/21,257789,5786,150,13,375
Croatia,3/23/21,258745,5808,956,22,376
Croatia,3/24/21,260636,5828,1891,20,377
Croatia,3/25/21,262309,5838,1673,10,378
Croatia,3/26/21,264111,5854,1802,16,379
Croatia,3/27/21,265901,5872,1790,18,380
Croatia,3/28/21,267222,5893,1321,21,381
Croatia,3/29/21,267522,5911,300,18,382
Croatia,3/30/21,269009,5928,1487,17,383
Croatia,3/31/21,271632,5947,2623,19,384
Croatia,4/1/21,274054,5967,2422,20,385
Croatia,4/2/21,276416,5996,2362,29,386
Croatia,4/3/21,278650,6025,2234,29,387
Croatia,4/4/21,280026,6058,1376,33,388
Croatia,4/5/21,280164,6083,138,25,389
Croatia,4/6/21,280899,6113,735,30,390
Croatia,4/7/21,282548,6149,1649,36,391
Croatia,4/8/21,285765,6185,3217,36,392
Croatia,4/9/21,288364,6235,2599,50,393
Croatia,4/10/21,290899,6269,2535,34,394
Croatia,4/11/21,292516,6308,1617,39,395
Croatia,4/12/21,292938,6333,422,25,396
Croatia,4/13/21,294874,6358,1936,25,397
Croatia,4/14/21,297973,6399,3099,41,398
Croatia,4/15/21,300900,6442,2927,43,399
Croatia,4/16/21,303598,6486,2698,44,400
Croatia,4/17/21,306225,6523,2627,37,401
Croatia,4/18/21,307790,6562,1565,39,402
Croatia,4/19/21,308200,6601,410,39,403
Croatia,4/20/21,310306,6643,2106,42,404
Croatia,4/21/21,313423,6692,3117,49,405
Croatia,4/22/21,316308,6738,2885,46,406
Croatia,4/23/21,318837,6784,2529,46,407
Croatia,4/24/21,321372,6815,2535,31,408
Croatia,4/25/21,322626,6854,1254,39,409
Croatia,4/26/21,323036,6905,410,51,410
Croatia,4/27/21,324833,6957,1797,52,411
Croatia,4/28/21,327737,7001,2904,44,412
Croatia,4/29/21,330176,7040,2439,39,413
Croatia,4/30/21,332183,7081,2007,41,414
Croatia,5/1/21,334229,7130,2046,49,415
Croatia,5/2/21,335173,7182,944,52,416
Croatia,5/3/21,335522,7218,349,36,417
Croatia,5/4/21,336918,7264,1396,46,418
Croatia,5/5/21,339412,7315,2494,51,419
Croatia,5/6/21,341052,7355,1640,40,420
Croatia,5/7/21,342487,7388,1435,33,421
Croatia,5/8/21,343829,7424,1342,36,422
Croatia,5/9/21,344494,7469,665,45,423
Croatia,5/10/21,344747,7503,253,34,424
Croatia,5/11/21,345623,7549,876,46,425
Croatia,5/12/21,347094,7589,1471,40,426
Croatia,5/13/21,348158,7623,1064,34,427
Croatia,5/14/21,349084,7664,926,41,428
Croatia,5/15/21,349910,7687,826,23,429
Croatia,5/16/21,350390,7708,480,21,430
Croatia,5/17/21,350506,7738,116,30,431
Croatia,5/18/21,350997,7765,491,27,432
Croatia,5/19/21,351997,7792,1000,27,433
Croatia,5/20/21,352692,7828,695,36,434
Croatia,5/21/21,353217,7856,525,28,435
Croatia,5/22/21,353735,7883,518,27,436
Croatia,5/23/21,353986,7903,251,20,437
Croatia,5/24/21,354060,7929,74,26,438
Croatia,5/25/21,354383,7950,323,21,439
Croatia,5/26/21,354921,7971,538,21,440
Croatia,5/27/21,355296,7981,375,10,441
Croatia,5/28/21,355617,7992,321,11,442
Croatia,5/29/21,355955,8002,338,10,443
Croatia,5/30/21,356141,8014,186,12,444
Croatia,5/31/21,356181,8026,40,12,445
Croatia,6/1/21,356397,8034,216,8,446
Croatia,6/2/21,356829,8042,432,8,447
Croatia,6/3/21,357109,8056,280,14,448
Croatia,6/4/21,357197,8067,88,11,449
Croatia,6/5/21,357408,8080,211,13,450
Croatia,6/6/21,357565,8086,157,6,451
Croatia,6/7/21,357608,8091,43,5,452
Croatia,6/8/21,357786,8096,178,5,453
Croatia,6/9/21,358061,8103,275,7,454
Croatia,6/10/21,358245,8110,184,7,455
Croatia,6/11/21,358379,8123,134,13,456
Croatia,6/12/21,358504,8132,125,9,457
Croatia,6/13/21,358563,8132,59,0,458
