country,date,confirmed,deaths,new_confirmed,new_deaths,tagged_day
Dominican Republic,3/17/20,21,1,10,1,1
Dominican Republic,3/18/20,21,1,0,0,2
Dominican Republic,3/19/20,34,2,13,1,3
Dominican Republic,3/20/20,72,2,38,0,4
Dominican Republic,3/21/20,112,2,40,0,5
Dominican Republic,3/22/20,202,3,90,1,6
Dominican Republic,3/23/20,245,3,43,0,7
Dominican Republic,3/24/20,312,6,67,3,8
Dominican Republic,3/25/20,392,10,80,4,9
Dominican Republic,3/26/20,488,10,96,0,10
Dominican Republic,3/27/20,581,20,93,10,11
Dominican Republic,3/28/20,719,28,138,8,12
Dominican Republic,3/29/20,859,39,140,11,13
Dominican Republic,3/30/20,901,42,42,3,14
Dominican Republic,3/31/20,1109,51,208,9,15
Dominican Republic,4/1/20,1284,57,175,6,16
Dominican Republic,4/2/20,1380,60,96,3,17
Dominican Republic,4/3/20,1488,68,108,8,18
Dominican Republic,4/4/20,1488,68,0,0,19
Dominican Republic,4/5/20,1745,82,257,14,20
Dominican Republic,4/6/20,1828,86,83,4,21
Dominican Republic,4/7/20,1956,98,128,12,22
Dominican Republic,4/8/20,2111,108,155,10,23
Dominican Republic,4/9/20,2349,118,238,10,24
Dominican Republic,4/10/20,2620,126,271,8,25
Dominican Republic,4/11/20,2759,135,139,9,26
Dominican Republic,4/12/20,2967,173,208,38,27
Dominican Republic,4/13/20,3167,177,200,4,28
Dominican Republic,4/14/20,3286,183,119,6,29
Dominican Republic,4/15/20,3614,189,328,6,30
Dominican Republic,4/16/20,3755,196,141,7,31
Dominican Republic,4/17/20,4126,200,371,4,32
Dominican Republic,4/18/20,4335,217,209,17,33
Dominican Republic,4/19/20,4680,226,345,9,34
Dominican Republic,4/20/20,4964,235,284,9,35
Dominican Republic,4/21/20,5044,245,80,10,36
Dominican Republic,4/22/20,5300,260,256,15,37
Dominican Republic,4/23/20,5543,265,243,5,38
Dominican Republic,4/24/20,5749,267,206,2,39
Dominican Republic,4/25/20,5926,273,177,6,40
Dominican Republic,4/26/20,6135,278,209,5,41
Dominican Republic,4/27/20,6293,282,158,4,42
Dominican Republic,4/28/20,6416,286,123,4,43
Dominican Republic,4/29/20,6652,293,236,7,44
Dominican Republic,4/30/20,6972,301,320,8,45
Dominican Republic,5/1/20,7288,313,316,12,46
Dominican Republic,5/2/20,7578,326,290,13,47
Dominican Republic,5/3/20,7954,333,376,7,48
Dominican Republic,5/4/20,8235,346,281,13,49
Dominican Republic,5/5/20,8480,354,245,8,50
Dominican Republic,5/6/20,8807,362,327,8,51
Dominican Republic,5/7/20,9095,373,288,11,52
Dominican Republic,5/8/20,9376,380,281,7,53
Dominican Republic,5/9/20,9882,385,506,5,54
Dominican Republic,5/10/20,10347,388,465,3,55
Dominican Republic,5/11/20,10634,393,287,5,56
Dominican Republic,5/12/20,10900,402,266,9,57
Dominican Republic,5/13/20,11196,409,296,7,58
Dominican Republic,5/14/20,11320,422,124,13,59
Dominican Republic,5/15/20,11739,424,419,2,60
Dominican Republic,5/16/20,12110,428,371,4,61
Dominican Republic,5/17/20,12314,428,204,0,62
Dominican Republic,5/18/20,12725,434,411,6,63
Dominican Republic,5/19/20,13223,441,498,7,64
Dominican Republic,5/20/20,13477,446,254,5,65
Dominican Republic,5/21/20,13657,448,180,2,66
Dominican Republic,5/22/20,13989,456,332,8,67
Dominican Republic,5/23/20,14422,458,433,2,68
Dominican Republic,5/24/20,14801,458,379,0,69
Dominican Republic,5/25/20,15073,460,272,2,70
Dominican Republic,5/26/20,15264,468,191,8,71
Dominican Republic,5/27/20,15723,474,459,6,72
Dominican Republic,5/28/20,16068,485,345,11,73
Dominican Republic,5/29/20,16531,488,463,3,74
Dominican Republic,5/30/20,16908,498,377,10,75
Dominican Republic,5/31/20,17285,502,377,4,76
Dominican Republic,6/1/20,17572,502,287,0,77
Dominican Republic,6/2/20,17752,515,180,13,78
Dominican Republic,6/3/20,18040,516,288,1,79
Dominican Republic,6/4/20,18319,520,279,4,80
Dominican Republic,6/5/20,18708,525,389,5,81
Dominican Republic,6/6/20,19195,536,487,11,82
Dominican Republic,6/7/20,19600,538,405,2,83
Dominican Republic,6/8/20,20126,539,526,1,84
Dominican Republic,6/9/20,20415,544,289,5,85
Dominican Republic,6/10/20,20808,550,393,6,86
Dominican Republic,6/11/20,21437,561,629,11,87
Dominican Republic,6/12/20,22008,568,571,7,88
Dominican Republic,6/13/20,22572,577,564,9,89
Dominican Republic,6/14/20,22962,592,390,15,90
Dominican Republic,6/15/20,23271,605,309,13,91
Dominican Republic,6/16/20,23686,615,415,10,92
Dominican Republic,6/17/20,24105,633,419,18,93
Dominican Republic,6/18/20,24645,635,540,2,94
Dominican Republic,6/19/20,25068,647,423,12,95
Dominican Republic,6/20/20,25778,655,710,8,96
Dominican Republic,6/21/20,26677,662,899,7,97
Dominican Republic,6/22/20,27370,669,693,7,98
Dominican Republic,6/23/20,27936,675,566,6,99
Dominican Republic,6/24/20,28631,691,695,16,100
Dominican Republic,6/25/20,29141,698,510,7,101
Dominican Republic,6/26/20,29764,712,623,14,102
Dominican Republic,6/27/20,30619,718,855,6,103
Dominican Republic,6/28/20,31373,726,754,8,104
Dominican Republic,6/29/20,31816,733,443,7,105
Dominican Republic,6/30/20,32568,747,752,14,106
Dominican Republic,7/1/20,33387,754,819,7,107
Dominican Republic,7/2/20,34197,765,810,11,108
Dominican Republic,7/3/20,35148,775,951,10,109
Dominican Republic,7/4/20,36184,786,1036,11,110
Dominican Republic,7/5/20,37425,794,1241,8,111
Dominican Republic,7/6/20,38128,804,703,10,112
Dominican Republic,7/7/20,38430,821,302,17,113
Dominican Republic,7/8/20,39588,829,1158,8,114
Dominican Republic,7/9/20,40790,842,1202,13,115
Dominican Republic,7/10/20,41915,864,1125,22,116
Dominican Republic,7/11/20,43114,880,1199,16,117
Dominican Republic,7/12/20,44532,897,1418,17,118
Dominican Republic,7/13/20,45506,903,974,6,119
Dominican Republic,7/14/20,46305,910,799,7,120
Dominican Republic,7/15/20,47671,929,1366,19,121
Dominican Republic,7/16/20,48743,941,1072,12,122
Dominican Republic,7/17/20,50113,942,1370,1,123
Dominican Republic,7/18/20,51519,971,1406,29,124
Dominican Republic,7/19/20,52855,981,1336,10,125
Dominican Republic,7/20/20,53956,993,1101,12,126
Dominican Republic,7/21/20,54797,999,841,6,127
Dominican Republic,7/22/20,56043,1005,1246,6,128
Dominican Republic,7/23/20,57615,1006,1572,1,129
Dominican Republic,7/24/20,59077,1036,1462,30,130
Dominican Republic,7/25/20,60896,1055,1819,19,131
Dominican Republic,7/26/20,62908,1063,2012,8,132
Dominican Republic,7/27/20,64156,1083,1248,20,133
Dominican Republic,7/28/20,64690,1101,534,18,134
Dominican Republic,7/29/20,66182,1123,1492,22,135
Dominican Republic,7/30/20,67915,1146,1733,23,136
Dominican Republic,7/31/20,69649,1160,1734,14,137
Dominican Republic,8/1/20,71415,1170,1766,10,138
Dominican Republic,8/2/20,72243,1178,828,8,139
Dominican Republic,8/3/20,73117,1183,874,5,140
Dominican Republic,8/4/20,74295,1213,1178,30,141
Dominican Republic,8/5/20,75660,1222,1365,9,142
Dominican Republic,8/6/20,76536,1246,876,24,143
Dominican Republic,8/7/20,77709,1259,1173,13,144
Dominican Republic,8/8/20,78778,1289,1069,30,145
Dominican Republic,8/9/20,79732,1309,954,20,146
Dominican Republic,8/10/20,80499,1328,767,19,147
Dominican Republic,8/11/20,81094,1346,595,18,148
Dominican Republic,8/12/20,82224,1371,1130,25,149
Dominican Republic,8/13/20,83134,1393,910,22,150
Dominican Republic,8/14/20,84488,1409,1354,16,151
Dominican Republic,8/15/20,85545,1438,1057,29,152
Dominican Republic,8/16/20,86309,1453,764,15,153
Dominican Republic,8/17/20,86737,1481,428,28,154
Dominican Republic,8/18/20,87123,1489,386,8,155
Dominican Republic,8/19/20,88127,1501,1004,12,156
Dominican Republic,8/20/20,89010,1505,883,4,157
Dominican Republic,8/21/20,89867,1533,857,28,158
Dominican Republic,8/22/20,90561,1554,694,21,159
Dominican Republic,8/23/20,91161,1567,600,13,160
Dominican Republic,8/24/20,91608,1573,447,6,161
Dominican Republic,8/25/20,92217,1585,609,12,162
Dominican Republic,8/26/20,92557,1613,340,28,163
Dominican Republic,8/27/20,92964,1630,407,17,164
Dominican Republic,8/28/20,93390,1648,426,18,165
Dominican Republic,8/29/20,93732,1673,342,25,166
Dominican Republic,8/30/20,94241,1681,509,8,167
Dominican Republic,8/31/20,94715,1710,474,29,168
Dominican Republic,9/1/20,94979,1738,264,28,169
Dominican Republic,9/2/20,95627,1765,648,27,170
Dominican Republic,9/3/20,96629,1801,1002,36,171
Dominican Republic,9/4/20,96629,1801,0,0,172
Dominican Republic,9/5/20,98776,1840,2147,39,173
Dominican Republic,9/6/20,99333,1845,557,5,174
Dominican Republic,9/7/20,99898,1864,565,19,175
Dominican Republic,9/8/20,100131,1889,233,25,176
Dominican Republic,9/9/20,100937,1914,806,25,177
Dominican Republic,9/10/20,101716,1926,779,12,178
Dominican Republic,9/11/20,102232,1941,516,15,179
Dominican Republic,9/12/20,103092,1953,860,12,180
Dominican Republic,9/13/20,103660,1968,568,15,181
Dominican Republic,9/14/20,104110,1984,450,16,182
Dominican Republic,9/15/20,104803,1998,693,14,183
Dominican Republic,9/16/20,105521,2009,718,11,184
Dominican Republic,9/17/20,106136,2022,615,13,185
Dominican Republic,9/18/20,106732,2034,596,12,186
Dominican Republic,9/19/20,107700,2044,968,10,187
Dominican Republic,9/20/20,108289,2047,589,3,188
Dominican Republic,9/21/20,108783,2054,494,7,189
Dominican Republic,9/22/20,109269,2064,486,10,190
Dominican Republic,9/23/20,109737,2074,468,10,191
Dominican Republic,9/24/20,110122,2076,385,2,192
Dominican Republic,9/25/20,110597,2087,475,11,193
Dominican Republic,9/26/20,110957,2093,360,6,194
Dominican Republic,9/27/20,111386,2095,429,2,195
Dominican Republic,9/28/20,111666,2098,280,3,196
Dominican Republic,9/29/20,111900,2101,234,3,197
Dominican Republic,9/30/20,112209,2105,309,4,198
Dominican Republic,10/1/20,112728,2108,519,3,199
Dominican Republic,10/2/20,113350,2117,622,9,200
Dominican Republic,10/3/20,113926,2128,576,11,201
Dominican Republic,10/4/20,114480,2134,554,6,202
Dominican Republic,10/5/20,115054,2144,574,10,203
Dominican Republic,10/6/20,115371,2149,317,5,204
Dominican Republic,10/7/20,116148,2159,777,10,205
Dominican Republic,10/8/20,116872,2163,724,4,206
Dominican Republic,10/9/20,117457,2165,585,2,207
Dominican Republic,10/10/20,118014,2167,557,2,208
Dominican Republic,10/11/20,118477,2173,463,6,209
Dominican Republic,10/12/20,118843,2179,366,6,210
Dominican Republic,10/13/20,119008,2183,165,4,211
Dominican Republic,10/14/20,119662,2186,654,3,212
Dominican Republic,10/15/20,120066,2189,404,3,213
Dominican Republic,10/16/20,120450,2192,384,3,214
Dominican Republic,10/17/20,120925,2195,475,3,215
Dominican Republic,10/18/20,121347,2199,422,4,216
Dominican Republic,10/19/20,121667,2203,320,4,217
Dominican Republic,10/20/20,121973,2204,306,1,218
Dominican Republic,10/21/20,122398,2206,425,2,219
Dominican Republic,10/22/20,122873,2212,475,6,220
Dominican Republic,10/23/20,122873,2212,0,0,221
Dominican Republic,10/24/20,124018,2220,1145,8,222
Dominican Republic,10/25/20,124527,2223,509,3,223
Dominican Republic,10/26/20,124843,2225,316,2,224
Dominican Republic,10/27/20,125008,2226,165,1,225
Dominican Republic,10/28/20,125570,2232,562,6,226
Dominican Republic,10/29/20,125913,2234,343,2,227
Dominican Republic,10/30/20,126332,2236,419,2,228
Dominican Republic,10/31/20,127018,2245,686,9,229
Dominican Republic,11/1/20,127332,2249,314,4,230
Dominican Republic,11/2/20,127591,2250,259,1,231
Dominican Republic,11/3/20,127848,2252,257,2,232
Dominican Republic,11/4/20,128278,2257,430,5,233
Dominican Republic,11/5/20,128824,2260,546,3,234
Dominican Republic,11/6/20,129300,2261,476,1,235
Dominican Republic,11/7/20,129645,2263,345,2,236
Dominican Republic,11/8/20,130182,2265,537,2,237
Dominican Republic,11/9/20,130603,2267,421,2,238
Dominican Republic,11/10/20,131131,2269,528,2,239
Dominican Republic,11/11/20,131265,2272,134,3,240
Dominican Republic,11/12/20,131636,2274,371,2,241
Dominican Republic,11/13/20,132554,2280,918,6,242
Dominican Republic,11/14/20,133225,2282,671,2,243
Dominican Republic,11/15/20,133724,2285,499,3,244
Dominican Republic,11/16/20,134203,2286,479,1,245
Dominican Republic,11/17/20,134697,2290,494,4,246
Dominican Republic,11/18/20,135157,2293,460,3,247
Dominican Republic,11/19/20,136183,2301,1026,8,248
Dominican Republic,11/20/20,136784,2306,601,5,249
Dominican Republic,11/21/20,137770,2308,986,2,250
Dominican Republic,11/22/20,138410,2310,640,2,251
Dominican Republic,11/23/20,138829,2311,419,1,252
Dominican Republic,11/24/20,139111,2313,282,2,253
Dominican Republic,11/25/20,139396,2315,285,2,254
Dominican Republic,11/26/20,140922,2317,1526,2,255
Dominican Republic,11/27/20,141777,2324,855,7,256
Dominican Republic,11/28/20,142653,2328,876,4,257
Dominican Republic,11/29/20,143473,2330,820,2,258
Dominican Republic,11/30/20,143988,2331,515,1,259
Dominican Republic,12/1/20,144302,2333,314,2,260
Dominican Republic,12/2/20,145197,2334,895,1,261
Dominican Republic,12/3/20,146009,2335,812,1,262
Dominican Republic,12/4/20,146680,2343,671,8,263
Dominican Republic,12/5/20,147655,2345,975,2,264
Dominican Republic,12/6/20,148453,2345,798,0,265
Dominican Republic,12/7/20,149138,2346,685,1,266
Dominican Republic,12/8/20,149630,2347,492,1,267
Dominican Republic,12/9/20,150161,2350,531,3,268
Dominican Republic,12/10/20,151721,2358,1560,8,269
Dominican Republic,12/11/20,152452,2359,731,1,270
Dominican Republic,12/12/20,153585,2360,1133,1,271
Dominican Republic,12/13/20,154692,2361,1107,1,272
Dominican Republic,12/14/20,155184,2364,492,3,273
Dominican Republic,12/15/20,155797,2367,613,3,274
Dominican Republic,12/16/20,156585,2372,788,5,275
Dominican Republic,12/17/20,157305,2375,720,3,276
Dominican Republic,12/18/20,157929,2376,624,1,277
Dominican Republic,12/19/20,159064,2382,1135,6,278
Dominican Republic,12/20/20,160386,2384,1322,2,279
Dominican Republic,12/21/20,161052,2385,666,1,280
Dominican Republic,12/22/20,161930,2398,878,13,281
Dominican Republic,12/23/20,162496,2401,566,3,282
Dominican Republic,12/24/20,163654,2404,1158,3,283
Dominican Republic,12/25/20,165035,2404,1381,0,284
Dominican Republic,12/26/20,165940,2404,905,0,285
Dominican Republic,12/27/20,166764,2404,824,0,286
Dominican Republic,12/28/20,167405,2404,641,0,287
Dominican Republic,12/29/20,168265,2405,860,1,288
Dominican Republic,12/30/20,169579,2409,1314,4,289
Dominican Republic,12/31/20,170785,2414,1206,5,290
Dominican Republic,1/1/21,172218,2416,1433,2,291
Dominican Republic,1/2/21,172965,2416,747,0,292
Dominican Republic,1/3/21,173331,2418,366,2,293
Dominican Republic,1/4/21,175374,2419,2043,1,294
Dominican Republic,1/5/21,175849,2419,475,0,295
Dominican Republic,1/6/21,176378,2419,529,0,296
Dominican Republic,1/7/21,177493,2423,1115,4,297
Dominican Republic,1/8/21,178538,2424,1045,1,298
Dominican Republic,1/9/21,180644,2424,2106,0,299
Dominican Republic,1/10/21,182103,2427,1459,3,300
Dominican Republic,1/11/21,183282,2427,1179,0,301
Dominican Republic,1/12/21,184788,2427,1506,0,302
Dominican Republic,1/13/21,186383,2428,1595,1,303
Dominican Republic,1/14/21,187487,2428,1104,0,304
Dominican Republic,1/15/21,188969,2432,1482,4,305
Dominican Republic,1/16/21,191339,2432,2370,0,306
Dominican Republic,1/17/21,193118,2437,1779,5,307
Dominican Republic,1/18/21,194966,2448,1848,11,308
Dominican Republic,1/19/21,196591,2461,1625,13,309
Dominican Republic,1/20/21,198123,2470,1532,9,310
Dominican Republic,1/21/21,199672,2482,1549,12,311
Dominican Republic,1/22/21,201145,2496,1473,14,312
Dominican Republic,1/23/21,202507,2513,1362,17,313
Dominican Republic,1/24/21,203946,2531,1439,18,314
Dominican Republic,1/25/21,205162,2545,1216,14,315
Dominican Republic,1/26/21,206305,2564,1143,19,316
Dominican Republic,1/27/21,207455,2579,1150,15,317
Dominican Republic,1/28/21,208610,2603,1155,24,318
Dominican Republic,1/29/21,210412,2626,1802,23,319
Dominican Republic,1/30/21,212553,2646,2141,20,320
Dominican Republic,1/31/21,214060,2666,1507,20,321
Dominican Republic,2/1/21,215086,2688,1026,22,322
Dominican Republic,2/2/21,215920,2704,834,16,323
Dominican Republic,2/3/21,217277,2719,1357,15,324
Dominican Republic,2/4/21,218948,2747,1671,28,325
Dominican Republic,2/5/21,220426,2773,1478,26,326
Dominican Republic,2/6/21,222148,2801,1722,28,327
Dominican Republic,2/7/21,223398,2831,1250,30,328
Dominican Republic,2/8/21,224119,2843,721,12,329
Dominican Republic,2/9/21,224538,2864,419,21,330
Dominican Republic,2/10/21,225472,2883,934,19,331
Dominican Republic,2/11/21,226714,2904,1242,21,332
Dominican Republic,2/12/21,227764,2917,1050,13,333
Dominican Republic,2/13/21,228895,2932,1131,15,334
Dominican Republic,2/14/21,229768,2944,873,12,335
Dominican Republic,2/15/21,230563,2959,795,15,336
Dominican Republic,2/16/21,231095,2975,532,16,337
Dominican Republic,2/17/21,231737,2990,642,15,338
Dominican Republic,2/18/21,232780,3007,1043,17,339
Dominican Republic,2/19/21,233598,3024,818,17,340
Dominican Republic,2/20/21,234502,3028,904,4,341
Dominican Republic,2/21/21,235462,3038,960,10,342
Dominican Republic,2/22/21,235882,3048,420,10,343
Dominican Republic,2/23/21,236210,3057,328,9,344
Dominican Republic,2/24/21,236883,3066,673,9,345
Dominican Republic,2/25/21,237629,3075,746,9,346
Dominican Republic,2/26/21,238205,3082,576,7,347
Dominican Republic,2/27/21,239009,3093,804,11,348
Dominican Republic,2/28/21,239617,3100,608,7,349
Dominican Republic,3/1/21,239998,3106,381,6,350
Dominican Republic,3/2/21,240201,3118,203,12,351
Dominican Republic,3/3/21,240773,3130,572,12,352
Dominican Republic,3/4/21,241392,3139,619,9,353
Dominican Republic,3/5/21,242087,3150,695,11,354
Dominican Republic,3/6/21,242660,3162,573,12,355
Dominican Republic,3/7/21,243247,3172,587,10,356
Dominican Republic,3/8/21,243526,3179,279,7,357
Dominican Republic,3/9/21,243778,3191,252,12,358
Dominican Republic,3/10/21,244168,3198,390,7,359
Dominican Republic,3/11/21,244923,3204,755,6,360
Dominican Republic,3/12/21,245452,3213,529,9,361
Dominican Republic,3/13/21,245616,3213,164,0,362
Dominican Republic,3/14/21,246045,3222,429,9,363
Dominican Republic,3/15/21,246299,3226,254,4,364
Dominican Republic,3/16/21,246794,3237,495,11,365
Dominican Republic,3/17/21,247364,3248,570,11,366
Dominican Republic,3/18/21,247979,3257,615,9,367
Dominican Republic,3/19/21,248502,3262,523,5,368
Dominican Republic,3/20/21,248989,3269,487,7,369
Dominican Republic,3/21/21,249463,3272,474,3,370
Dominican Republic,3/22/21,249776,3275,313,3,371
Dominican Republic,3/23/21,250177,3283,401,8,372
Dominican Republic,3/24/21,250579,3289,402,6,373
Dominican Republic,3/25/21,250968,3295,389,6,374
Dominican Republic,3/26/21,251332,3298,364,3,375
Dominican Republic,3/27/21,251582,3302,250,4,376
Dominican Republic,3/28/21,251983,3304,401,2,377
Dominican Republic,3/29/21,252182,3307,199,3,378
Dominican Republic,3/30/21,252384,3317,202,10,379
Dominican Republic,3/31/21,252727,3325,343,8,380
Dominican Republic,4/1/21,253196,3330,469,5,381
Dominican Republic,4/2/21,253781,3334,585,4,382
Dominican Republic,4/3/21,254136,3341,355,7,383
Dominican Republic,4/4/21,254295,3346,159,5,384
Dominican Republic,4/5/21,254435,3351,140,5,385
Dominican Republic,4/6/21,254603,3355,168,4,386
Dominican Republic,4/7/21,254937,3369,334,14,387
Dominican Republic,4/8/21,256031,3378,1094,9,388
Dominican Republic,4/9/21,256563,3382,532,4,389
Dominican Republic,4/10/21,257186,3385,623,3,390
Dominican Republic,4/11/21,257698,3388,512,3,391
Dominican Republic,4/12/21,258039,3392,341,4,392
Dominican Republic,4/13/21,258637,3397,598,5,393
Dominican Republic,4/14/21,259260,3402,623,5,394
Dominican Republic,4/15/21,259639,3405,379,3,395
Dominican Republic,4/16/21,260133,3410,494,5,396
Dominican Republic,4/17/21,260627,3414,494,4,397
Dominican Republic,4/18/21,261129,3418,502,4,398
Dominican Republic,4/19/21,261531,3422,402,4,399
Dominican Republic,4/20/21,261848,3426,317,4,400
Dominican Republic,4/21/21,262404,3435,556,9,401
Dominican Republic,4/22/21,262935,3441,531,6,402
Dominican Republic,4/23/21,263470,3448,535,7,403
Dominican Republic,4/24/21,263944,3451,474,3,404
Dominican Republic,4/25/21,264863,3454,919,3,405
Dominican Republic,4/26/21,265403,3459,540,5,406
Dominican Republic,4/27/21,265481,3462,78,3,407
Dominican Republic,4/28/21,265819,3467,338,5,408
Dominican Republic,4/29/21,266214,3471,395,4,409
Dominican Republic,4/30/21,266561,3480,347,9,410
Dominican Republic,5/1/21,266861,3487,300,7,411
Dominican Republic,5/2/21,267455,3493,594,6,412
Dominican Republic,5/3/21,267681,3499,226,6,413
Dominican Republic,5/4/21,268070,3504,389,5,414
Dominican Republic,5/5/21,268561,3509,491,5,415
Dominican Republic,5/6/21,269184,3514,623,5,416
Dominican Republic,5/7/21,269958,3517,774,3,417
Dominican Republic,5/8/21,270600,3523,642,6,418
Dominican Republic,5/9/21,271548,3532,948,9,419
Dominican Republic,5/10/21,272108,3540,560,8,420
Dominican Republic,5/11/21,272809,3550,701,10,421
Dominican Republic,5/12/21,273497,3554,688,4,422
Dominican Republic,5/13/21,274319,3560,822,6,423
Dominican Republic,5/14/21,275378,3565,1059,5,424
Dominican Republic,5/15/21,276272,3569,894,4,425
Dominican Republic,5/16/21,277188,3582,916,13,426
Dominican Republic,5/17/21,277919,3589,731,7,427
Dominican Republic,5/18/21,278549,3597,630,8,428
Dominican Republic,5/19/21,279565,3597,1016,0,429
Dominican Republic,5/20/21,280994,3600,1429,3,430
Dominican Republic,5/21/21,281630,3603,636,3,431
Dominican Republic,5/22/21,282685,3606,1055,3,432
Dominican Republic,5/23/21,283729,3606,1044,0,433
Dominican Republic,5/24/21,284567,3610,838,4,434
Dominican Republic,5/25/21,285211,3610,644,0,435
Dominican Republic,5/26/21,286269,3613,1058,3,436
Dominican Republic,5/27/21,288034,3620,1765,7,437
Dominican Republic,5/28/21,289288,3623,1254,3,438
Dominican Republic,5/29/21,290526,3628,1238,5,439
Dominican Republic,5/30/21,291910,3628,1384,0,440
Dominican Republic,5/31/21,292786,3628,876,0,441
Dominican Republic,6/1/21,294021,3634,1235,6,442
Dominican Republic,6/2/21,295680,3637,1659,3,443
Dominican Republic,6/3/21,297119,3642,1439,5,444
Dominican Republic,6/4/21,298414,3646,1295,4,445
Dominican Republic,6/5/21,299681,3652,1267,6,446
Dominican Republic,6/6/21,301078,3654,1397,2,447
Dominican Republic,6/7/21,301984,3655,906,1,448
Dominican Republic,6/8/21,302988,3672,1004,17,449
Dominican Republic,6/9/21,304428,3686,1440,14,450
Dominican Republic,6/10/21,305569,3695,1141,9,451
Dominican Republic,6/11/21,306698,3700,1129,5,452
Dominican Republic,6/12/21,307847,3705,1149,5,453
Dominican Republic,6/13/21,308650,3707,803,2,454
