country,date,confirmed,deaths,new_confirmed,new_deaths,tagged_day
Ecuador,3/14/20,28,2,11,2,1
Ecuador,3/15/20,28,2,0,0,2
Ecuador,3/16/20,37,2,9,0,3
Ecuador,3/17/20,58,2,21,0,4
Ecuador,3/18/20,111,2,53,0,5
Ecuador,3/19/20,199,3,88,1,6
Ecuador,3/20/20,367,5,168,2,7
Ecuador,3/21/20,506,7,139,2,8
Ecuador,3/22/20,789,14,283,7,9
Ecuador,3/23/20,981,18,192,4,10
Ecuador,3/24/20,1082,27,101,9,11
Ecuador,3/25/20,1173,28,91,1,12
Ecuador,3/26/20,1403,34,230,6,13
Ecuador,3/27/20,1595,36,192,2,14
Ecuador,3/28/20,1823,48,228,12,15
Ecuador,3/29/20,1924,58,101,10,16
Ecuador,3/30/20,1962,60,38,2,17
Ecuador,3/31/20,2240,75,278,15,18
Ecuador,4/1/20,2748,93,508,18,19
Ecuador,4/2/20,3163,120,415,27,20
Ecuador,4/3/20,3368,145,205,25,21
Ecuador,4/4/20,3465,172,97,27,22
Ecuador,4/5/20,3646,180,181,8,23
Ecuador,4/6/20,3747,191,101,11,24
Ecuador,4/7/20,3747,191,0,0,25
Ecuador,4/8/20,4450,242,703,51,26
Ecuador,4/9/20,4965,272,515,30,27
Ecuador,4/10/20,7161,297,2196,25,28
Ecuador,4/11/20,7257,315,96,18,29
Ecuador,4/12/20,7466,333,209,18,30
Ecuador,4/13/20,7529,355,63,22,31
Ecuador,4/14/20,7603,369,74,14,32
Ecuador,4/15/20,7858,388,255,19,33
Ecuador,4/16/20,8225,403,367,15,34
Ecuador,4/17/20,8450,421,225,18,35
Ecuador,4/18/20,9022,456,572,35,36
Ecuador,4/19/20,9468,474,446,18,37
Ecuador,4/20/20,10128,507,660,33,38
Ecuador,4/21/20,10398,520,270,13,39
Ecuador,4/22/20,10850,537,452,17,40
Ecuador,4/23/20,11183,560,333,23,41
Ecuador,4/24/20,22719,576,11536,16,42
Ecuador,4/25/20,22719,576,0,0,43
Ecuador,4/26/20,22719,576,0,0,44
Ecuador,4/27/20,23240,663,521,87,45
Ecuador,4/28/20,24258,871,1018,208,46
Ecuador,4/29/20,24675,883,417,12,47
Ecuador,4/30/20,24934,900,259,17,48
Ecuador,5/1/20,26336,1063,1402,163,49
Ecuador,5/2/20,27464,1371,1128,308,50
Ecuador,5/3/20,29538,1564,2074,193,51
Ecuador,5/4/20,31881,1569,2343,5,52
Ecuador,5/5/20,31881,1569,0,0,53
Ecuador,5/6/20,31881,1618,0,49,54
Ecuador,5/7/20,30298,1654,-1583,36,55
Ecuador,5/8/20,28818,1704,-1480,50,56
Ecuador,5/9/20,29071,1717,253,13,57
Ecuador,5/10/20,29559,2127,488,410,58
Ecuador,5/11/20,29509,2145,-50,18,59
Ecuador,5/12/20,30419,2327,910,182,60
Ecuador,5/13/20,30486,2334,67,7,61
Ecuador,5/14/20,30502,2338,16,4,62
Ecuador,5/15/20,31467,2594,965,256,63
Ecuador,5/16/20,32763,2688,1296,94,64
Ecuador,5/17/20,33182,2736,419,48,65
Ecuador,5/18/20,33582,2799,400,63,66
Ecuador,5/19/20,34151,2839,569,40,67
Ecuador,5/20/20,34854,2888,703,49,68
Ecuador,5/21/20,35306,2939,452,51,69
Ecuador,5/22/20,35828,3056,522,117,70
Ecuador,5/23/20,36258,3096,430,40,71
Ecuador,5/24/20,36756,3108,498,12,72
Ecuador,5/25/20,37355,3203,599,95,73
Ecuador,5/26/20,37355,3203,0,0,74
Ecuador,5/27/20,38103,3275,748,72,75
Ecuador,5/28/20,38471,3313,368,38,76
Ecuador,5/29/20,38571,3334,100,21,77
Ecuador,5/30/20,38571,3334,0,0,78
Ecuador,5/31/20,39098,3358,527,24,79
Ecuador,6/1/20,39098,3358,0,0,80
Ecuador,6/2/20,40414,3438,1316,80,81
Ecuador,6/3/20,40966,3486,552,48,82
Ecuador,6/4/20,40966,3486,0,0,83
Ecuador,6/5/20,41575,3534,609,48,84
Ecuador,6/6/20,42728,3608,1153,74,85
Ecuador,6/7/20,43120,3621,392,13,86
Ecuador,6/8/20,43378,3642,258,21,87
Ecuador,6/9/20,43917,3690,539,48,88
Ecuador,6/10/20,44440,3720,523,30,89
Ecuador,6/11/20,44440,3720,0,0,90
Ecuador,6/12/20,45778,3828,1338,108,91
Ecuador,6/13/20,46356,3874,578,46,92
Ecuador,6/14/20,46751,3896,395,22,93
Ecuador,6/15/20,47322,3929,571,33,94
Ecuador,6/16/20,47943,3970,621,41,95
Ecuador,6/17/20,48490,4007,547,37,96
Ecuador,6/18/20,49097,4087,607,80,97
Ecuador,6/19/20,49731,4156,634,69,98
Ecuador,6/20/20,49731,4156,0,0,99
Ecuador,6/21/20,50640,4223,909,67,100
Ecuador,6/22/20,50640,4223,0,0,101
Ecuador,6/23/20,51643,4274,1003,51,102
Ecuador,6/24/20,51643,4274,0,0,103
Ecuador,6/25/20,53156,4343,1513,69,104
Ecuador,6/26/20,53856,4406,700,63,105
Ecuador,6/27/20,54574,4424,718,18,106
Ecuador,6/28/20,55255,4429,681,5,107
Ecuador,6/29/20,55665,4502,410,73,108
Ecuador,6/30/20,56432,4527,767,25,109
Ecuador,7/1/20,58257,4576,1825,49,110
Ecuador,7/2/20,59468,4639,1211,63,111
Ecuador,7/3/20,60657,4700,1189,61,112
Ecuador,7/4/20,61535,4769,878,69,113
Ecuador,7/5/20,61958,4781,423,12,114
Ecuador,7/6/20,62380,4821,422,40,115
Ecuador,7/7/20,63245,4873,865,52,116
Ecuador,7/8/20,63245,4873,0,0,117
Ecuador,7/9/20,64221,4900,976,27,118
Ecuador,7/10/20,65018,4939,797,39,119
Ecuador,7/11/20,67209,5031,2191,92,120
Ecuador,7/12/20,67870,5047,661,16,121
Ecuador,7/13/20,68459,5063,589,16,122
Ecuador,7/14/20,69570,5130,1111,67,123
Ecuador,7/15/20,70329,5158,759,28,124
Ecuador,7/16/20,71365,5207,1036,49,125
Ecuador,7/17/20,72444,5250,1079,43,126
Ecuador,7/18/20,73382,5282,938,32,127
Ecuador,7/19/20,74013,5313,631,31,128
Ecuador,7/20/20,74620,5318,607,5,129
Ecuador,7/21/20,76217,5366,1597,48,130
Ecuador,7/22/20,77257,5418,1040,52,131
Ecuador,7/23/20,78148,5439,891,21,132
Ecuador,7/24/20,79049,5468,901,29,133
Ecuador,7/25/20,80036,5507,987,39,134
Ecuador,7/26/20,80694,5515,658,8,135
Ecuador,7/27/20,81161,5532,467,17,136
Ecuador,7/28/20,82279,5584,1118,52,137
Ecuador,7/29/20,83193,5623,914,39,138
Ecuador,7/30/20,84370,5657,1177,34,139
Ecuador,7/31/20,85355,5702,985,45,140
Ecuador,8/1/20,86232,5736,877,34,141
Ecuador,8/2/20,86232,5736,0,0,142
Ecuador,8/3/20,87041,5767,809,31,143
Ecuador,8/4/20,87963,5808,922,41,144
Ecuador,8/5/20,88866,5847,903,39,145
Ecuador,8/6/20,90537,5877,1671,30,146
Ecuador,8/7/20,91969,5897,1432,20,147
Ecuador,8/8/20,93572,5916,1603,19,148
Ecuador,8/9/20,94459,5922,887,6,149
Ecuador,8/10/20,94701,5932,242,10,150
Ecuador,8/11/20,95563,5951,862,19,151
Ecuador,8/12/20,97110,5984,1547,33,152
Ecuador,8/13/20,98343,6010,1233,26,153
Ecuador,8/14/20,99409,6030,1066,20,154
Ecuador,8/15/20,100688,6065,1279,35,155
Ecuador,8/16/20,101542,6070,854,5,156
Ecuador,8/17/20,101751,6083,209,13,157
Ecuador,8/18/20,102941,6105,1190,22,158
Ecuador,8/19/20,104475,6146,1534,41,159
Ecuador,8/20/20,105508,6200,1033,54,160
Ecuador,8/21/20,106481,6248,973,48,161
Ecuador,8/22/20,107089,6277,608,29,162
Ecuador,8/23/20,107769,6310,680,33,163
Ecuador,8/24/20,108289,6322,520,12,164
Ecuador,8/25/20,109030,6368,741,46,165
Ecuador,8/26/20,110549,6410,1519,42,166
Ecuador,8/27/20,111219,6471,670,61,167
Ecuador,8/28/20,112141,6504,922,33,168
Ecuador,8/29/20,112906,6537,765,33,169
Ecuador,8/30/20,113648,6555,742,18,170
Ecuador,8/31/20,113767,6556,119,1,171
Ecuador,9/1/20,114309,6571,542,15,172
Ecuador,9/2/20,115457,6619,1148,48,173
Ecuador,9/3/20,116360,6648,903,29,174
Ecuador,9/4/20,117175,6674,815,26,175
Ecuador,9/5/20,118045,6724,870,50,176
Ecuador,9/6/20,118045,6724,0,0,177
Ecuador,9/7/20,110092,10576,-7953,3852,178
Ecuador,9/8/20,110757,10627,665,51,179
Ecuador,9/9/20,112166,10701,1409,74,180
Ecuador,9/10/20,113206,10749,1040,48,181
Ecuador,9/11/20,114732,10836,1526,87,182
Ecuador,9/12/20,116451,10864,1719,28,183
Ecuador,9/13/20,118594,10903,2143,39,184
Ecuador,9/14/20,118911,10922,317,19,185
Ecuador,9/15/20,119553,10963,642,41,186
Ecuador,9/16/20,121525,10996,1972,33,187
Ecuador,9/17/20,122257,11029,732,33,188
Ecuador,9/18/20,124129,11044,1872,15,189
Ecuador,9/19/20,125620,11084,1491,40,190
Ecuador,9/20/20,126419,11090,799,6,191
Ecuador,9/21/20,126711,11095,292,5,192
Ecuador,9/22/20,127643,11126,932,31,193
Ecuador,9/23/20,129892,11171,2249,45,194
Ecuador,9/24/20,131146,11213,1254,42,195
Ecuador,9/25/20,132475,11236,1329,23,196
Ecuador,9/26/20,133981,11273,1506,37,197
Ecuador,9/27/20,134747,11279,766,6,198
Ecuador,9/28/20,134965,11280,218,1,199
Ecuador,9/29/20,135749,11312,784,32,200
Ecuador,9/30/20,137047,11355,1298,43,201
Ecuador,10/1/20,138584,11433,1537,78,202
Ecuador,10/2/20,139534,11495,950,62,203
Ecuador,10/3/20,140351,11597,817,102,204
Ecuador,10/4/20,141034,11647,683,50,205
Ecuador,10/5/20,141339,11681,305,34,206
Ecuador,10/6/20,142056,11702,717,21,207
Ecuador,10/7/20,143531,11743,1475,41,208
Ecuador,10/8/20,145045,12141,1514,398,209
Ecuador,10/9/20,145848,12175,803,34,210
Ecuador,10/10/20,146828,12188,980,13,211
Ecuador,10/11/20,147033,12191,205,3,212
Ecuador,10/12/20,147315,12218,282,27,213
Ecuador,10/13/20,148171,12235,856,17,214
Ecuador,10/14/20,149083,12264,912,29,215
Ecuador,10/15/20,150360,12306,1277,42,216
Ecuador,10/16/20,151659,12357,1299,51,217
Ecuador,10/17/20,152422,12375,763,18,218
Ecuador,10/18/20,153289,12387,867,12,219
Ecuador,10/19/20,153423,12395,134,8,220
Ecuador,10/20/20,154115,12404,692,9,221
Ecuador,10/21/20,155625,12453,1510,49,222
Ecuador,10/22/20,156451,12500,826,47,223
Ecuador,10/23/20,158270,12528,1819,28,224
Ecuador,10/24/20,159614,12542,1344,14,225
Ecuador,10/25/20,161635,12553,2021,11,226
Ecuador,10/26/20,162178,12573,543,20,227
Ecuador,10/27/20,163192,12588,1014,15,228
Ecuador,10/28/20,164908,12608,1716,20,229
Ecuador,10/29/20,166302,12622,1394,14,230
Ecuador,10/30/20,167147,12632,845,10,231
Ecuador,10/31/20,168192,12670,1045,38,232
Ecuador,11/1/20,169194,12684,1002,14,233
Ecuador,11/2/20,169562,12692,368,8,234
Ecuador,11/3/20,170110,12698,548,6,235
Ecuador,11/4/20,171433,12704,1323,6,236
Ecuador,11/5/20,171783,12730,350,26,237
Ecuador,11/6/20,172508,12761,725,31,238
Ecuador,11/7/20,173486,12815,978,54,239
Ecuador,11/8/20,174907,12830,1421,15,240
Ecuador,11/9/20,175269,12839,362,9,241
Ecuador,11/10/20,175711,12849,442,10,242
Ecuador,11/11/20,176630,12920,919,71,243
Ecuador,11/12/20,177513,12946,883,26,244
Ecuador,11/13/20,178674,12977,1161,31,245
Ecuador,11/14/20,179627,12997,953,20,246
Ecuador,11/15/20,180295,13008,668,11,247
Ecuador,11/16/20,180676,13016,381,8,248
Ecuador,11/17/20,181104,13025,428,9,249
Ecuador,11/18/20,182250,13052,1146,27,250
Ecuador,11/19/20,183246,13073,996,21,251
Ecuador,11/20/20,183840,13095,594,22,252
Ecuador,11/21/20,184876,13139,1036,44,253
Ecuador,11/22/20,185643,13201,767,62,254
Ecuador,11/23/20,185944,13225,301,24,255
Ecuador,11/24/20,186436,13264,492,39,256
Ecuador,11/25/20,187230,13288,794,24,257
Ecuador,11/26/20,188138,13316,908,28,258
Ecuador,11/27/20,189534,13358,1396,42,259
Ecuador,11/28/20,190909,13371,1375,13,260
Ecuador,11/29/20,192117,13423,1208,52,261
Ecuador,11/30/20,192685,13461,568,38,262
Ecuador,12/1/20,193673,13501,988,40,263
Ecuador,12/2/20,194876,13562,1203,61,264
Ecuador,12/3/20,195884,13612,1008,50,265
Ecuador,12/4/20,196482,13696,598,84,266
Ecuador,12/5/20,197391,13756,909,60,267
Ecuador,12/6/20,197998,13778,607,22,268
Ecuador,12/7/20,198244,13780,246,2,269
Ecuador,12/8/20,198752,13794,508,14,270
Ecuador,12/9/20,199228,13814,476,20,271
Ecuador,12/10/20,200379,13850,1151,36,272
Ecuador,12/11/20,200765,13858,386,8,273
Ecuador,12/12/20,201524,13874,759,16,274
Ecuador,12/13/20,202110,13875,586,1,275
Ecuador,12/14/20,202180,13875,70,0,276
Ecuador,12/15/20,202356,13896,176,21,277
Ecuador,12/16/20,203461,13915,1105,19,278
Ecuador,12/17/20,204249,13932,788,17,279
Ecuador,12/18/20,205003,13942,754,10,280
Ecuador,12/19/20,205920,13948,917,6,281
Ecuador,12/20/20,206257,13948,337,0,282
Ecuador,12/21/20,206329,13949,72,1,283
Ecuador,12/22/20,206364,13949,35,0,284
Ecuador,12/23/20,207084,13962,720,13,285
Ecuador,12/24/20,208010,13977,926,15,286
Ecuador,12/25/20,208828,13984,818,7,287
Ecuador,12/26/20,209274,13990,446,6,288
Ecuador,12/27/20,209355,13992,81,2,289
Ecuador,12/28/20,209758,13994,403,2,290
Ecuador,12/29/20,210326,14001,568,7,291
Ecuador,12/30/20,211512,14023,1186,22,292
Ecuador,12/31/20,212512,14034,1000,11,293
Ecuador,1/1/21,213378,14051,866,17,294
Ecuador,1/2/21,214513,14059,1135,8,295
Ecuador,1/3/21,214614,14059,101,0,296
Ecuador,1/4/21,215080,14069,466,10,297
Ecuador,1/5/21,216083,14103,1003,34,298
Ecuador,1/6/21,217377,14146,1294,43,299
Ecuador,1/7/21,218385,14158,1008,12,300
Ecuador,1/8/21,219148,14165,763,7,301
Ecuador,1/9/21,220349,14177,1201,12,302
Ecuador,1/10/21,221070,14177,721,0,303
Ecuador,1/11/21,221506,14184,436,7,304
Ecuador,1/12/21,222567,14196,1061,12,305
Ecuador,1/13/21,224315,14229,1748,33,306
Ecuador,1/14/21,226002,14246,1687,17,307
Ecuador,1/15/21,226866,14273,864,27,308
Ecuador,1/16/21,230808,14316,3942,43,309
Ecuador,1/17/21,231482,14319,674,3,310
Ecuador,1/18/21,231644,14322,162,3,311
Ecuador,1/19/21,232568,14382,924,60,312
Ecuador,1/20/21,234315,14437,1747,55,313
Ecuador,1/21/21,236189,14526,1874,89,314
Ecuador,1/22/21,237158,14562,969,36,315
Ecuador,1/23/21,238232,14596,1074,34,316
Ecuador,1/24/21,241292,14623,3060,27,317
Ecuador,1/25/21,241567,14639,275,16,318
Ecuador,1/26/21,242146,14668,579,29,319
Ecuador,1/27/21,243535,14704,1389,36,320
Ecuador,1/28/21,246000,14766,2465,62,321
Ecuador,1/29/21,246687,14802,687,36,322
Ecuador,1/30/21,249779,14851,3092,49,323
Ecuador,1/31/21,250828,14859,1049,8,324
Ecuador,2/1/21,250986,14890,158,31,325
Ecuador,2/2/21,251279,14915,293,25,326
Ecuador,2/3/21,252390,14949,1111,34,327
Ecuador,2/4/21,253339,14968,949,19,328
Ecuador,2/5/21,255412,14982,2073,14,329
Ecuador,2/6/21,257115,15004,1703,22,330
Ecuador,2/7/21,258282,15012,1167,8,331
Ecuador,2/8/21,258607,15013,325,1,332
Ecuador,2/9/21,259783,15086,1176,73,333
Ecuador,2/10/21,260076,15116,293,30,334
Ecuador,2/11/21,262213,15174,2137,58,335
Ecuador,2/12/21,263517,15220,1304,46,336
Ecuador,2/13/21,265527,15269,2010,49,337
Ecuador,2/14/21,267223,15321,1696,52,338
Ecuador,2/15/21,267701,15355,478,34,339
Ecuador,2/16/21,268073,15392,372,37,340
Ecuador,2/17/21,268219,15394,146,2,341
Ecuador,2/18/21,269860,15444,1641,50,342
Ecuador,2/19/21,271276,15474,1416,30,343
Ecuador,2/20/21,273097,15513,1821,39,344
Ecuador,2/21/21,274673,15536,1576,23,345
Ecuador,2/22/21,274968,15547,295,11,346
Ecuador,2/23/21,275780,15567,812,20,347
Ecuador,2/24/21,278779,15634,2999,67,348
Ecuador,2/25/21,281169,15669,2390,35,349
Ecuador,2/26/21,282599,15713,1430,44,350
Ecuador,2/27/21,284347,15779,1748,66,351
Ecuador,2/28/21,286155,15811,1808,32,352
Ecuador,3/1/21,286367,15832,212,21,353
Ecuador,3/2/21,286725,15850,358,18,354
Ecuador,3/3/21,289472,15921,2747,71,355
Ecuador,3/4/21,289735,15959,263,38,356
Ecuador,3/5/21,291070,15997,1335,38,357
Ecuador,3/6/21,292943,16020,1873,23,358
Ecuador,3/7/21,294503,16039,1560,19,359
Ecuador,3/8/21,294618,16043,115,4,360
Ecuador,3/9/21,295114,16069,496,26,361
Ecuador,3/10/21,296841,16105,1727,36,362
Ecuador,3/11/21,297957,16128,1116,23,363
Ecuador,3/12/21,299216,16193,1259,65,364
Ecuador,3/13/21,300666,16215,1450,22,365
Ecuador,3/14/21,302221,16236,1555,21,366
Ecuador,3/15/21,302498,16240,277,4,367
Ecuador,3/16/21,302854,16259,356,19,368
Ecuador,3/17/21,305598,16300,2744,41,369
Ecuador,3/18/21,307429,16333,1831,33,370
Ecuador,3/19/21,309643,16412,2214,79,371
Ecuador,3/20/21,310868,16435,1225,23,372
Ecuador,3/21/21,312598,16451,1730,16,373
Ecuador,3/22/21,312851,16478,253,27,374
Ecuador,3/23/21,313570,16504,719,26,375
Ecuador,3/24/21,316807,16540,3237,36,376
Ecuador,3/25/21,318656,16582,1849,42,377
Ecuador,3/26/21,321451,16632,2795,50,378
Ecuador,3/27/21,322699,16679,1248,47,379
Ecuador,3/28/21,324482,16738,1783,59,380
Ecuador,3/29/21,325124,16746,642,8,381
Ecuador,3/30/21,327325,16780,2201,34,382
Ecuador,3/31/21,328755,16847,1430,67,383
Ecuador,4/1/21,330388,16877,1633,30,384
Ecuador,4/2/21,332038,16910,1650,33,385
Ecuador,4/3/21,333175,16929,1137,19,386
Ecuador,4/4/21,335681,16956,2506,27,387
Ecuador,4/5/21,336777,16987,1096,31,388
Ecuador,4/6/21,337702,17004,925,17,389
Ecuador,4/7/21,339604,17057,1902,53,390
Ecuador,4/8/21,341619,17115,2015,58,391
Ecuador,4/9/21,342678,17158,1059,43,392
Ecuador,4/10/21,344877,17275,2199,117,393
Ecuador,4/11/21,346817,17293,1940,18,394
Ecuador,4/12/21,347070,17298,253,5,395
Ecuador,4/13/21,347589,17351,519,53,396
Ecuador,4/14/21,350539,17400,2950,49,397
Ecuador,4/15/21,355431,17489,4892,89,398
Ecuador,4/16/21,355964,17528,533,39,399
Ecuador,4/17/21,358157,17641,2193,113,400
Ecuador,4/18/21,360546,17703,2389,62,401
Ecuador,4/19/21,360563,17703,17,0,402
Ecuador,4/20/21,361154,17744,591,41,403
Ecuador,4/21/21,362843,17804,1689,60,404
Ecuador,4/22/21,365393,17965,2550,161,405
Ecuador,4/23/21,371306,18062,5913,97,406
Ecuador,4/24/21,372754,18158,1448,96,407
Ecuador,4/25/21,373362,18177,608,19,408
Ecuador,4/26/21,374775,18300,1413,123,409
Ecuador,4/27/21,375329,18389,554,89,410
Ecuador,4/28/21,377662,18470,2333,81,411
Ecuador,4/29/21,380689,18552,3027,82,412
Ecuador,4/30/21,381862,18631,1173,79,413
Ecuador,5/1/21,384589,18724,2727,93,414
Ecuador,5/2/21,387299,18740,2710,16,415
Ecuador,5/3/21,388046,18765,747,25,416
Ecuador,5/4/21,391242,18863,3196,98,417
Ecuador,5/5/21,393048,18907,1806,44,418
Ecuador,5/6/21,395327,19018,2279,111,419
Ecuador,5/7/21,396888,19061,1561,43,420
Ecuador,5/8/21,398921,19137,2033,76,421
Ecuador,5/9/21,400296,19222,1375,85,422
Ecuador,5/10/21,402060,19242,1764,20,423
Ecuador,5/11/21,402595,19286,535,44,424
Ecuador,5/12/21,404632,19349,2037,63,425
Ecuador,5/13/21,405783,19442,1151,93,426
Ecuador,5/14/21,407002,19514,1219,72,427
Ecuador,5/15/21,409520,19692,2518,178,428
Ecuador,5/16/21,410129,19699,609,7,429
Ecuador,5/17/21,410870,19786,741,87,430
Ecuador,5/18/21,411466,19877,596,91,431
Ecuador,5/19/21,412907,19979,1441,102,432
Ecuador,5/20/21,415255,20022,2348,43,433
Ecuador,5/21/21,416621,20107,1366,85,434
Ecuador,5/22/21,417840,20180,1219,73,435
Ecuador,5/23/21,418851,20193,1011,13,436
Ecuador,5/24/21,419198,20210,347,17,437
Ecuador,5/25/21,420167,20227,969,17,438
Ecuador,5/26/21,421231,20312,1064,85,439
Ecuador,5/27/21,422329,20357,1098,45,440
Ecuador,5/28/21,423165,20408,836,51,441
Ecuador,5/29/21,424741,20485,1576,77,442
Ecuador,5/30/21,425841,20545,1100,60,443
Ecuador,5/31/21,426037,20572,196,27,444
Ecuador,6/1/21,427690,20620,1653,48,445
Ecuador,6/2/21,428865,20681,1175,61,446
Ecuador,6/3/21,429817,20706,952,25,447
Ecuador,6/4/21,430739,20755,922,49,448
Ecuador,6/5/21,431429,20773,690,18,449
Ecuador,6/6/21,432353,20809,924,36,450
Ecuador,6/7/21,432739,20814,386,5,451
Ecuador,6/8/21,432985,20831,246,17,452
Ecuador,6/9/21,433870,20903,885,72,453
Ecuador,6/10/21,436023,20949,2153,46,454
Ecuador,6/11/21,437121,20997,1098,48,455
Ecuador,6/12/21,438108,21018,987,21,456
Ecuador,6/13/21,438934,21048,826,30,457
