country,date,confirmed,deaths,new_confirmed,new_deaths,tagged_day
Egypt,3/8/20,49,1,34,1,1
Egypt,3/9/20,55,1,6,0,2
Egypt,3/10/20,59,1,4,0,3
Egypt,3/11/20,60,1,1,0,4
Egypt,3/12/20,67,1,7,0,5
Egypt,3/13/20,80,2,13,1,6
Egypt,3/14/20,109,2,29,0,7
Egypt,3/15/20,110,2,1,0,8
Egypt,3/16/20,150,2,40,0,9
Egypt,3/17/20,196,4,46,2,10
Egypt,3/18/20,196,6,0,2,11
Egypt,3/19/20,256,6,60,0,12
Egypt,3/20/20,285,8,29,2,13
Egypt,3/21/20,294,10,9,2,14
Egypt,3/22/20,327,14,33,4,15
Egypt,3/23/20,366,19,39,5,16
Egypt,3/24/20,402,20,36,1,17
Egypt,3/25/20,456,21,54,1,18
Egypt,3/26/20,495,24,39,3,19
Egypt,3/27/20,536,30,41,6,20
Egypt,3/28/20,576,36,40,6,21
Egypt,3/29/20,609,40,33,4,22
Egypt,3/30/20,656,41,47,1,23
Egypt,3/31/20,710,46,54,5,24
Egypt,4/1/20,779,52,69,6,25
Egypt,4/2/20,865,58,86,6,26
Egypt,4/3/20,985,66,120,8,27
Egypt,4/4/20,1070,71,85,5,28
Egypt,4/5/20,1173,78,103,7,29
Egypt,4/6/20,1322,85,149,7,30
Egypt,4/7/20,1450,94,128,9,31
Egypt,4/8/20,1560,103,110,9,32
Egypt,4/9/20,1699,118,139,15,33
Egypt,4/10/20,1794,135,95,17,34
Egypt,4/11/20,1939,146,145,11,35
Egypt,4/12/20,2065,159,126,13,36
Egypt,4/13/20,2190,164,125,5,37
Egypt,4/14/20,2350,178,160,14,38
Egypt,4/15/20,2505,183,155,5,39
Egypt,4/16/20,2673,196,168,13,40
Egypt,4/17/20,2844,205,171,9,41
Egypt,4/18/20,3032,224,188,19,42
Egypt,4/19/20,3144,239,112,15,43
Egypt,4/20/20,3333,250,189,11,44
Egypt,4/21/20,3490,264,157,14,45
Egypt,4/22/20,3659,276,169,12,46
Egypt,4/23/20,3891,287,232,11,47
Egypt,4/24/20,4092,294,201,7,48
Egypt,4/25/20,4319,307,227,13,49
Egypt,4/26/20,4534,317,215,10,50
Egypt,4/27/20,4782,337,248,20,51
Egypt,4/28/20,5042,359,260,22,52
Egypt,4/29/20,5268,380,226,21,53
Egypt,4/30/20,5537,392,269,12,54
Egypt,5/1/20,5895,406,358,14,55
Egypt,5/2/20,6193,415,298,9,56
Egypt,5/3/20,6465,429,272,14,57
Egypt,5/4/20,6813,436,348,7,58
Egypt,5/5/20,7201,452,388,16,59
Egypt,5/6/20,7588,469,387,17,60
Egypt,5/7/20,7981,482,393,13,61
Egypt,5/8/20,8476,503,495,21,62
Egypt,5/9/20,8964,514,488,11,63
Egypt,5/10/20,9400,525,436,11,64
Egypt,5/11/20,9746,533,346,8,65
Egypt,5/12/20,10093,544,347,11,66
Egypt,5/13/20,10431,556,338,12,67
Egypt,5/14/20,10829,571,398,15,68
Egypt,5/15/20,11228,592,399,21,69
Egypt,5/16/20,11719,612,491,20,70
Egypt,5/17/20,12229,630,510,18,71
Egypt,5/18/20,12764,645,535,15,72
Egypt,5/19/20,13484,659,720,14,73
Egypt,5/20/20,14229,680,745,21,74
Egypt,5/21/20,15003,696,774,16,75
Egypt,5/22/20,15786,707,783,11,76
Egypt,5/23/20,16513,735,727,28,77
Egypt,5/24/20,17265,764,752,29,78
Egypt,5/25/20,17967,783,702,19,79
Egypt,5/26/20,18756,797,789,14,80
Egypt,5/27/20,19666,816,910,19,81
Egypt,5/28/20,20793,845,1127,29,82
Egypt,5/29/20,22082,879,1289,34,83
Egypt,5/30/20,23449,913,1367,34,84
Egypt,5/31/20,24985,959,1536,46,85
Egypt,6/1/20,26384,1005,1399,46,86
Egypt,6/2/20,27536,1052,1152,47,87
Egypt,6/3/20,28615,1088,1079,36,88
Egypt,6/4/20,29767,1126,1152,38,89
Egypt,6/5/20,31115,1166,1348,40,90
Egypt,6/6/20,32612,1198,1497,32,91
Egypt,6/7/20,34079,1237,1467,39,92
Egypt,6/8/20,35444,1271,1365,34,93
Egypt,6/9/20,36829,1306,1385,35,94
Egypt,6/10/20,38284,1342,1455,36,95
Egypt,6/11/20,39726,1377,1442,35,96
Egypt,6/12/20,41303,1422,1577,45,97
Egypt,6/13/20,42980,1484,1677,62,98
Egypt,6/14/20,44598,1575,1618,91,99
Egypt,6/15/20,46289,1672,1691,97,100
Egypt,6/16/20,47856,1766,1567,94,101
Egypt,6/17/20,49219,1850,1363,84,102
Egypt,6/18/20,50437,1938,1218,88,103
Egypt,6/19/20,52211,2017,1774,79,104
Egypt,6/20/20,53758,2106,1547,89,105
Egypt,6/21/20,55233,2193,1475,87,106
Egypt,6/22/20,56809,2278,1576,85,107
Egypt,6/23/20,58141,2365,1332,87,108
Egypt,6/24/20,59561,2450,1420,85,109
Egypt,6/25/20,61130,2533,1569,83,110
Egypt,6/26/20,62755,2620,1625,87,111
Egypt,6/27/20,63923,2708,1168,88,112
Egypt,6/28/20,65188,2789,1265,81,113
Egypt,6/29/20,66754,2872,1566,83,114
Egypt,6/30/20,68311,2953,1557,81,115
Egypt,7/1/20,69814,3034,1503,81,116
Egypt,7/2/20,71299,3120,1485,86,117
Egypt,7/3/20,72711,3201,1412,81,118
Egypt,7/4/20,74035,3280,1324,79,119
Egypt,7/5/20,75253,3343,1218,63,120
Egypt,7/6/20,76222,3422,969,79,121
Egypt,7/7/20,77279,3489,1057,67,122
Egypt,7/8/20,78304,3564,1025,75,123
Egypt,7/9/20,79254,3617,950,53,124
Egypt,7/10/20,80235,3702,981,85,125
Egypt,7/11/20,81158,3769,923,67,126
Egypt,7/12/20,82070,3858,912,89,127
Egypt,7/13/20,83001,3935,931,77,128
Egypt,7/14/20,83930,4008,929,73,129
Egypt,7/15/20,84843,4067,913,59,130
Egypt,7/16/20,85771,4120,928,53,131
Egypt,7/17/20,86474,4188,703,68,132
Egypt,7/18/20,87172,4251,698,63,133
Egypt,7/19/20,87775,4302,603,51,134
Egypt,7/20/20,88402,4352,627,50,135
Egypt,7/21/20,89078,4399,676,47,136
Egypt,7/22/20,89745,4440,667,41,137
Egypt,7/23/20,90413,4480,668,40,138
Egypt,7/24/20,91072,4518,659,38,139
Egypt,7/25/20,91583,4558,511,40,140
Egypt,7/26/20,92062,4606,479,48,141
Egypt,7/27/20,92482,4652,420,46,142
Egypt,7/28/20,92947,4691,465,39,143
Egypt,7/29/20,93356,4728,409,37,144
Egypt,7/30/20,93757,4774,401,46,145
Egypt,7/31/20,94078,4805,321,31,146
Egypt,8/1/20,94316,4834,238,29,147
Egypt,8/2/20,94483,4865,167,31,148
Egypt,8/3/20,94640,4888,157,23,149
Egypt,8/4/20,94752,4912,112,24,150
Egypt,8/5/20,94875,4930,123,18,151
Egypt,8/6/20,95006,4951,131,21,152
Egypt,8/7/20,95147,4971,141,20,153
Egypt,8/8/20,95314,4992,167,21,154
Egypt,8/9/20,95492,5009,178,17,155
Egypt,8/10/20,95666,5035,174,26,156
Egypt,8/11/20,95834,5059,168,24,157
Egypt,8/12/20,95963,5085,129,26,158
Egypt,8/13/20,96108,5107,145,22,159
Egypt,8/14/20,96220,5124,112,17,160
Egypt,8/15/20,96336,5141,116,17,161
Egypt,8/16/20,96475,5160,139,19,162
Egypt,8/17/20,96590,5173,115,13,163
Egypt,8/18/20,96753,5184,163,11,164
Egypt,8/19/20,96914,5197,161,13,165
Egypt,8/20/20,97025,5212,111,15,166
Egypt,8/21/20,97148,5231,123,19,167
Egypt,8/22/20,97237,5243,89,12,168
Egypt,8/23/20,97340,5262,103,19,169
Egypt,8/24/20,97478,5280,138,18,170
Egypt,8/25/20,97619,5298,141,18,171
Egypt,8/26/20,97825,5317,206,19,172
Egypt,8/27/20,98062,5342,237,25,173
Egypt,8/28/20,98285,5362,223,20,174
Egypt,8/29/20,98497,5376,212,14,175
Egypt,8/30/20,98727,5399,230,23,176
Egypt,8/31/20,98939,5421,212,22,177
Egypt,9/1/20,99115,5440,176,19,178
Egypt,9/2/20,99280,5461,165,21,179
Egypt,9/3/20,99425,5479,145,18,180
Egypt,9/4/20,99582,5495,157,16,181
Egypt,9/5/20,99712,5511,130,16,182
Egypt,9/6/20,99863,5530,151,19,183
Egypt,9/7/20,100041,5541,178,11,184
Egypt,9/8/20,100228,5560,187,19,185
Egypt,9/9/20,100403,5577,175,17,186
Egypt,9/10/20,100557,5590,154,13,187
Egypt,9/11/20,100708,5607,151,17,188
Egypt,9/12/20,100856,5627,148,20,189
Egypt,9/13/20,101009,5648,153,21,190
Egypt,9/14/20,101177,5661,168,13,191
Egypt,9/15/20,101340,5679,163,18,192
Egypt,9/16/20,101500,5696,160,17,193
Egypt,9/17/20,101641,5715,141,19,194
Egypt,9/18/20,101772,5733,131,18,195
Egypt,9/19/20,101900,5750,128,17,196
Egypt,9/20/20,102015,5770,115,20,197
Egypt,9/21/20,102141,5787,126,17,198
Egypt,9/22/20,102254,5806,113,19,199
Egypt,9/23/20,102375,5822,121,16,200
Egypt,9/24/20,102513,5835,138,13,201
Egypt,9/25/20,102625,5853,112,18,202
Egypt,9/26/20,102736,5869,111,16,203
Egypt,9/27/20,102840,5883,104,14,204
Egypt,9/28/20,102955,5901,115,18,205
Egypt,9/29/20,103079,5914,124,13,206
Egypt,9/30/20,103198,5930,119,16,207
Egypt,10/1/20,103317,5946,119,16,208
Egypt,10/2/20,103466,5956,149,10,209
Egypt,10/3/20,103575,5970,109,14,210
Egypt,10/4/20,103683,5981,108,11,211
Egypt,10/5/20,103781,5990,98,9,212
Egypt,10/6/20,103902,6001,121,11,213
Egypt,10/7/20,104035,6010,133,9,214
Egypt,10/8/20,104156,6017,121,7,215
Egypt,10/9/20,104262,6029,106,12,216
Egypt,10/10/20,104387,6040,125,11,217
Egypt,10/11/20,104516,6052,129,12,218
Egypt,10/12/20,104648,6062,132,10,219
Egypt,10/13/20,104787,6071,139,9,220
Egypt,10/14/20,104915,6077,128,6,221
Egypt,10/15/20,105033,6088,118,11,222
Egypt,10/16/20,105159,6099,126,11,223
Egypt,10/17/20,105297,6109,138,10,224
Egypt,10/18/20,105424,6120,127,11,225
Egypt,10/19/20,105547,6130,123,10,226
Egypt,10/20/20,105705,6142,158,12,227
Egypt,10/21/20,105883,6155,178,13,228
Egypt,10/22/20,106060,6166,177,11,229
Egypt,10/23/20,106230,6176,170,10,230
Egypt,10/24/20,106397,6187,167,11,231
Egypt,10/25/20,106540,6199,143,12,232
Egypt,10/26/20,106707,6211,167,12,233
Egypt,10/27/20,106877,6222,170,11,234
Egypt,10/28/20,107030,6234,153,12,235
Egypt,10/29/20,107209,6247,179,13,236
Egypt,10/30/20,107376,6258,167,11,237
Egypt,10/31/20,107555,6266,179,8,238
Egypt,11/1/20,107736,6278,181,12,239
Egypt,11/2/20,107925,6291,189,13,240
Egypt,11/3/20,108122,6305,197,14,241
Egypt,11/4/20,108329,6318,207,13,242
Egypt,11/5/20,108530,6329,201,11,243
Egypt,11/6/20,108754,6343,224,14,244
Egypt,11/7/20,108962,6355,208,12,245
Egypt,11/8/20,109201,6368,239,13,246
Egypt,11/9/20,109422,6380,221,12,247
Egypt,11/10/20,109654,6394,232,14,248
Egypt,11/11/20,109881,6405,227,11,249
Egypt,11/12/20,110095,6417,214,12,250
Egypt,11/13/20,110319,6429,224,12,251
Egypt,11/14/20,110547,6442,228,13,252
Egypt,11/15/20,110767,6453,220,11,253
Egypt,11/16/20,111009,6465,242,12,254
Egypt,11/17/20,111284,6481,275,16,255
Egypt,11/18/20,111613,6495,329,14,256
Egypt,11/19/20,111955,6508,342,13,257
Egypt,11/20/20,112318,6521,363,13,258
Egypt,11/21/20,112676,6535,358,14,259
Egypt,11/22/20,113027,6548,351,13,260
Egypt,11/23/20,113381,6560,354,12,261
Egypt,11/24/20,113742,6573,361,13,262
Egypt,11/25/20,114107,6585,365,12,263
Egypt,11/26/20,114475,6596,368,11,264
Egypt,11/27/20,114832,6608,357,12,265
Egypt,11/28/20,115183,6621,351,13,266
Egypt,11/29/20,115541,6636,358,15,267
Egypt,11/30/20,115911,6650,370,14,268
Egypt,12/1/20,116303,6666,392,16,269
Egypt,12/2/20,116724,6694,421,28,270
Egypt,12/3/20,117156,6713,432,19,271
Egypt,12/4/20,117583,6732,427,19,272
Egypt,12/5/20,118014,6750,431,18,273
Egypt,12/6/20,118432,6771,418,21,274
Egypt,12/7/20,118847,6790,415,19,275
Egypt,12/8/20,119281,6813,434,23,276
Egypt,12/9/20,119702,6832,421,19,277
Egypt,12/10/20,120147,6854,445,22,278
Egypt,12/11/20,120611,6877,464,23,279
Egypt,12/12/20,121089,6898,478,21,280
Egypt,12/13/20,121575,6920,486,22,281
Egypt,12/14/20,122086,6943,511,23,282
Egypt,12/15/20,122609,6966,523,23,283
Egypt,12/16/20,123153,6990,544,24,284
Egypt,12/17/20,123701,7015,548,25,285
Egypt,12/18/20,124280,7041,579,26,286
Egypt,12/19/20,124891,7069,611,28,287
Egypt,12/20/20,125555,7098,664,29,288
Egypt,12/21/20,126273,7130,718,32,289
Egypt,12/22/20,127061,7167,788,37,290
Egypt,12/23/20,127972,7209,911,42,291
Egypt,12/24/20,128993,7260,1021,51,292
Egypt,12/25/20,130126,7309,1133,49,293
Egypt,12/26/20,131315,7352,1189,43,294
Egypt,12/27/20,132541,7405,1226,53,295
Egypt,12/28/20,133900,7466,1359,61,296
Egypt,12/29/20,135233,7520,1333,54,297
Egypt,12/30/20,136644,7576,1411,56,298
Egypt,12/31/20,138062,7631,1418,55,299
Egypt,1/1/21,139471,7687,1409,56,300
Egypt,1/2/21,140878,7741,1407,54,301
Egypt,1/3/21,142187,7805,1309,64,302
Egypt,1/4/21,143464,7863,1277,58,303
Egypt,1/5/21,144583,7918,1119,55,304
Egypt,1/6/21,145590,7975,1007,57,305
Egypt,1/7/21,146809,8029,1219,54,306
Egypt,1/8/21,147810,8085,1001,56,307
Egypt,1/9/21,148799,8142,989,57,308
Egypt,1/10/21,149792,8197,993,55,309
Egypt,1/11/21,150753,8249,961,52,310
Egypt,1/12/21,151723,8304,970,55,311
Egypt,1/13/21,152719,8362,996,58,312
Egypt,1/14/21,153741,8421,1022,59,313
Egypt,1/15/21,154620,8473,879,52,314
Egypt,1/16/21,155507,8527,887,54,315
Egypt,1/17/21,156397,8583,890,56,316
Egypt,1/18/21,157275,8638,878,55,317
Egypt,1/19/21,158174,8696,899,58,318
Egypt,1/20/21,158963,8747,789,51,319
Egypt,1/21/21,159715,8801,752,54,320
Egypt,1/22/21,160463,8853,748,52,321
Egypt,1/23/21,161143,8902,680,49,322
Egypt,1/24/21,161817,8959,674,57,323
Egypt,1/25/21,162486,9012,669,53,324
Egypt,1/26/21,163129,9067,643,55,325
Egypt,1/27/21,163761,9115,632,48,326
Egypt,1/28/21,164282,9169,521,54,327
Egypt,1/29/21,164871,9217,589,48,328
Egypt,1/30/21,165418,9263,547,46,329
Egypt,1/31/21,165951,9316,533,53,330
Egypt,2/1/21,166492,9360,541,44,331
Egypt,2/2/21,167013,9407,521,47,332
Egypt,2/3/21,167525,9460,512,53,333
Egypt,2/4/21,168057,9512,532,52,334
Egypt,2/5/21,168597,9560,540,48,335
Egypt,2/6/21,169106,9604,509,44,336
Egypt,2/7/21,169640,9651,534,47,337
Egypt,2/8/21,170207,9699,567,48,338
Egypt,2/9/21,170780,9751,573,52,339
Egypt,2/10/21,171390,9804,610,53,340
Egypt,2/11/21,171993,9857,603,53,341
Egypt,2/12/21,172602,9899,609,42,342
Egypt,2/13/21,173202,9935,600,36,343
Egypt,2/14/21,173813,9994,611,59,344
Egypt,2/15/21,174426,10050,613,56,345
Egypt,2/16/21,175059,10101,633,51,346
Egypt,2/17/21,175677,10150,618,49,347
Egypt,2/18/21,176333,10201,656,51,348
Egypt,2/19/21,176943,10250,610,49,349
Egypt,2/20/21,177543,10298,600,48,350
Egypt,2/21/21,178151,10353,608,55,351
Egypt,2/22/21,178774,10404,623,51,352
Egypt,2/23/21,179407,10443,633,39,353
Egypt,2/24/21,180051,10495,644,52,354
Egypt,2/25/21,180640,10541,589,46,355
Egypt,2/26/21,181241,10590,601,49,356
Egypt,2/27/21,181829,10639,588,49,357
Egypt,2/28/21,182424,10688,595,49,358
Egypt,3/1/21,183010,10736,586,48,359
Egypt,3/2/21,183591,10778,581,42,360
Egypt,3/3/21,184168,10822,577,44,361
Egypt,3/4/21,184755,10871,587,49,362
Egypt,3/5/21,185334,10916,579,45,363
Egypt,3/6/21,185922,10954,588,38,364
Egypt,3/7/21,186503,10995,581,41,365
Egypt,3/8/21,187094,11038,591,43,366
Egypt,3/9/21,187716,11082,622,44,367
Egypt,3/10/21,188361,11128,645,46,368
Egypt,3/11/21,189000,11169,639,41,369
Egypt,3/12/21,189639,11214,639,45,370
Egypt,3/13/21,190280,11256,641,42,371
Egypt,3/14/21,190924,11300,644,44,372
Egypt,3/15/21,191555,11340,631,40,373
Egypt,3/16/21,192195,11384,640,44,374
Egypt,3/17/21,192840,11431,645,47,375
Egypt,3/18/21,193482,11472,642,41,376
Egypt,3/19/21,194127,11512,645,40,377
Egypt,3/20/21,194771,11557,644,45,378
Egypt,3/21/21,195418,11598,647,41,379
Egypt,3/22/21,196061,11637,643,39,380
Egypt,3/23/21,196709,11680,648,43,381
Egypt,3/24/21,197350,11720,641,40,382
Egypt,3/25/21,198011,11768,661,48,383
Egypt,3/26/21,198681,11804,670,36,384
Egypt,3/27/21,199364,11845,683,41,385
Egypt,3/28/21,200050,11882,686,37,386
Egypt,3/29/21,200739,11914,689,32,387
Egypt,3/30/21,201432,11956,693,42,388
Egypt,3/31/21,202131,11995,699,39,389
Egypt,4/1/21,202843,12041,712,46,390
Egypt,4/2/21,203546,12084,703,43,391
Egypt,4/3/21,204256,12123,710,39,392
Egypt,4/4/21,204965,12163,709,40,393
Egypt,4/5/21,205732,12210,767,47,394
Egypt,4/6/21,206510,12253,778,43,395
Egypt,4/7/21,207293,12290,783,37,396
Egypt,4/8/21,208082,12323,789,33,397
Egypt,4/9/21,208876,12362,794,39,398
Egypt,4/10/21,209677,12405,801,43,399
Egypt,4/11/21,210489,12445,812,40,400
Egypt,4/12/21,211307,12487,818,42,401
Egypt,4/13/21,212130,12526,823,39,402
Egypt,4/14/21,212961,12570,831,44,403
Egypt,4/15/21,213798,12611,837,41,404
Egypt,4/16/21,214639,12653,841,42,405
Egypt,4/17/21,215484,12694,845,41,406
Egypt,4/18/21,216334,12738,850,44,407
Egypt,4/19/21,217186,12778,852,40,408
Egypt,4/20/21,218041,12820,855,42,409
Egypt,4/21/21,218902,12866,861,46,410
Egypt,4/22/21,219774,12914,872,48,411
Egypt,4/23/21,220658,12959,884,45,412
Egypt,4/24/21,221570,12998,912,39,413
Egypt,4/25/21,222523,13049,953,51,414
Egypt,4/26/21,223514,13107,991,58,415
Egypt,4/27/21,224517,13168,1003,61,416
Egypt,4/28/21,225528,13219,1011,51,417
Egypt,4/29/21,226531,13278,1003,59,418
Egypt,4/30/21,227552,13339,1021,61,419
Egypt,5/1/21,228584,13402,1032,63,420
Egypt,5/2/21,229635,13469,1051,67,421
Egypt,5/3/21,230713,13531,1078,62,422
Egypt,5/4/21,231803,13591,1090,60,423
Egypt,5/5/21,232905,13655,1102,64,424
Egypt,5/6/21,234015,13714,1110,59,425
Egypt,5/7/21,235140,13779,1125,65,426
Egypt,5/8/21,236272,13845,1132,66,427
Egypt,5/9/21,237410,13904,1138,59,428
Egypt,5/10/21,238560,13972,1150,68,429
Egypt,5/11/21,239740,14033,1180,61,430
Egypt,5/12/21,240927,14091,1187,58,431
Egypt,5/13/21,242120,14150,1193,59,432
Egypt,5/14/21,243317,14206,1197,56,433
Egypt,5/15/21,244520,14269,1203,63,434
Egypt,5/16/21,245721,14327,1201,58,435
Egypt,5/17/21,246909,14388,1188,61,436
Egypt,5/18/21,248078,14441,1169,53,437
Egypt,5/19/21,249238,14498,1160,57,438
Egypt,5/20/21,250391,14559,1153,61,439
Egypt,5/21/21,251539,14611,1148,52,440
Egypt,5/22/21,252690,14670,1151,59,441
Egypt,5/23/21,253835,14721,1145,51,442
Egypt,5/24/21,254984,14766,1149,45,443
Egypt,5/25/21,256124,14807,1140,41,444
Egypt,5/26/21,257275,14850,1151,43,445
Egypt,5/27/21,258407,14904,1132,54,446
Egypt,5/28/21,259540,14950,1133,46,447
Egypt,5/29/21,260659,15001,1119,51,448
Egypt,5/30/21,261666,15047,1007,46,449
Egypt,5/31/21,262650,15096,984,49,450
Egypt,6/1/21,263606,15136,956,40,451
Egypt,6/2/21,264557,15178,951,42,452
Egypt,6/3/21,265489,15222,932,44,453
Egypt,6/4/21,266350,15268,861,46,454
Egypt,6/5/21,267171,15309,821,41,455
Egypt,6/6/21,267972,15352,801,43,456
Egypt,6/7/21,268754,15399,782,47,457
Egypt,6/8/21,269527,15437,773,38,458
Egypt,6/9/21,270292,15471,765,34,459
Egypt,6/10/21,271047,15510,755,39,460
Egypt,6/11/21,271780,15547,733,37,461
Egypt,6/12/21,272491,15582,711,35,462
Egypt,6/13/21,273182,15623,691,41,463
