country,date,confirmed,deaths,new_confirmed,new_deaths,tagged_day
Finland,3/8/20,23,0,8,0,1
Finland,3/9/20,30,0,7,0,2
Finland,3/10/20,40,0,10,0,3
Finland,3/11/20,59,0,19,0,4
Finland,3/12/20,59,0,0,0,5
Finland,3/13/20,155,0,96,0,6
Finland,3/14/20,225,0,70,0,7
Finland,3/15/20,244,0,19,0,8
Finland,3/16/20,277,0,33,0,9
Finland,3/17/20,321,0,44,0,10
Finland,3/18/20,336,0,15,0,11
Finland,3/19/20,400,0,64,0,12
Finland,3/20/20,450,0,50,0,13
Finland,3/21/20,523,1,73,1,14
Finland,3/22/20,626,1,103,0,15
Finland,3/23/20,700,1,74,0,16
Finland,3/24/20,792,1,92,0,17
Finland,3/25/20,880,3,88,2,18
Finland,3/26/20,958,5,78,2,19
Finland,3/27/20,1041,7,83,2,20
Finland,3/28/20,1167,9,126,2,21
Finland,3/29/20,1240,11,73,2,22
Finland,3/30/20,1352,13,112,2,23
Finland,3/31/20,1418,17,66,4,24
Finland,4/1/20,1446,17,28,0,25
Finland,4/2/20,1518,19,72,2,26
Finland,4/3/20,1615,20,97,1,27
Finland,4/4/20,1882,25,267,5,28
Finland,4/5/20,1927,28,45,3,29
Finland,4/6/20,2176,27,249,-1,30
Finland,4/7/20,2308,34,132,7,31
Finland,4/8/20,2487,40,179,6,32
Finland,4/9/20,2605,42,118,2,33
Finland,4/10/20,2769,48,164,6,34
Finland,4/11/20,2905,49,136,1,35
Finland,4/12/20,2974,56,69,7,36
Finland,4/13/20,3064,59,90,3,37
Finland,4/14/20,3161,64,97,5,38
Finland,4/15/20,3237,72,76,8,39
Finland,4/16/20,3369,75,132,3,40
Finland,4/17/20,3489,82,120,7,41
Finland,4/18/20,3681,90,192,8,42
Finland,4/19/20,3783,94,102,4,43
Finland,4/20/20,3868,98,85,4,44
Finland,4/21/20,4014,141,146,43,45
Finland,4/22/20,4129,149,115,8,46
Finland,4/23/20,4284,172,155,23,47
Finland,4/24/20,4395,177,111,5,48
Finland,4/25/20,4475,186,80,9,49
Finland,4/26/20,4576,190,101,4,50
Finland,4/27/20,4695,193,119,3,51
Finland,4/28/20,4740,199,45,6,52
Finland,4/29/20,4906,206,166,7,53
Finland,4/30/20,4995,211,89,5,54
Finland,5/1/20,5051,218,56,7,55
Finland,5/2/20,5176,220,125,2,56
Finland,5/3/20,5254,230,78,10,57
Finland,5/4/20,5327,240,73,10,58
Finland,5/5/20,5412,246,85,6,59
Finland,5/6/20,5573,252,161,6,60
Finland,5/7/20,5673,255,100,3,61
Finland,5/8/20,5738,260,65,5,62
Finland,5/9/20,5880,265,142,5,63
Finland,5/10/20,5962,267,82,2,64
Finland,5/11/20,5984,271,22,4,65
Finland,5/12/20,6003,275,19,4,66
Finland,5/13/20,6054,284,51,9,67
Finland,5/14/20,6145,287,91,3,68
Finland,5/15/20,6228,293,83,6,69
Finland,5/16/20,6286,297,58,4,70
Finland,5/17/20,6347,298,61,1,71
Finland,5/18/20,6380,300,33,2,72
Finland,5/19/20,6399,301,19,1,73
Finland,5/20/20,6443,304,44,3,74
Finland,5/21/20,6493,306,50,2,75
Finland,5/22/20,6537,306,44,0,76
Finland,5/23/20,6568,306,31,0,77
Finland,5/24/20,6579,307,11,1,78
Finland,5/25/20,6599,308,20,1,79
Finland,5/26/20,6628,312,29,4,80
Finland,5/27/20,6692,313,64,1,81
Finland,5/28/20,6743,313,51,0,82
Finland,5/29/20,6776,314,33,1,83
Finland,5/30/20,6826,316,50,2,84
Finland,5/31/20,6859,320,33,4,85
Finland,6/1/20,6885,318,26,-2,86
Finland,6/2/20,6887,320,2,2,87
Finland,6/3/20,6911,321,24,1,88
Finland,6/4/20,6911,322,0,1,89
Finland,6/5/20,6941,322,30,0,90
Finland,6/6/20,6964,322,23,0,91
Finland,6/7/20,6981,323,17,1,92
Finland,6/8/20,7001,323,20,0,93
Finland,6/9/20,7025,324,24,1,94
Finland,6/10/20,7040,324,15,0,95
Finland,6/11/20,7064,325,24,1,96
Finland,6/12/20,7073,325,9,0,97
Finland,6/13/20,7087,325,14,0,98
Finland,6/14/20,7104,326,17,1,99
Finland,6/15/20,7108,326,4,0,100
Finland,6/16/20,7112,326,4,0,101
Finland,6/17/20,7117,326,5,0,102
Finland,6/18/20,7119,326,2,0,103
Finland,6/19/20,7133,326,14,0,104
Finland,6/20/20,7142,326,9,0,105
Finland,6/21/20,7143,326,1,0,106
Finland,6/22/20,7144,327,1,1,107
Finland,6/23/20,7155,327,11,0,108
Finland,6/24/20,7167,327,12,0,109
Finland,6/25/20,7172,327,5,0,110
Finland,6/26/20,7191,328,19,1,111
Finland,6/27/20,7198,328,7,0,112
Finland,6/28/20,7198,328,0,0,113
Finland,6/29/20,7209,328,11,0,114
Finland,6/30/20,7214,328,5,0,115
Finland,7/1/20,7236,328,22,0,116
Finland,7/2/20,7241,328,5,0,117
Finland,7/3/20,7242,329,1,1,118
Finland,7/4/20,7248,329,6,0,119
Finland,7/5/20,7253,329,5,0,120
Finland,7/6/20,7257,329,4,0,121
Finland,7/7/20,7262,329,5,0,122
Finland,7/8/20,7265,329,3,0,123
Finland,7/9/20,7273,329,8,0,124
Finland,7/10/20,7279,329,6,0,125
Finland,7/11/20,7291,329,12,0,126
Finland,7/12/20,7294,329,3,0,127
Finland,7/13/20,7295,329,1,0,128
Finland,7/14/20,7301,329,6,0,129
Finland,7/15/20,7296,328,-5,-1,130
Finland,7/16/20,7293,328,-3,0,131
Finland,7/17/20,7301,328,8,0,132
Finland,7/18/20,7318,328,17,0,133
Finland,7/19/20,7335,328,17,0,134
Finland,7/20/20,7340,328,5,0,135
Finland,7/21/20,7351,328,11,0,136
Finland,7/22/20,7362,328,11,0,137
Finland,7/23/20,7372,328,10,0,138
Finland,7/24/20,7380,329,8,1,139
Finland,7/25/20,7388,329,8,0,140
Finland,7/26/20,7393,329,5,0,141
Finland,7/27/20,7398,329,5,0,142
Finland,7/28/20,7404,329,6,0,143
Finland,7/29/20,7414,329,10,0,144
Finland,7/30/20,7423,329,9,0,145
Finland,7/31/20,7432,329,9,0,146
Finland,8/1/20,7443,329,11,0,147
Finland,8/2/20,7453,329,10,0,148
Finland,8/3/20,7466,329,13,0,149
Finland,8/4/20,7483,331,17,2,150
Finland,8/5/20,7512,331,29,0,151
Finland,8/6/20,7532,331,20,0,152
Finland,8/7/20,7554,331,22,0,153
Finland,8/8/20,7568,331,14,0,154
Finland,8/9/20,7584,331,16,0,155
Finland,8/10/20,7601,333,17,2,156
Finland,8/11/20,7623,333,22,0,157
Finland,8/12/20,7642,333,19,0,158
Finland,8/13/20,7683,333,41,0,159
Finland,8/14/20,7700,333,17,0,160
Finland,8/15/20,7720,333,20,0,161
Finland,8/16/20,7731,333,11,0,162
Finland,8/17/20,7752,334,21,1,163
Finland,8/18/20,7776,334,24,0,164
Finland,8/19/20,7805,334,29,0,165
Finland,8/20/20,7842,334,37,0,166
Finland,8/21/20,7871,334,29,0,167
Finland,8/22/20,7906,334,35,0,168
Finland,8/23/20,7920,334,14,0,169
Finland,8/24/20,7938,335,18,1,170
Finland,8/25/20,7981,335,43,0,171
Finland,8/26/20,8002,335,21,0,172
Finland,8/27/20,8019,335,17,0,173
Finland,8/28/20,8042,335,23,0,174
Finland,8/29/20,8049,335,7,0,175
Finland,8/30/20,8077,335,28,0,176
Finland,8/31/20,8086,336,9,1,177
Finland,9/1/20,8142,336,56,0,178
Finland,9/2/20,8161,336,19,0,179
Finland,9/3/20,8200,336,39,0,180
Finland,9/4/20,8225,336,25,0,181
Finland,9/5/20,8261,336,36,0,182
Finland,9/6/20,8291,336,30,0,183
Finland,9/7/20,8327,336,36,0,184
Finland,9/8/20,8337,336,10,0,185
Finland,9/9/20,8430,337,93,1,186
Finland,9/10/20,8469,337,39,0,187
Finland,9/11/20,8512,337,43,0,188
Finland,9/12/20,8557,337,45,0,189
Finland,9/13/20,8580,337,23,0,190
Finland,9/14/20,8627,337,47,0,191
Finland,9/15/20,8725,339,98,2,192
Finland,9/16/20,8750,339,25,0,193
Finland,9/17/20,8799,339,49,0,194
Finland,9/18/20,8858,339,59,0,195
Finland,9/19/20,8922,339,64,0,196
Finland,9/20/20,8980,339,58,0,197
Finland,9/21/20,9046,341,66,2,198
Finland,9/22/20,9195,341,149,0,199
Finland,9/23/20,9288,343,93,2,200
Finland,9/24/20,9379,343,91,0,201
Finland,9/25/20,9484,343,105,0,202
Finland,9/26/20,9577,343,93,0,203
Finland,9/27/20,9682,343,105,0,204
Finland,9/28/20,9743,345,61,2,205
Finland,9/29/20,9892,345,149,0,206
Finland,9/30/20,9992,344,100,-1,207
Finland,10/1/20,10103,344,111,0,208
Finland,10/2/20,10244,345,141,1,209
Finland,10/3/20,10391,345,147,0,210
Finland,10/4/20,10538,345,147,0,211
Finland,10/5/20,10702,346,164,1,212
Finland,10/6/20,10929,346,227,0,213
Finland,10/7/20,11049,346,120,0,214
Finland,10/8/20,11345,346,296,0,215
Finland,10/9/20,11580,346,235,0,216
Finland,10/10/20,11849,346,269,0,217
Finland,10/11/20,11998,346,149,0,218
Finland,10/12/20,12212,346,214,0,219
Finland,10/13/20,12499,346,287,0,220
Finland,10/14/20,12703,350,204,4,221
Finland,10/15/20,12944,350,241,0,222
Finland,10/16/20,13133,351,189,1,223
Finland,10/17/20,13293,351,160,0,224
Finland,10/18/20,13424,351,131,0,225
Finland,10/19/20,13555,351,131,0,226
Finland,10/20/20,13849,351,294,0,227
Finland,10/21/20,14071,355,222,4,228
Finland,10/22/20,14255,355,184,0,229
Finland,10/23/20,14474,353,219,-2,230
Finland,10/24/20,14652,353,178,0,231
Finland,10/25/20,14848,353,196,0,232
Finland,10/26/20,14970,354,122,1,233
Finland,10/27/20,15163,354,193,0,234
Finland,10/28/20,15378,354,215,0,235
Finland,10/29/20,15566,354,188,0,236
Finland,10/30/20,15910,358,344,4,237
Finland,10/31/20,16113,358,203,0,238
Finland,11/1/20,16291,358,178,0,239
Finland,11/2/20,16400,359,109,1,240
Finland,11/3/20,16637,359,237,0,241
Finland,11/4/20,16930,361,293,2,242
Finland,11/5/20,17119,361,189,0,243
Finland,11/6/20,17385,362,266,1,244
Finland,11/7/20,17385,362,0,0,245
Finland,11/8/20,17797,362,412,0,246
Finland,11/9/20,17887,363,90,1,247
Finland,11/10/20,18107,363,220,0,248
Finland,11/11/20,18345,365,238,2,249
Finland,11/12/20,18542,365,197,0,250
Finland,11/13/20,18858,369,316,4,251
Finland,11/14/20,19102,369,244,0,252
Finland,11/15/20,19315,369,213,0,253
Finland,11/16/20,19419,371,104,2,254
Finland,11/17/20,19647,371,228,0,255
Finland,11/18/20,19935,374,288,3,256
Finland,11/19/20,20286,374,351,0,257
Finland,11/20/20,20747,375,461,1,258
Finland,11/21/20,21216,375,469,0,259
Finland,11/22/20,21639,375,423,0,260
Finland,11/23/20,21936,384,297,9,261
Finland,11/24/20,22289,384,353,0,262
Finland,11/25/20,22652,388,363,4,263
Finland,11/26/20,23148,388,496,0,264
Finland,11/27/20,23766,393,618,5,265
Finland,11/28/20,24307,393,541,0,266
Finland,11/29/20,24629,393,322,0,267
Finland,11/30/20,24912,399,283,6,268
Finland,12/1/20,25462,399,550,0,269
Finland,12/2/20,25882,408,420,9,270
Finland,12/3/20,26422,408,540,0,271
Finland,12/4/20,26758,408,336,0,272
Finland,12/5/20,27218,415,460,7,273
Finland,12/6/20,27631,415,413,0,274
Finland,12/7/20,27881,424,250,9,275
Finland,12/8/20,28242,424,361,0,276
Finland,12/9/20,28732,433,490,9,277
Finland,12/10/20,29572,442,840,9,278
Finland,12/11/20,30073,453,501,11,279
Finland,12/12/20,30450,453,377,0,280
Finland,12/13/20,30810,453,360,0,281
Finland,12/14/20,31110,461,300,8,282
Finland,12/15/20,31459,466,349,5,283
Finland,12/16/20,31870,472,411,6,284
Finland,12/17/20,32228,484,358,12,285
Finland,12/18/20,32582,489,354,5,286
Finland,12/19/20,32853,489,271,0,287
Finland,12/20/20,33162,489,309,0,288
Finland,12/21/20,33414,506,252,17,289
Finland,12/22/20,33717,511,303,5,290
Finland,12/23/20,34084,524,367,13,291
Finland,12/24/20,34447,524,363,0,292
Finland,12/25/20,34648,524,201,0,293
Finland,12/26/20,34821,524,173,0,294
Finland,12/27/20,34977,524,156,0,295
Finland,12/28/20,35137,546,160,22,296
Finland,12/29/20,35420,550,283,4,297
Finland,12/30/20,35858,556,438,6,298
Finland,12/31/20,36107,561,249,5,299
Finland,1/1/21,36403,561,296,0,300
Finland,1/2/21,36604,561,201,0,301
Finland,1/3/21,36772,561,168,0,302
Finland,1/4/21,36919,565,147,4,303
Finland,1/5/21,37218,576,299,11,304
Finland,1/6/21,37549,576,331,0,305
Finland,1/7/21,37772,584,223,8,306
Finland,1/8/21,38068,586,296,2,307
Finland,1/9/21,38392,586,324,0,308
Finland,1/10/21,38590,586,198,0,309
Finland,1/11/21,38790,597,200,11,310
Finland,1/12/21,39011,602,221,5,311
Finland,1/13/21,39335,602,324,0,312
Finland,1/14/21,39593,616,258,14,313
Finland,1/15/21,39911,618,318,2,314
Finland,1/16/21,40101,618,190,0,315
Finland,1/17/21,40337,618,236,0,316
Finland,1/18/21,40505,618,168,0,317
Finland,1/19/21,40722,621,217,3,318
Finland,1/20/21,41166,632,444,11,319
Finland,1/21/21,41565,632,399,0,320
Finland,1/22/21,41915,644,350,12,321
Finland,1/23/21,42334,644,419,0,322
Finland,1/24/21,42580,644,246,0,323
Finland,1/25/21,42772,655,192,11,324
Finland,1/26/21,43120,655,348,0,325
Finland,1/27/21,43616,660,496,5,326
Finland,1/28/21,44039,664,423,4,327
Finland,1/29/21,44402,671,363,7,328
Finland,1/30/21,44871,671,469,0,329
Finland,1/31/21,45238,671,367,0,330
Finland,2/1/21,45482,677,244,6,331
Finland,2/2/21,45784,684,302,7,332
Finland,2/3/21,46049,685,265,1,333
Finland,2/4/21,46493,688,444,3,334
Finland,2/5/21,46894,688,401,0,335
Finland,2/6/21,47262,688,368,0,336
Finland,2/7/21,47616,688,354,0,337
Finland,2/8/21,47969,688,353,0,338
Finland,2/9/21,48407,703,438,15,339
Finland,2/10/21,48807,703,400,0,340
Finland,2/11/21,49165,708,358,5,341
Finland,2/12/21,49572,710,407,2,342
Finland,2/13/21,50007,710,435,0,343
Finland,2/14/21,50319,710,312,0,344
Finland,2/15/21,50662,716,343,6,345
Finland,2/16/21,51047,720,385,4,346
Finland,2/17/21,51595,723,548,3,347
Finland,2/18/21,52209,725,614,2,348
Finland,2/19/21,52653,725,444,0,349
Finland,2/20/21,53285,726,632,1,350
Finland,2/21/21,53742,726,457,0,351
Finland,2/22/21,54132,733,390,7,352
Finland,2/23/21,54532,734,400,1,353
Finland,2/24/21,55122,737,590,3,354
Finland,2/25/21,55687,740,565,3,355
Finland,2/26/21,56407,742,720,2,356
Finland,2/27/21,57052,742,645,0,357
Finland,2/28/21,57672,742,620,0,358
Finland,3/1/21,58064,750,392,8,359
Finland,3/2/21,58645,755,581,5,360
Finland,3/3/21,59442,759,797,4,361
Finland,3/4/21,60200,764,758,5,362
Finland,3/5/21,60904,767,704,3,363
Finland,3/6/21,61552,767,648,0,364
Finland,3/7/21,62063,767,511,0,365
Finland,3/8/21,62522,774,459,7,366
Finland,3/9/21,63110,776,588,2,367
Finland,3/10/21,63889,776,779,0,368
Finland,3/11/21,64609,776,720,0,369
Finland,3/12/21,65315,786,706,10,370
Finland,3/13/21,66006,786,691,0,371
Finland,3/14/21,66869,786,863,0,372
Finland,3/15/21,67334,800,465,14,373
Finland,3/16/21,67851,801,517,1,374
Finland,3/17/21,68693,804,842,3,375
Finland,3/18/21,69497,805,804,1,376
Finland,3/19/21,70267,805,770,0,377
Finland,3/20/21,71123,805,856,0,378
Finland,3/21/21,71643,805,520,0,379
Finland,3/22/21,72073,808,430,3,380
Finland,3/23/21,72713,808,640,0,381
Finland,3/24/21,73516,809,803,1,382
Finland,3/25/21,74242,815,726,6,383
Finland,3/26/21,74754,817,512,2,384
Finland,3/27/21,75545,817,791,0,385
Finland,3/28/21,76003,817,458,0,386
Finland,3/29/21,76425,822,422,5,387
Finland,3/30/21,76845,826,420,4,388
Finland,3/31/21,77452,844,607,18,389
Finland,4/1/21,78106,846,654,2,390
Finland,4/2/21,78672,846,566,0,391
Finland,4/3/21,79094,846,422,0,392
Finland,4/4/21,79396,846,302,0,393
Finland,4/5/21,79737,846,341,0,394
Finland,4/6/21,80068,860,331,14,395
Finland,4/7/21,80416,862,348,2,396
Finland,4/8/21,80842,866,426,4,397
Finland,4/9/21,81261,868,419,2,398
Finland,4/10/21,81707,868,446,0,399
Finland,4/11/21,82053,868,346,0,400
Finland,4/12/21,82278,874,225,6,401
Finland,4/13/21,82564,877,286,3,402
Finland,4/14/21,82964,881,400,4,403
Finland,4/15/21,83253,885,289,4,404
Finland,4/16/21,83633,887,380,2,405
Finland,4/17/21,83633,887,0,0,406
Finland,4/18/21,84131,887,498,0,407
Finland,4/19/21,84287,891,156,4,408
Finland,4/20/21,84501,893,214,2,409
Finland,4/21/21,84797,899,296,6,410
Finland,4/22/21,85077,902,280,3,411
Finland,4/23/21,85344,903,267,1,412
Finland,4/24/21,85607,903,263,0,413
Finland,4/25/21,85804,903,197,0,414
Finland,4/26/21,85937,906,133,3,415
Finland,4/27/21,86161,908,224,2,416
Finland,4/28/21,86405,911,244,3,417
Finland,4/29/21,86613,913,208,2,418
Finland,4/30/21,86808,914,195,1,419
Finland,5/1/21,87096,914,288,0,420
Finland,5/2/21,87228,914,132,0,421
Finland,5/3/21,87345,915,117,1,422
Finland,5/4/21,87529,916,184,1,423
Finland,5/5/21,87798,918,269,2,424
Finland,5/6/21,88078,919,280,1,425
Finland,5/7/21,88332,922,254,3,426
Finland,5/8/21,88561,922,229,0,427
Finland,5/9/21,88723,922,162,0,428
Finland,5/10/21,88866,922,143,0,429
Finland,5/11/21,88990,927,124,5,430
Finland,5/12/21,89270,930,280,3,431
Finland,5/13/21,89532,930,262,0,432
Finland,5/14/21,89686,931,154,1,433
Finland,5/15/21,89878,931,192,0,434
Finland,5/16/21,90105,931,227,0,435
Finland,5/17/21,90249,933,144,2,436
Finland,5/18/21,90398,929,149,-4,437
Finland,5/19/21,90687,929,289,0,438
Finland,5/20/21,90946,929,259,0,439
Finland,5/21/21,91157,932,211,3,440
Finland,5/22/21,91405,932,248,0,441
Finland,5/23/21,91526,932,121,0,442
Finland,5/24/21,91619,939,93,7,443
Finland,5/25/21,91744,942,125,3,444
Finland,5/26/21,91964,946,220,4,445
Finland,5/27/21,92062,946,98,0,446
Finland,5/28/21,92244,948,182,2,447
Finland,5/29/21,92244,948,0,0,448
Finland,5/30/21,92432,948,188,0,449
Finland,5/31/21,92488,956,56,8,450
Finland,6/1/21,92642,956,154,0,451
Finland,6/2/21,92770,959,128,3,452
Finland,6/3/21,92913,959,143,0,453
Finland,6/4/21,93038,959,125,0,454
Finland,6/5/21,93158,959,120,0,455
Finland,6/6/21,93226,959,68,0,456
Finland,6/7/21,93281,959,55,0,457
Finland,6/8/21,93394,959,113,0,458
Finland,6/9/21,93520,959,126,0,459
Finland,6/10/21,93613,964,93,5,460
Finland,6/11/21,93660,964,47,0,461
Finland,6/12/21,93774,964,114,0,462
Finland,6/13/21,93821,964,47,0,463
