country,date,confirmed,deaths,new_confirmed,new_deaths,tagged_day
Guatemala,3/24/20,21,1,1,0,1
Guatemala,3/25/20,24,1,3,0,2
Guatemala,3/26/20,25,1,1,0,3
Guatemala,3/27/20,28,1,3,0,4
Guatemala,3/28/20,34,1,6,0,5
Guatemala,3/29/20,34,1,0,0,6
Guatemala,3/30/20,36,1,2,0,7
Guatemala,3/31/20,38,1,2,0,8
Guatemala,4/1/20,39,1,1,0,9
Guatemala,4/2/20,47,1,8,0,10
Guatemala,4/3/20,50,1,3,0,11
Guatemala,4/4/20,61,2,11,1,12
Guatemala,4/5/20,61,2,0,0,13
Guatemala,4/6/20,70,3,9,1,14
Guatemala,4/7/20,77,3,7,0,15
Guatemala,4/8/20,87,3,10,0,16
Guatemala,4/9/20,95,3,8,0,17
Guatemala,4/10/20,126,3,31,0,18
Guatemala,4/11/20,137,3,11,0,19
Guatemala,4/12/20,155,5,18,2,20
Guatemala,4/13/20,156,5,1,0,21
Guatemala,4/14/20,167,5,11,0,22
Guatemala,4/15/20,180,5,13,0,23
Guatemala,4/16/20,196,5,16,0,24
Guatemala,4/17/20,214,7,18,2,25
Guatemala,4/18/20,235,7,21,0,26
Guatemala,4/19/20,257,7,22,0,27
Guatemala,4/20/20,289,7,32,0,28
Guatemala,4/21/20,294,7,5,0,29
Guatemala,4/22/20,316,8,22,1,30
Guatemala,4/23/20,384,11,68,3,31
Guatemala,4/24/20,430,11,46,0,32
Guatemala,4/25/20,473,13,43,2,33
Guatemala,4/26/20,500,15,27,2,34
Guatemala,4/27/20,530,15,30,0,35
Guatemala,4/28/20,530,15,0,0,36
Guatemala,4/29/20,557,16,27,1,37
Guatemala,4/30/20,599,16,42,0,38
Guatemala,5/1/20,644,16,45,0,39
Guatemala,5/2/20,688,17,44,1,40
Guatemala,5/3/20,703,17,15,0,41
Guatemala,5/4/20,730,19,27,2,42
Guatemala,5/5/20,763,19,33,0,43
Guatemala,5/6/20,798,21,35,2,44
Guatemala,5/7/20,832,23,34,2,45
Guatemala,5/8/20,900,24,68,1,46
Guatemala,5/9/20,967,24,67,0,47
Guatemala,5/10/20,1052,26,85,2,48
Guatemala,5/11/20,1114,26,62,0,49
Guatemala,5/12/20,1199,27,85,1,50
Guatemala,5/13/20,1342,29,143,2,51
Guatemala,5/14/20,1518,29,176,0,52
Guatemala,5/15/20,1643,30,125,1,53
Guatemala,5/16/20,1763,33,120,3,54
Guatemala,5/17/20,1763,33,0,0,55
Guatemala,5/18/20,1912,35,149,2,56
Guatemala,5/19/20,2133,43,221,8,57
Guatemala,5/20/20,2265,45,132,2,58
Guatemala,5/21/20,2512,48,247,3,59
Guatemala,5/22/20,2743,51,231,3,60
Guatemala,5/23/20,3054,55,311,4,61
Guatemala,5/24/20,3424,58,370,3,62
Guatemala,5/25/20,3760,59,336,1,63
Guatemala,5/26/20,3954,63,194,4,64
Guatemala,5/27/20,4145,68,191,5,65
Guatemala,5/28/20,4348,80,203,12,66
Guatemala,5/29/20,4607,90,259,10,67
Guatemala,5/30/20,4739,102,132,12,68
Guatemala,5/31/20,5087,108,348,6,69
Guatemala,6/1/20,5336,116,249,8,70
Guatemala,6/2/20,5586,123,250,7,71
Guatemala,6/3/20,5760,143,174,20,72
Guatemala,6/4/20,6154,158,394,15,73
Guatemala,6/5/20,6485,216,331,58,74
Guatemala,6/6/20,6792,230,307,14,75
Guatemala,6/7/20,7055,252,263,22,76
Guatemala,6/8/20,7502,267,447,15,77
Guatemala,6/9/20,7866,289,364,22,78
Guatemala,6/10/20,8221,316,355,27,79
Guatemala,6/11/20,8561,334,340,18,80
Guatemala,6/12/20,8982,351,421,17,81
Guatemala,6/13/20,9491,367,509,16,82
Guatemala,6/14/20,9845,384,354,17,83
Guatemala,6/15/20,10272,399,427,15,84
Guatemala,6/16/20,10706,418,434,19,85
Guatemala,6/17/20,11251,432,545,14,86
Guatemala,6/18/20,11868,449,617,17,87
Guatemala,6/19/20,12509,483,641,34,88
Guatemala,6/20/20,12755,514,246,31,89
Guatemala,6/21/20,13145,531,390,17,90
Guatemala,6/22/20,13769,547,624,16,91
Guatemala,6/23/20,14540,582,771,35,92
Guatemala,6/24/20,14819,601,279,19,93
Guatemala,6/25/20,15619,623,800,22,94
Guatemala,6/26/20,15828,672,209,49,95
Guatemala,6/27/20,16397,706,569,34,96
Guatemala,6/28/20,16930,727,533,21,97
Guatemala,6/29/20,17409,746,479,19,98
Guatemala,6/30/20,18096,773,687,27,99
Guatemala,7/1/20,19011,817,915,44,100
Guatemala,7/2/20,20072,843,1061,26,101
Guatemala,7/3/20,21293,880,1221,37,102
Guatemala,7/4/20,22501,920,1208,40,103
Guatemala,7/5/20,23248,947,747,27,104
Guatemala,7/6/20,23972,981,724,34,105
Guatemala,7/7/20,24787,1004,815,23,106
Guatemala,7/8/20,25411,1053,624,49,107
Guatemala,7/9/20,26658,1092,1247,39,108
Guatemala,7/10/20,27619,1139,961,47,109
Guatemala,7/11/20,28598,1172,979,33,110
Guatemala,7/12/20,29355,1219,757,47,111
Guatemala,7/13/20,29742,1244,387,25,112
Guatemala,7/14/20,30872,1302,1130,58,113
Guatemala,7/15/20,32074,1350,1202,48,114
Guatemala,7/16/20,32939,1404,865,54,115
Guatemala,7/17/20,33809,1443,870,39,116
Guatemala,7/18/20,38042,1449,4233,6,117
Guatemala,7/19/20,38677,1485,635,36,118
Guatemala,7/20/20,39039,1502,362,17,119
Guatemala,7/21/20,40229,1531,1190,29,120
Guatemala,7/22/20,41135,1573,906,42,121
Guatemala,7/23/20,42192,1632,1057,59,122
Guatemala,7/24/20,43283,1669,1091,37,123
Guatemala,7/25/20,44492,1699,1209,30,124
Guatemala,7/26/20,45053,1734,561,35,125
Guatemala,7/27/20,45309,1761,256,27,126
Guatemala,7/28/20,46451,1782,1142,21,127
Guatemala,7/29/20,47605,1835,1154,53,128
Guatemala,7/30/20,48826,1867,1221,32,129
Guatemala,7/31/20,49789,1924,963,57,130
Guatemala,8/1/20,50979,1959,1190,35,131
Guatemala,8/2/20,51306,1995,327,36,132
Guatemala,8/3/20,51542,2013,236,18,133
Guatemala,8/4/20,52365,2037,823,24,134
Guatemala,8/5/20,53509,2072,1144,35,135
Guatemala,8/6/20,54339,2119,830,47,136
Guatemala,8/7/20,55270,2168,931,49,137
Guatemala,8/8/20,56189,2197,919,29,138
Guatemala,8/9/20,56605,2211,416,14,139
Guatemala,8/10/20,56987,2222,382,11,140
Guatemala,8/11/20,57966,2233,979,11,141
Guatemala,8/12/20,59089,2267,1123,34,142
Guatemala,8/13/20,60284,2296,1195,29,143
Guatemala,8/14/20,61428,2341,1144,45,144
Guatemala,8/15/20,62313,2355,885,14,145
Guatemala,8/16/20,62562,2379,249,24,146
Guatemala,8/17/20,62944,2389,382,10,147
Guatemala,8/18/20,63847,2419,903,30,148
Guatemala,8/19/20,64881,2467,1034,48,149
Guatemala,8/20/20,65983,2506,1102,39,150
Guatemala,8/21/20,66941,2532,958,26,151
Guatemala,8/22/20,67856,2580,915,48,152
Guatemala,8/23/20,68188,2594,332,14,153
Guatemala,8/24/20,68533,2611,345,17,154
Guatemala,8/25/20,69651,2630,1118,19,155
Guatemala,8/26/20,70714,2662,1063,32,156
Guatemala,8/27/20,71856,2685,1142,23,157
Guatemala,8/28/20,72921,2709,1065,24,158
Guatemala,8/29/20,73679,2728,758,19,159
Guatemala,8/30/20,73912,2740,233,12,160
Guatemala,8/31/20,74074,2760,162,20,161
Guatemala,9/1/20,74893,2778,819,18,162
Guatemala,9/2/20,75644,2790,751,12,163
Guatemala,9/3/20,76358,2804,714,14,164
Guatemala,9/4/20,77040,2825,682,21,165
Guatemala,9/5/20,77481,2845,441,20,166
Guatemala,9/6/20,77683,2852,202,7,167
Guatemala,9/7/20,77828,2862,145,10,168
Guatemala,9/8/20,78721,2890,893,28,169
Guatemala,9/9/20,79622,2897,901,7,170
Guatemala,9/10/20,80306,2918,684,21,171
Guatemala,9/11/20,81009,2929,703,11,172
Guatemala,9/12/20,81658,2949,649,20,173
Guatemala,9/13/20,81909,2957,251,8,174
Guatemala,9/14/20,82172,2972,263,15,175
Guatemala,9/15/20,82684,2984,512,12,176
Guatemala,9/16/20,82924,3009,240,25,177
Guatemala,9/17/20,83664,3036,740,27,178
Guatemala,9/18/20,84344,3076,680,40,179
Guatemala,9/19/20,85152,3105,808,29,180
Guatemala,9/20/20,85444,3119,292,14,181
Guatemala,9/21/20,85681,3124,237,5,182
Guatemala,9/22/20,86623,3137,942,13,183
Guatemala,9/23/20,87442,3154,819,17,184
Guatemala,9/24/20,87933,3170,491,16,185
Guatemala,9/25/20,88878,3186,945,16,186
Guatemala,9/26/20,89702,3213,824,27,187
Guatemala,9/27/20,90092,3229,390,16,188
Guatemala,9/28/20,90263,3234,171,5,189
Guatemala,9/29/20,90968,3238,705,4,190
Guatemala,9/30/20,91746,3246,778,8,191
Guatemala,10/1/20,92409,3261,663,15,192
Guatemala,10/2/20,93090,3267,681,6,193
Guatemala,10/3/20,93748,3285,658,18,194
Guatemala,10/4/20,93963,3293,215,8,195
Guatemala,10/5/20,94182,3302,219,9,196
Guatemala,10/6/20,94870,3310,688,8,197
Guatemala,10/7/20,95704,3335,834,25,198
Guatemala,10/8/20,96480,3347,776,12,199
Guatemala,10/9/20,96935,3356,455,9,200
Guatemala,10/10/20,97544,3365,609,9,201
Guatemala,10/11/20,97715,3384,171,19,202
Guatemala,10/12/20,97826,3387,111,3,203
Guatemala,10/13/20,98380,3410,554,23,204
Guatemala,10/14/20,99094,3430,714,20,205
Guatemala,10/15/20,99765,3453,671,23,206
Guatemala,10/16/20,100431,3478,666,25,207
Guatemala,10/17/20,101028,3515,597,37,208
Guatemala,10/18/20,101360,3530,332,15,209
Guatemala,10/19/20,101599,3541,239,11,210
Guatemala,10/20/20,102219,3546,620,5,211
Guatemala,10/21/20,102415,3567,196,21,212
Guatemala,10/22/20,103172,3580,757,13,213
Guatemala,10/23/20,103902,3594,730,14,214
Guatemala,10/24/20,104632,3609,730,15,215
Guatemala,10/25/20,104787,3644,155,35,216
Guatemala,10/26/20,104894,3651,107,7,217
Guatemala,10/27/20,105571,3665,677,14,218
Guatemala,10/28/20,106320,3682,749,17,219
Guatemala,10/29/20,106790,3704,470,22,220
Guatemala,10/30/20,107339,3714,549,10,221
Guatemala,10/31/20,107939,3729,600,15,222
Guatemala,11/1/20,108104,3738,165,9,223
Guatemala,11/2/20,108104,3738,0,0,224
Guatemala,11/3/20,108483,3748,379,10,225
Guatemala,11/4/20,109147,3752,664,4,226
Guatemala,11/5/20,109849,3766,702,14,227
Guatemala,11/6/20,110502,3794,653,28,228
Guatemala,11/7/20,111050,3811,548,17,229
Guatemala,11/8/20,111262,3821,212,10,230
Guatemala,11/9/20,111360,3823,98,2,231
Guatemala,11/10/20,112129,3832,769,9,232
Guatemala,11/11/20,112811,3845,682,13,233
Guatemala,11/12/20,113543,3858,732,13,234
Guatemala,11/13/20,114123,3880,580,22,235
Guatemala,11/14/20,114719,3920,596,40,236
Guatemala,11/15/20,114885,3932,166,12,237
Guatemala,11/16/20,115032,3938,147,6,238
Guatemala,11/17/20,115730,3947,698,9,239
Guatemala,11/18/20,116381,4008,651,61,240
Guatemala,11/19/20,117066,4050,685,42,241
Guatemala,11/20/20,117757,4067,691,17,242
Guatemala,11/21/20,118417,4074,660,7,243
Guatemala,11/22/20,118629,4076,212,2,244
Guatemala,11/23/20,118722,4092,93,16,245
Guatemala,11/24/20,119349,4099,627,7,246
Guatemala,11/25/20,119989,4107,640,8,247
Guatemala,11/26/20,120685,4133,696,26,248
Guatemala,11/27/20,121132,4141,447,8,249
Guatemala,11/28/20,121798,4161,666,20,250
Guatemala,11/29/20,121971,4166,173,5,251
Guatemala,11/30/20,122062,4171,91,5,252
Guatemala,12/1/20,122774,4178,712,7,253
Guatemala,12/2/20,123460,4191,686,13,254
Guatemala,12/3/20,124053,4209,593,18,255
Guatemala,12/4/20,124805,4224,752,15,256
Guatemala,12/5/20,125352,4239,547,15,257
Guatemala,12/6/20,125550,4250,198,11,258
Guatemala,12/7/20,125674,4274,124,24,259
Guatemala,12/8/20,126473,4286,799,12,260
Guatemala,12/9/20,127127,4311,654,25,261
Guatemala,12/10/20,127786,4345,659,34,262
Guatemala,12/11/20,128541,4376,755,31,263
Guatemala,12/12/20,129099,4405,558,29,264
Guatemala,12/13/20,129282,4423,183,18,265
Guatemala,12/14/20,129405,4445,123,22,266
Guatemala,12/15/20,130082,4476,677,31,267
Guatemala,12/16/20,130828,4510,746,34,268
Guatemala,12/17/20,131435,4551,607,41,269
Guatemala,12/18/20,132062,4589,627,38,270
Guatemala,12/19/20,132595,4624,533,35,271
Guatemala,12/20/20,132765,4656,170,32,272
Guatemala,12/21/20,132867,4688,102,32,273
Guatemala,12/22/20,133601,4718,734,30,274
Guatemala,12/23/20,134256,4739,655,21,275
Guatemala,12/24/20,134894,4749,638,10,276
Guatemala,12/25/20,135080,4757,186,8,277
Guatemala,12/26/20,135171,4763,91,6,278
Guatemala,12/27/20,135309,4768,138,5,279
Guatemala,12/28/20,135441,4773,132,5,280
Guatemala,12/29/20,136287,4781,846,8,281
Guatemala,12/30/20,137166,4803,879,22,282
Guatemala,12/31/20,138012,4813,846,10,283
Guatemala,1/1/21,138236,4820,224,7,284
Guatemala,1/2/21,138316,4827,80,7,285
Guatemala,1/3/21,138475,4833,159,6,286
Guatemala,1/4/21,138656,4835,181,2,287
Guatemala,1/5/21,139419,4859,763,24,288
Guatemala,1/6/21,140202,4899,783,40,289
Guatemala,1/7/21,141074,4928,872,29,290
Guatemala,1/8/21,142064,4972,990,44,291
Guatemala,1/9/21,143127,4999,1063,27,292
Guatemala,1/10/21,143243,5025,116,26,293
Guatemala,1/11/21,143243,5025,0,0,294
Guatemala,1/12/21,144982,5080,1739,55,295
Guatemala,1/13/21,145986,5117,1004,37,296
Guatemala,1/14/21,146937,5151,951,34,297
Guatemala,1/15/21,147560,5177,623,26,298
Guatemala,1/16/21,148598,5220,1038,43,299
Guatemala,1/17/21,148888,5254,290,34,300
Guatemala,1/18/21,149146,5278,258,24,301
Guatemala,1/19/21,150277,5313,1131,35,302
Guatemala,1/20/21,151324,5343,1047,30,303
Guatemala,1/21/21,152395,5389,1071,46,304
Guatemala,1/22/21,152956,5420,561,31,305
Guatemala,1/23/21,153890,5456,934,36,306
Guatemala,1/24/21,154212,5465,322,9,307
Guatemala,1/25/21,154430,5469,218,4,308
Guatemala,1/26/21,155459,5486,1029,17,309
Guatemala,1/27/21,156497,5513,1038,27,310
Guatemala,1/28/21,157595,5543,1098,30,311
Guatemala,1/29/21,158336,5582,741,39,312
Guatemala,1/30/21,159118,5618,782,36,313
Guatemala,1/31/21,159504,5643,386,25,314
Guatemala,2/1/21,159632,5673,128,30,315
Guatemala,2/2/21,160299,5709,667,36,316
Guatemala,2/3/21,160966,5736,667,27,317
Guatemala,2/4/21,161665,5785,699,49,318
Guatemala,2/5/21,162295,5816,630,31,319
Guatemala,2/6/21,162937,5854,642,38,320
Guatemala,2/7/21,163137,5884,200,30,321
Guatemala,2/8/21,163247,5922,110,38,322
Guatemala,2/9/21,163993,5955,746,33,323
Guatemala,2/10/21,164746,5989,753,34,324
Guatemala,2/11/21,165532,6023,786,34,325
Guatemala,2/12/21,166283,6057,751,34,326
Guatemala,2/13/21,167071,6094,788,37,327
Guatemala,2/14/21,167279,6124,208,30,328
Guatemala,2/15/21,167383,6150,104,26,329
Guatemala,2/16/21,168103,6158,720,8,330
Guatemala,2/17/21,168880,6164,777,6,331
Guatemala,2/18/21,169610,6186,730,22,332
Guatemala,2/19/21,170275,6220,665,34,333
Guatemala,2/20/21,170931,6249,656,29,334
Guatemala,2/21/21,171170,6282,239,33,335
Guatemala,2/22/21,171289,6306,119,24,336
Guatemala,2/23/21,172072,6315,783,9,337
Guatemala,2/24/21,172764,6327,692,12,338
Guatemala,2/25/21,173142,6334,378,7,339
Guatemala,2/26/21,173814,6348,672,14,340
Guatemala,2/27/21,174335,6374,521,26,341
Guatemala,2/28/21,174542,6393,207,19,342
Guatemala,3/1/21,174653,6402,111,9,343
Guatemala,3/2/21,175411,6412,758,10,344
Guatemala,3/3/21,176250,6427,839,15,345
Guatemala,3/4/21,176876,6435,626,8,346
Guatemala,3/5/21,177716,6455,840,20,347
Guatemala,3/6/21,178337,6467,621,12,348
Guatemala,3/7/21,178560,6473,223,6,349
Guatemala,3/8/21,178770,6479,210,6,350
Guatemala,3/9/21,179563,6493,793,14,351
Guatemala,3/10/21,180393,6522,830,29,352
Guatemala,3/11/21,181143,6531,750,9,353
Guatemala,3/12/21,181974,6546,831,15,354
Guatemala,3/13/21,182679,6571,705,25,355
Guatemala,3/14/21,182881,6568,202,-3,356
Guatemala,3/15/21,183014,6578,133,10,357
Guatemala,3/16/21,183985,6599,971,21,358
Guatemala,3/17/21,184934,6619,949,20,359
Guatemala,3/18/21,185832,6639,898,20,360
Guatemala,3/19/21,186740,6663,908,24,361
Guatemala,3/20/21,187659,6685,919,22,362
Guatemala,3/21/21,187911,6700,252,15,363
Guatemala,3/22/21,188119,6710,208,10,364
Guatemala,3/23/21,189067,6730,948,20,365
Guatemala,3/24/21,190208,6749,1141,19,366
Guatemala,3/25/21,191207,6765,999,16,367
Guatemala,3/26/21,192133,6775,926,10,368
Guatemala,3/27/21,193050,6794,917,19,369
Guatemala,3/28/21,193377,6802,327,8,370
Guatemala,3/29/21,193556,6809,179,7,371
Guatemala,3/30/21,193834,6823,278,14,372
Guatemala,3/31/21,193834,6840,0,17,373
Guatemala,4/1/21,194756,6860,922,20,374
Guatemala,4/2/21,195036,6875,280,15,375
Guatemala,4/3/21,195239,6884,203,9,376
Guatemala,4/4/21,195471,6891,232,7,377
Guatemala,4/5/21,195680,6894,209,3,378
Guatemala,4/6/21,197020,6903,1340,9,379
Guatemala,4/7/21,198374,6928,1354,25,380
Guatemala,4/8/21,199964,6955,1590,27,381
Guatemala,4/9/21,201295,6977,1331,22,382
Guatemala,4/10/21,202640,7001,1345,24,383
Guatemala,4/11/21,203071,7016,431,15,384
Guatemala,4/12/21,203309,7020,238,4,385
Guatemala,4/13/21,205322,7057,2013,37,386
Guatemala,4/14/21,207127,7089,1805,32,387
Guatemala,4/15/21,208694,7120,1567,31,388
Guatemala,4/16/21,210667,7160,1973,40,389
Guatemala,4/17/21,212307,7190,1640,30,390
Guatemala,4/18/21,212734,7221,427,31,391
Guatemala,4/19/21,213049,7241,315,20,392
Guatemala,4/20/21,214700,7279,1651,38,393
Guatemala,4/21/21,216329,7309,1629,30,394
Guatemala,4/22/21,218145,7345,1816,36,395
Guatemala,4/23/21,219789,7374,1644,29,396
Guatemala,4/24/21,221307,7395,1518,21,397
Guatemala,4/25/21,221698,7410,391,15,398
Guatemala,4/26/21,221939,7428,241,18,399
Guatemala,4/27/21,223025,7453,1086,25,400
Guatemala,4/28/21,224621,7478,1596,25,401
Guatemala,4/29/21,226247,7500,1626,22,402
Guatemala,4/30/21,227671,7524,1424,24,403
Guatemala,5/1/21,228477,7543,806,19,404
Guatemala,5/2/21,228684,7558,207,15,405
Guatemala,5/3/21,228871,7578,187,20,406
Guatemala,5/4/21,230095,7606,1224,28,407
Guatemala,5/5/21,231289,7642,1194,36,408
Guatemala,5/6/21,232439,7677,1150,35,409
Guatemala,5/7/21,233696,7695,1257,18,410
Guatemala,5/8/21,234883,7717,1187,22,411
Guatemala,5/9/21,235098,7733,215,16,412
Guatemala,5/10/21,235304,7736,206,3,413
Guatemala,5/11/21,236266,7776,962,40,414
Guatemala,5/12/21,237682,7815,1416,39,415
Guatemala,5/13/21,238787,7832,1105,17,416
Guatemala,5/14/21,240170,7845,1383,13,417
Guatemala,5/15/21,241117,7872,947,27,418
Guatemala,5/16/21,241369,7887,252,15,419
Guatemala,5/17/21,241528,7893,159,6,420
Guatemala,5/18/21,242784,7913,1256,20,421
Guatemala,5/19/21,243833,7928,1049,15,422
Guatemala,5/20/21,245247,7952,1414,24,423
Guatemala,5/21/21,246156,7977,909,25,424
Guatemala,5/22/21,247106,7996,950,19,425
Guatemala,5/23/21,247454,8000,348,4,426
Guatemala,5/24/21,247644,8009,190,9,427
Guatemala,5/25/21,248824,8022,1180,13,428
Guatemala,5/26/21,250296,8058,1472,36,429
Guatemala,5/27/21,251336,8070,1040,12,430
Guatemala,5/28/21,252929,8094,1593,24,431
Guatemala,5/29/21,253837,8121,908,27,432
Guatemala,5/30/21,254225,8137,388,16,433
Guatemala,5/31/21,254417,8165,192,28,434
Guatemala,6/1/21,255833,8183,1416,18,435
Guatemala,6/2/21,257167,8214,1334,31,436
Guatemala,6/3/21,258633,8238,1466,24,437
Guatemala,6/4/21,259954,8258,1321,20,438
Guatemala,6/5/21,261392,8280,1438,22,439
Guatemala,6/6/21,261958,8294,566,14,440
Guatemala,6/7/21,262255,8305,297,11,441
Guatemala,6/8/21,263836,8331,1581,26,442
Guatemala,6/9/21,265662,8361,1826,30,443
Guatemala,6/10/21,267447,8388,1785,27,444
Guatemala,6/11/21,269308,8416,1861,28,445
Guatemala,6/12/21,271131,8439,1823,23,446
Guatemala,6/13/21,271703,8455,572,16,447
