country,date,confirmed,deaths,new_confirmed,new_deaths,tagged_day
Guinea-Bissau,4/7/20,33,0,15,0,1
Guinea-Bissau,4/8/20,33,0,0,0,2
Guinea-Bissau,4/9/20,36,0,3,0,3
Guinea-Bissau,4/10/20,36,0,0,0,4
Guinea-Bissau,4/11/20,38,0,2,0,5
Guinea-Bissau,4/12/20,38,0,0,0,6
Guinea-Bissau,4/13/20,38,0,0,0,7
Guinea-Bissau,4/14/20,38,0,0,0,8
Guinea-Bissau,4/15/20,43,0,5,0,9
Guinea-Bissau,4/16/20,43,0,0,0,10
Guinea-Bissau,4/17/20,43,0,0,0,11
Guinea-Bissau,4/18/20,46,0,3,0,12
Guinea-Bissau,4/19/20,50,0,4,0,13
Guinea-Bissau,4/20/20,50,0,0,0,14
Guinea-Bissau,4/21/20,50,0,0,0,15
Guinea-Bissau,4/22/20,50,0,0,0,16
Guinea-Bissau,4/23/20,50,0,0,0,17
Guinea-Bissau,4/24/20,52,0,2,0,18
Guinea-Bissau,4/25/20,52,0,0,0,19
Guinea-Bissau,4/26/20,53,1,1,1,20
Guinea-Bissau,4/27/20,73,1,20,0,21
Guinea-Bissau,4/28/20,73,1,0,0,22
Guinea-Bissau,4/29/20,205,1,132,0,23
Guinea-Bissau,4/30/20,205,1,0,0,24
Guinea-Bissau,5/1/20,257,1,52,0,25
Guinea-Bissau,5/2/20,257,1,0,0,26
Guinea-Bissau,5/3/20,257,1,0,0,27
Guinea-Bissau,5/4/20,413,1,156,0,28
Guinea-Bissau,5/5/20,413,1,0,0,29
Guinea-Bissau,5/6/20,475,2,62,1,30
Guinea-Bissau,5/7/20,564,2,89,0,31
Guinea-Bissau,5/8/20,594,2,30,0,32
Guinea-Bissau,5/9/20,641,3,47,1,33
Guinea-Bissau,5/10/20,726,3,85,0,34
Guinea-Bissau,5/11/20,761,3,35,0,35
Guinea-Bissau,5/12/20,820,3,59,0,36
Guinea-Bissau,5/13/20,836,3,16,0,37
Guinea-Bissau,5/14/20,913,3,77,0,38
Guinea-Bissau,5/15/20,913,3,0,0,39
Guinea-Bissau,5/16/20,969,4,56,1,40
Guinea-Bissau,5/17/20,990,4,21,0,41
Guinea-Bissau,5/18/20,1032,4,42,0,42
Guinea-Bissau,5/19/20,1038,6,6,2,43
Guinea-Bissau,5/20/20,1089,6,51,0,44
Guinea-Bissau,5/21/20,1109,6,20,0,45
Guinea-Bissau,5/22/20,1114,6,5,0,46
Guinea-Bissau,5/23/20,1114,6,0,0,47
Guinea-Bissau,5/24/20,1114,6,0,0,48
Guinea-Bissau,5/25/20,1178,7,64,1,49
Guinea-Bissau,5/26/20,1178,7,0,0,50
Guinea-Bissau,5/27/20,1195,7,17,0,51
Guinea-Bissau,5/28/20,1195,8,0,1,52
Guinea-Bissau,5/29/20,1256,8,61,0,53
Guinea-Bissau,5/30/20,1256,8,0,0,54
Guinea-Bissau,5/31/20,1256,8,0,0,55
Guinea-Bissau,6/1/20,1339,8,83,0,56
Guinea-Bissau,6/2/20,1339,8,0,0,57
Guinea-Bissau,6/3/20,1339,8,0,0,58
Guinea-Bissau,6/4/20,1339,8,0,0,59
Guinea-Bissau,6/5/20,1368,12,29,4,60
Guinea-Bissau,6/6/20,1368,12,0,0,61
Guinea-Bissau,6/7/20,1368,12,0,0,62
Guinea-Bissau,6/8/20,1389,12,21,0,63
Guinea-Bissau,6/9/20,1389,12,0,0,64
Guinea-Bissau,6/10/20,1389,12,0,0,65
Guinea-Bissau,6/11/20,1389,12,0,0,66
Guinea-Bissau,6/12/20,1460,15,71,3,67
Guinea-Bissau,6/13/20,1460,15,0,0,68
Guinea-Bissau,6/14/20,1460,15,0,0,69
Guinea-Bissau,6/15/20,1492,15,32,0,70
Guinea-Bissau,6/16/20,1492,15,0,0,71
Guinea-Bissau,6/17/20,1492,15,0,0,72
Guinea-Bissau,6/18/20,1492,15,0,0,73
Guinea-Bissau,6/19/20,1541,17,49,2,74
Guinea-Bissau,6/20/20,1541,17,0,0,75
Guinea-Bissau,6/21/20,1541,17,0,0,76
Guinea-Bissau,6/22/20,1556,19,15,2,77
Guinea-Bissau,6/23/20,1556,19,0,0,78
Guinea-Bissau,6/24/20,1556,19,0,0,79
Guinea-Bissau,6/25/20,1556,19,0,0,80
Guinea-Bissau,6/26/20,1614,22,58,3,81
Guinea-Bissau,6/27/20,1614,22,0,0,82
Guinea-Bissau,6/28/20,1614,22,0,0,83
Guinea-Bissau,6/29/20,1654,24,40,2,84
Guinea-Bissau,6/30/20,1654,24,0,0,85
Guinea-Bissau,7/1/20,1654,24,0,0,86
Guinea-Bissau,7/2/20,1654,24,0,0,87
Guinea-Bissau,7/3/20,1765,25,111,1,88
Guinea-Bissau,7/4/20,1765,25,0,0,89
Guinea-Bissau,7/5/20,1765,25,0,0,90
Guinea-Bissau,7/6/20,1790,25,25,0,91
Guinea-Bissau,7/7/20,1790,25,0,0,92
Guinea-Bissau,7/8/20,1790,25,0,0,93
Guinea-Bissau,7/9/20,1790,25,0,0,94
Guinea-Bissau,7/10/20,1842,26,52,1,95
Guinea-Bissau,7/11/20,1842,26,0,0,96
Guinea-Bissau,7/12/20,1842,26,0,0,97
Guinea-Bissau,7/13/20,1842,26,0,0,98
Guinea-Bissau,7/14/20,1842,26,0,0,99
Guinea-Bissau,7/15/20,1842,26,0,0,100
Guinea-Bissau,7/16/20,1902,26,60,0,101
Guinea-Bissau,7/17/20,1927,26,25,0,102
Guinea-Bissau,7/18/20,1949,26,22,0,103
Guinea-Bissau,7/19/20,1949,26,0,0,104
Guinea-Bissau,7/20/20,1949,26,0,0,105
Guinea-Bissau,7/21/20,1954,26,5,0,106
Guinea-Bissau,7/22/20,1954,26,0,0,107
Guinea-Bissau,7/23/20,1954,26,0,0,108
Guinea-Bissau,7/24/20,1954,26,0,0,109
Guinea-Bissau,7/25/20,1954,26,0,0,110
Guinea-Bissau,7/26/20,1954,26,0,0,111
Guinea-Bissau,7/27/20,1954,26,0,0,112
Guinea-Bissau,7/28/20,1954,26,0,0,113
Guinea-Bissau,7/29/20,1954,26,0,0,114
Guinea-Bissau,7/30/20,1981,26,27,0,115
Guinea-Bissau,7/31/20,1981,26,0,0,116
Guinea-Bissau,8/1/20,1981,27,0,1,117
Guinea-Bissau,8/2/20,1981,27,0,0,118
Guinea-Bissau,8/3/20,1981,27,0,0,119
Guinea-Bissau,8/4/20,1981,27,0,0,120
Guinea-Bissau,8/5/20,2032,27,51,0,121
Guinea-Bissau,8/6/20,2032,27,0,0,122
Guinea-Bissau,8/7/20,2032,27,0,0,123
Guinea-Bissau,8/8/20,2052,29,20,2,124
Guinea-Bissau,8/9/20,2052,29,0,0,125
Guinea-Bissau,8/10/20,2052,29,0,0,126
Guinea-Bissau,8/11/20,2088,29,36,0,127
Guinea-Bissau,8/12/20,2088,29,0,0,128
Guinea-Bissau,8/13/20,2088,29,0,0,129
Guinea-Bissau,8/14/20,2088,29,0,0,130
Guinea-Bissau,8/15/20,2117,33,29,4,131
Guinea-Bissau,8/16/20,2117,33,0,0,132
Guinea-Bissau,8/17/20,2117,33,0,0,133
Guinea-Bissau,8/18/20,2117,33,0,0,134
Guinea-Bissau,8/19/20,2117,33,0,0,135
Guinea-Bissau,8/20/20,2149,33,32,0,136
Guinea-Bissau,8/21/20,2149,33,0,0,137
Guinea-Bissau,8/22/20,2149,33,0,0,138
Guinea-Bissau,8/23/20,2149,33,0,0,139
Guinea-Bissau,8/24/20,2149,33,0,0,140
Guinea-Bissau,8/25/20,2149,33,0,0,141
Guinea-Bissau,8/26/20,2205,34,56,1,142
Guinea-Bissau,8/27/20,2205,34,0,0,143
Guinea-Bissau,8/28/20,2205,34,0,0,144
Guinea-Bissau,8/29/20,2205,34,0,0,145
Guinea-Bissau,8/30/20,2205,34,0,0,146
Guinea-Bissau,8/31/20,2205,34,0,0,147
Guinea-Bissau,9/1/20,2205,34,0,0,148
Guinea-Bissau,9/2/20,2205,34,0,0,149
Guinea-Bissau,9/3/20,2205,34,0,0,150
Guinea-Bissau,9/4/20,2245,38,40,4,151
Guinea-Bissau,9/5/20,2245,38,0,0,152
Guinea-Bissau,9/6/20,2245,38,0,0,153
Guinea-Bissau,9/7/20,2245,38,0,0,154
Guinea-Bissau,9/8/20,2245,38,0,0,155
Guinea-Bissau,9/9/20,2245,38,0,0,156
Guinea-Bissau,9/10/20,2275,39,30,1,157
Guinea-Bissau,9/11/20,2275,39,0,0,158
Guinea-Bissau,9/12/20,2275,39,0,0,159
Guinea-Bissau,9/13/20,2275,39,0,0,160
Guinea-Bissau,9/14/20,2275,39,0,0,161
Guinea-Bissau,9/15/20,2275,39,0,0,162
Guinea-Bissau,9/16/20,2275,39,0,0,163
Guinea-Bissau,9/17/20,2275,39,0,0,164
Guinea-Bissau,9/18/20,2303,39,28,0,165
Guinea-Bissau,9/19/20,2303,39,0,0,166
Guinea-Bissau,9/20/20,2303,39,0,0,167
Guinea-Bissau,9/21/20,2303,39,0,0,168
Guinea-Bissau,9/22/20,2324,39,21,0,169
Guinea-Bissau,9/23/20,2324,39,0,0,170
Guinea-Bissau,9/24/20,2324,39,0,0,171
Guinea-Bissau,9/25/20,2324,39,0,0,172
Guinea-Bissau,9/26/20,2324,39,0,0,173
Guinea-Bissau,9/27/20,2324,39,0,0,174
Guinea-Bissau,9/28/20,2324,39,0,0,175
Guinea-Bissau,9/29/20,2324,39,0,0,176
Guinea-Bissau,9/30/20,2324,39,0,0,177
Guinea-Bissau,10/1/20,2324,39,0,0,178
Guinea-Bissau,10/2/20,2362,39,38,0,179
Guinea-Bissau,10/3/20,2362,39,0,0,180
Guinea-Bissau,10/4/20,2362,39,0,0,181
Guinea-Bissau,10/5/20,2385,40,23,1,182
Guinea-Bissau,10/6/20,2385,40,0,0,183
Guinea-Bissau,10/7/20,2385,40,0,0,184
Guinea-Bissau,10/8/20,2385,40,0,0,185
Guinea-Bissau,10/9/20,2385,40,0,0,186
Guinea-Bissau,10/10/20,2385,40,0,0,187
Guinea-Bissau,10/11/20,2385,40,0,0,188
Guinea-Bissau,10/12/20,2389,41,4,1,189
Guinea-Bissau,10/13/20,2389,41,0,0,190
Guinea-Bissau,10/14/20,2389,41,0,0,191
Guinea-Bissau,10/15/20,2389,41,0,0,192
Guinea-Bissau,10/16/20,2389,41,0,0,193
Guinea-Bissau,10/17/20,2389,41,0,0,194
Guinea-Bissau,10/18/20,2389,41,0,0,195
Guinea-Bissau,10/19/20,2403,41,14,0,196
Guinea-Bissau,10/20/20,2403,41,0,0,197
Guinea-Bissau,10/21/20,2403,41,0,0,198
Guinea-Bissau,10/22/20,2403,41,0,0,199
Guinea-Bissau,10/23/20,2403,41,0,0,200
Guinea-Bissau,10/24/20,2403,41,0,0,201
Guinea-Bissau,10/25/20,2403,41,0,0,202
Guinea-Bissau,10/26/20,2403,41,0,0,203
Guinea-Bissau,10/27/20,2403,41,0,0,204
Guinea-Bissau,10/28/20,2403,41,0,0,205
Guinea-Bissau,10/29/20,2403,41,0,0,206
Guinea-Bissau,10/30/20,2403,41,0,0,207
Guinea-Bissau,10/31/20,2413,41,10,0,208
Guinea-Bissau,11/1/20,2413,41,0,0,209
Guinea-Bissau,11/2/20,2413,41,0,0,210
Guinea-Bissau,11/3/20,2413,41,0,0,211
Guinea-Bissau,11/4/20,2414,42,1,1,212
Guinea-Bissau,11/5/20,2414,42,0,0,213
Guinea-Bissau,11/6/20,2414,42,0,0,214
Guinea-Bissau,11/7/20,2414,42,0,0,215
Guinea-Bissau,11/8/20,2414,42,0,0,216
Guinea-Bissau,11/9/20,2419,43,5,1,217
Guinea-Bissau,11/10/20,2419,43,0,0,218
Guinea-Bissau,11/11/20,2419,43,0,0,219
Guinea-Bissau,11/12/20,2419,43,0,0,220
Guinea-Bissau,11/13/20,2419,43,0,0,221
Guinea-Bissau,11/14/20,2419,43,0,0,222
Guinea-Bissau,11/15/20,2419,43,0,0,223
Guinea-Bissau,11/16/20,2419,43,0,0,224
Guinea-Bissau,11/17/20,2419,43,0,0,225
Guinea-Bissau,11/18/20,2421,43,2,0,226
Guinea-Bissau,11/19/20,2421,43,0,0,227
Guinea-Bissau,11/20/20,2421,43,0,0,228
Guinea-Bissau,11/21/20,2421,43,0,0,229
Guinea-Bissau,11/22/20,2421,43,0,0,230
Guinea-Bissau,11/23/20,2422,43,1,0,231
Guinea-Bissau,11/24/20,2422,43,0,0,232
Guinea-Bissau,11/25/20,2422,43,0,0,233
Guinea-Bissau,11/26/20,2422,43,0,0,234
Guinea-Bissau,11/27/20,2422,43,0,0,235
Guinea-Bissau,11/28/20,2422,43,0,0,236
Guinea-Bissau,11/29/20,2422,43,0,0,237
Guinea-Bissau,11/30/20,2441,44,19,1,238
Guinea-Bissau,12/1/20,2441,44,0,0,239
Guinea-Bissau,12/2/20,2441,44,0,0,240
Guinea-Bissau,12/3/20,2441,44,0,0,241
Guinea-Bissau,12/4/20,2441,44,0,0,242
Guinea-Bissau,12/5/20,2441,44,0,0,243
Guinea-Bissau,12/6/20,2441,44,0,0,244
Guinea-Bissau,12/7/20,2444,44,3,0,245
Guinea-Bissau,12/8/20,2444,44,0,0,246
Guinea-Bissau,12/9/20,2444,44,0,0,247
Guinea-Bissau,12/10/20,2444,44,0,0,248
Guinea-Bissau,12/11/20,2444,44,0,0,249
Guinea-Bissau,12/12/20,2444,44,0,0,250
Guinea-Bissau,12/13/20,2444,44,0,0,251
Guinea-Bissau,12/14/20,2444,44,0,0,252
Guinea-Bissau,12/15/20,2447,44,3,0,253
Guinea-Bissau,12/16/20,2447,44,0,0,254
Guinea-Bissau,12/17/20,2447,44,0,0,255
Guinea-Bissau,12/18/20,2447,44,0,0,256
Guinea-Bissau,12/19/20,2447,44,0,0,257
Guinea-Bissau,12/20/20,2447,44,0,0,258
Guinea-Bissau,12/21/20,2447,44,0,0,259
Guinea-Bissau,12/22/20,2447,45,0,1,260
Guinea-Bissau,12/23/20,2447,45,0,0,261
Guinea-Bissau,12/24/20,2447,45,0,0,262
Guinea-Bissau,12/25/20,2447,45,0,0,263
Guinea-Bissau,12/26/20,2447,45,0,0,264
Guinea-Bissau,12/27/20,2447,45,0,0,265
Guinea-Bissau,12/28/20,2447,45,0,0,266
Guinea-Bissau,12/29/20,2452,45,5,0,267
Guinea-Bissau,12/30/20,2452,45,0,0,268
Guinea-Bissau,12/31/20,2452,45,0,0,269
Guinea-Bissau,1/1/21,2452,45,0,0,270
Guinea-Bissau,1/2/21,2452,45,0,0,271
Guinea-Bissau,1/3/21,2455,45,3,0,272
Guinea-Bissau,1/4/21,2455,45,0,0,273
Guinea-Bissau,1/5/21,2455,45,0,0,274
Guinea-Bissau,1/6/21,2455,45,0,0,275
Guinea-Bissau,1/7/21,2455,45,0,0,276
Guinea-Bissau,1/8/21,2455,45,0,0,277
Guinea-Bissau,1/9/21,2455,45,0,0,278
Guinea-Bissau,1/10/21,2478,45,23,0,279
Guinea-Bissau,1/11/21,2478,45,0,0,280
Guinea-Bissau,1/12/21,2478,45,0,0,281
Guinea-Bissau,1/13/21,2478,45,0,0,282
Guinea-Bissau,1/14/21,2478,45,0,0,283
Guinea-Bissau,1/15/21,2478,45,0,0,284
Guinea-Bissau,1/16/21,2478,45,0,0,285
Guinea-Bissau,1/17/21,2509,45,31,0,286
Guinea-Bissau,1/18/21,2509,45,0,0,287
Guinea-Bissau,1/19/21,2510,45,1,0,288
Guinea-Bissau,1/20/21,2510,45,0,0,289
Guinea-Bissau,1/21/21,2510,45,0,0,290
Guinea-Bissau,1/22/21,2510,45,0,0,291
Guinea-Bissau,1/23/21,2510,45,0,0,292
Guinea-Bissau,1/24/21,2532,45,22,0,293
Guinea-Bissau,1/25/21,2532,45,0,0,294
Guinea-Bissau,1/26/21,2532,45,0,0,295
Guinea-Bissau,1/27/21,2532,45,0,0,296
Guinea-Bissau,1/28/21,2532,45,0,0,297
Guinea-Bissau,1/29/21,2532,45,0,0,298
Guinea-Bissau,1/30/21,2532,45,0,0,299
Guinea-Bissau,1/31/21,2634,45,102,0,300
Guinea-Bissau,2/1/21,2634,45,0,0,301
Guinea-Bissau,2/2/21,2634,45,0,0,302
Guinea-Bissau,2/3/21,2662,45,28,0,303
Guinea-Bissau,2/4/21,2662,46,0,1,304
Guinea-Bissau,2/5/21,2752,46,90,0,305
Guinea-Bissau,2/6/21,2772,46,20,0,306
Guinea-Bissau,2/7/21,2780,46,8,0,307
Guinea-Bissau,2/8/21,2780,46,0,0,308
Guinea-Bissau,2/9/21,2810,46,30,0,309
Guinea-Bissau,2/10/21,2826,46,16,0,310
Guinea-Bissau,2/11/21,2848,46,22,0,311
Guinea-Bissau,2/12/21,2869,46,21,0,312
Guinea-Bissau,2/13/21,2885,46,16,0,313
Guinea-Bissau,2/14/21,2924,46,39,0,314
Guinea-Bissau,2/15/21,2924,46,0,0,315
Guinea-Bissau,2/16/21,2950,46,26,0,316
Guinea-Bissau,2/17/21,2999,46,49,0,317
Guinea-Bissau,2/18/21,3025,46,26,0,318
Guinea-Bissau,2/19/21,3064,46,39,0,319
Guinea-Bissau,2/20/21,3091,46,27,0,320
Guinea-Bissau,2/21/21,3115,47,24,1,321
Guinea-Bissau,2/22/21,3115,47,0,0,322
Guinea-Bissau,2/23/21,3156,47,41,0,323
Guinea-Bissau,2/24/21,3171,48,15,1,324
Guinea-Bissau,2/25/21,3215,48,44,0,325
Guinea-Bissau,2/26/21,3241,48,26,0,326
Guinea-Bissau,2/27/21,3247,48,6,0,327
Guinea-Bissau,2/28/21,3262,48,15,0,328
Guinea-Bissau,3/1/21,3262,48,0,0,329
Guinea-Bissau,3/2/21,3271,48,9,0,330
Guinea-Bissau,3/3/21,3282,48,11,0,331
Guinea-Bissau,3/4/21,3301,49,19,1,332
Guinea-Bissau,3/5/21,3303,49,2,0,333
Guinea-Bissau,3/6/21,3312,49,9,0,334
Guinea-Bissau,3/7/21,3312,49,0,0,335
Guinea-Bissau,3/8/21,3312,49,0,0,336
Guinea-Bissau,3/9/21,3319,49,7,0,337
Guinea-Bissau,3/10/21,3327,51,8,2,338
Guinea-Bissau,3/11/21,3380,51,53,0,339
Guinea-Bissau,3/12/21,3398,52,18,1,340
Guinea-Bissau,3/13/21,3436,52,38,0,341
Guinea-Bissau,3/14/21,3447,52,11,0,342
Guinea-Bissau,3/15/21,3447,52,0,0,343
Guinea-Bissau,3/16/21,3469,52,22,0,344
Guinea-Bissau,3/17/21,3488,54,19,2,345
Guinea-Bissau,3/18/21,3518,54,30,0,346
Guinea-Bissau,3/19/21,3536,55,18,1,347
Guinea-Bissau,3/20/21,3558,55,22,0,348
Guinea-Bissau,3/21/21,3568,55,10,0,349
Guinea-Bissau,3/22/21,3568,55,0,0,350
Guinea-Bissau,3/23/21,3586,56,18,1,351
Guinea-Bissau,3/24/21,3591,56,5,0,352
Guinea-Bissau,3/25/21,3607,61,16,5,353
Guinea-Bissau,3/26/21,3615,61,8,0,354
Guinea-Bissau,3/27/21,3630,61,15,0,355
Guinea-Bissau,3/28/21,3634,61,4,0,356
Guinea-Bissau,3/29/21,3634,61,0,0,357
Guinea-Bissau,3/30/21,3647,61,13,0,358
Guinea-Bissau,3/31/21,3650,63,3,2,359
Guinea-Bissau,4/1/21,3661,63,11,0,360
Guinea-Bissau,4/2/21,3661,65,0,2,361
Guinea-Bissau,4/3/21,3661,65,0,0,362
Guinea-Bissau,4/4/21,3662,66,1,1,363
Guinea-Bissau,4/5/21,3662,66,0,0,364
Guinea-Bissau,4/6/21,3662,66,0,0,365
Guinea-Bissau,4/7/21,3663,66,1,0,366
Guinea-Bissau,4/8/21,3664,66,1,0,367
Guinea-Bissau,4/9/21,3675,66,11,0,368
Guinea-Bissau,4/10/21,3678,66,3,0,369
Guinea-Bissau,4/11/21,3680,66,2,0,370
Guinea-Bissau,4/12/21,3680,66,0,0,371
Guinea-Bissau,4/13/21,3693,66,13,0,372
Guinea-Bissau,4/14/21,3694,66,1,0,373
Guinea-Bissau,4/15/21,3706,66,12,0,374
Guinea-Bissau,4/16/21,3710,66,4,0,375
Guinea-Bissau,4/17/21,3710,66,0,0,376
Guinea-Bissau,4/18/21,3712,66,2,0,377
Guinea-Bissau,4/19/21,3712,66,0,0,378
Guinea-Bissau,4/20/21,3713,66,1,0,379
Guinea-Bissau,4/21/21,3713,66,0,0,380
Guinea-Bissau,4/22/21,3721,66,8,0,381
Guinea-Bissau,4/23/21,3722,66,1,0,382
Guinea-Bissau,4/24/21,3724,67,2,1,383
Guinea-Bissau,4/25/21,3726,67,2,0,384
Guinea-Bissau,4/26/21,3726,67,0,0,385
Guinea-Bissau,4/27/21,3731,67,5,0,386
Guinea-Bissau,4/28/21,3731,67,0,0,387
Guinea-Bissau,4/29/21,3733,67,2,0,388
Guinea-Bissau,4/30/21,3734,67,1,0,389
Guinea-Bissau,5/1/21,3736,67,2,0,390
Guinea-Bissau,5/2/21,3736,67,0,0,391
Guinea-Bissau,5/3/21,3736,67,0,0,392
Guinea-Bissau,5/4/21,3737,67,1,0,393
Guinea-Bissau,5/5/21,3738,67,1,0,394
Guinea-Bissau,5/6/21,3738,67,0,0,395
Guinea-Bissau,5/7/21,3739,67,1,0,396
Guinea-Bissau,5/8/21,3739,67,0,0,397
Guinea-Bissau,5/9/21,3741,67,2,0,398
Guinea-Bissau,5/10/21,3741,67,0,0,399
Guinea-Bissau,5/11/21,3741,67,0,0,400
Guinea-Bissau,5/12/21,3741,67,0,0,401
Guinea-Bissau,5/13/21,3743,67,2,0,402
Guinea-Bissau,5/14/21,3745,67,2,0,403
Guinea-Bissau,5/15/21,3746,67,1,0,404
Guinea-Bissau,5/16/21,3746,67,0,0,405
Guinea-Bissau,5/17/21,3746,67,0,0,406
Guinea-Bissau,5/18/21,3746,67,0,0,407
Guinea-Bissau,5/19/21,3746,68,0,1,408
Guinea-Bissau,5/20/21,3746,68,0,0,409
Guinea-Bissau,5/21/21,3749,68,3,0,410
Guinea-Bissau,5/22/21,3749,68,0,0,411
Guinea-Bissau,5/23/21,3751,68,2,0,412
Guinea-Bissau,5/24/21,3751,68,0,0,413
Guinea-Bissau,5/25/21,3753,68,2,0,414
Guinea-Bissau,5/26/21,3753,68,0,0,415
Guinea-Bissau,5/27/21,3756,68,3,0,416
Guinea-Bissau,5/28/21,3760,68,4,0,417
Guinea-Bissau,5/29/21,3761,68,1,0,418
Guinea-Bissau,5/30/21,3766,68,5,0,419
Guinea-Bissau,5/31/21,3766,68,0,0,420
Guinea-Bissau,6/1/21,3770,68,4,0,421
Guinea-Bissau,6/2/21,3783,68,13,0,422
Guinea-Bissau,6/3/21,3784,68,1,0,423
Guinea-Bissau,6/4/21,3787,68,3,0,424
Guinea-Bissau,6/5/21,3787,68,0,0,425
Guinea-Bissau,6/6/21,3787,68,0,0,426
Guinea-Bissau,6/7/21,3787,68,0,0,427
Guinea-Bissau,6/8/21,3790,68,3,0,428
Guinea-Bissau,6/9/21,3794,68,4,0,429
Guinea-Bissau,6/10/21,3800,68,6,0,430
Guinea-Bissau,6/11/21,3802,69,2,1,431
Guinea-Bissau,6/12/21,3802,69,0,0,432
Guinea-Bissau,6/13/21,3803,69,1,0,433
