country,date,confirmed,deaths,new_confirmed,new_deaths,tagged_day
Iceland,3/4/20,26,0,15,0,1
Iceland,3/5/20,34,0,8,0,2
Iceland,3/6/20,43,0,9,0,3
Iceland,3/7/20,50,0,7,0,4
Iceland,3/8/20,50,0,0,0,5
Iceland,3/9/20,58,0,8,0,6
Iceland,3/10/20,69,0,11,0,7
Iceland,3/11/20,85,0,16,0,8
Iceland,3/12/20,103,0,18,0,9
Iceland,3/13/20,134,0,31,0,10
Iceland,3/14/20,156,0,22,0,11
Iceland,3/15/20,171,5,15,5,12
Iceland,3/16/20,180,0,9,-5,13
Iceland,3/17/20,220,1,40,1,14
Iceland,3/18/20,250,1,30,0,15
Iceland,3/19/20,330,1,80,0,16
Iceland,3/20/20,409,0,79,-1,17
Iceland,3/21/20,473,1,64,1,18
Iceland,3/22/20,568,1,95,0,19
Iceland,3/23/20,588,1,20,0,20
Iceland,3/24/20,648,2,60,1,21
Iceland,3/25/20,737,2,89,0,22
Iceland,3/26/20,802,2,65,0,23
Iceland,3/27/20,890,2,88,0,24
Iceland,3/28/20,963,2,73,0,25
Iceland,3/29/20,1020,2,57,0,26
Iceland,3/30/20,1086,2,66,0,27
Iceland,3/31/20,1135,2,49,0,28
Iceland,4/1/20,1220,2,85,0,29
Iceland,4/2/20,1319,4,99,2,30
Iceland,4/3/20,1364,4,45,0,31
Iceland,4/4/20,1417,4,53,0,32
Iceland,4/5/20,1486,4,69,0,33
Iceland,4/6/20,1562,6,76,2,34
Iceland,4/7/20,1586,6,24,0,35
Iceland,4/8/20,1616,6,30,0,36
Iceland,4/9/20,1648,6,32,0,37
Iceland,4/10/20,1675,7,27,1,38
Iceland,4/11/20,1689,8,14,1,39
Iceland,4/12/20,1701,8,12,0,40
Iceland,4/13/20,1711,8,10,0,41
Iceland,4/14/20,1720,8,9,0,42
Iceland,4/15/20,1727,8,7,0,43
Iceland,4/16/20,1739,8,12,0,44
Iceland,4/17/20,1754,9,15,1,45
Iceland,4/18/20,1760,9,6,0,46
Iceland,4/19/20,1771,9,11,0,47
Iceland,4/20/20,1773,10,2,1,48
Iceland,4/21/20,1778,10,5,0,49
Iceland,4/22/20,1785,10,7,0,50
Iceland,4/23/20,1789,10,4,0,51
Iceland,4/24/20,1789,10,0,0,52
Iceland,4/25/20,1790,10,1,0,53
Iceland,4/26/20,1792,10,2,0,54
Iceland,4/27/20,1792,10,0,0,55
Iceland,4/28/20,1795,10,3,0,56
Iceland,4/29/20,1797,10,2,0,57
Iceland,4/30/20,1797,10,0,0,58
Iceland,5/1/20,1798,10,1,0,59
Iceland,5/2/20,1798,10,0,0,60
Iceland,5/3/20,1799,10,1,0,61
Iceland,5/4/20,1799,10,0,0,62
Iceland,5/5/20,1799,10,0,0,63
Iceland,5/6/20,1799,10,0,0,64
Iceland,5/7/20,1801,10,2,0,65
Iceland,5/8/20,1801,10,0,0,66
Iceland,5/9/20,1801,10,0,0,67
Iceland,5/10/20,1801,10,0,0,68
Iceland,5/11/20,1801,10,0,0,69
Iceland,5/12/20,1801,10,0,0,70
Iceland,5/13/20,1802,10,1,0,71
Iceland,5/14/20,1802,10,0,0,72
Iceland,5/15/20,1802,10,0,0,73
Iceland,5/16/20,1802,10,0,0,74
Iceland,5/17/20,1802,10,0,0,75
Iceland,5/18/20,1802,10,0,0,76
Iceland,5/19/20,1802,10,0,0,77
Iceland,5/20/20,1803,10,1,0,78
Iceland,5/21/20,1803,10,0,0,79
Iceland,5/22/20,1803,10,0,0,80
Iceland,5/23/20,1804,10,1,0,81
Iceland,5/24/20,1804,10,0,0,82
Iceland,5/25/20,1804,10,0,0,83
Iceland,5/26/20,1804,10,0,0,84
Iceland,5/27/20,1805,10,1,0,85
Iceland,5/28/20,1805,10,0,0,86
Iceland,5/29/20,1805,10,0,0,87
Iceland,5/30/20,1806,10,1,0,88
Iceland,5/31/20,1806,10,0,0,89
Iceland,6/1/20,1806,10,0,0,90
Iceland,6/2/20,1806,10,0,0,91
Iceland,6/3/20,1806,10,0,0,92
Iceland,6/4/20,1806,10,0,0,93
Iceland,6/5/20,1806,10,0,0,94
Iceland,6/6/20,1806,10,0,0,95
Iceland,6/7/20,1807,10,1,0,96
Iceland,6/8/20,1807,10,0,0,97
Iceland,6/9/20,1807,10,0,0,98
Iceland,6/10/20,1807,10,0,0,99
Iceland,6/11/20,1807,10,0,0,100
Iceland,6/12/20,1807,10,0,0,101
Iceland,6/13/20,1808,10,1,0,102
Iceland,6/14/20,1810,10,2,0,103
Iceland,6/15/20,1811,10,1,0,104
Iceland,6/16/20,1812,10,1,0,105
Iceland,6/17/20,1812,10,0,0,106
Iceland,6/18/20,1814,10,2,0,107
Iceland,6/19/20,1815,10,1,0,108
Iceland,6/20/20,1815,10,0,0,109
Iceland,6/21/20,1815,10,0,0,110
Iceland,6/22/20,1815,10,0,0,111
Iceland,6/23/20,1815,10,0,0,112
Iceland,6/24/20,1817,10,2,0,113
Iceland,6/25/20,1818,10,1,0,114
Iceland,6/26/20,1820,10,2,0,115
Iceland,6/27/20,1820,10,0,0,116
Iceland,6/28/20,1821,10,1,0,117
Iceland,6/29/20,1822,10,1,0,118
Iceland,6/30/20,1824,10,2,0,119
Iceland,7/1/20,1825,10,1,0,120
Iceland,7/2/20,1830,10,5,0,121
Iceland,7/3/20,1830,10,0,0,122
Iceland,7/4/20,1830,10,0,0,123
Iceland,7/5/20,1830,10,0,0,124
Iceland,7/6/20,1832,10,2,0,125
Iceland,7/7/20,1833,10,1,0,126
Iceland,7/8/20,1833,10,0,0,127
Iceland,7/9/20,1833,10,0,0,128
Iceland,7/10/20,1833,10,0,0,129
Iceland,7/11/20,1833,10,0,0,130
Iceland,7/12/20,1833,10,0,0,131
Iceland,7/13/20,1833,10,0,0,132
Iceland,7/14/20,1835,10,2,0,133
Iceland,7/15/20,1835,10,0,0,134
Iceland,7/16/20,1836,10,1,0,135
Iceland,7/17/20,1836,10,0,0,136
Iceland,7/18/20,1838,10,2,0,137
Iceland,7/19/20,1839,10,1,0,138
Iceland,7/20/20,1839,10,0,0,139
Iceland,7/21/20,1839,10,0,0,140
Iceland,7/22/20,1840,10,1,0,141
Iceland,7/23/20,1841,10,1,0,142
Iceland,7/24/20,1843,10,2,0,143
Iceland,7/25/20,1843,10,0,0,144
Iceland,7/26/20,1847,10,4,0,145
Iceland,7/27/20,1854,10,7,0,146
Iceland,7/28/20,1857,10,3,0,147
Iceland,7/29/20,1861,10,4,0,148
Iceland,7/30/20,1872,10,11,0,149
Iceland,7/31/20,1885,10,13,0,150
Iceland,8/1/20,1893,10,8,0,151
Iceland,8/2/20,1907,10,14,0,152
Iceland,8/3/20,1915,10,8,0,153
Iceland,8/4/20,1918,10,3,0,154
Iceland,8/5/20,1926,10,8,0,155
Iceland,8/6/20,1932,10,6,0,156
Iceland,8/7/20,1952,10,20,0,157
Iceland,8/8/20,1955,10,3,0,158
Iceland,8/9/20,1958,10,3,0,159
Iceland,8/10/20,1962,10,4,0,160
Iceland,8/11/20,1968,10,6,0,161
Iceland,8/12/20,1972,10,4,0,162
Iceland,8/13/20,1976,10,4,0,163
Iceland,8/14/20,1983,10,7,0,164
Iceland,8/15/20,1999,10,16,0,165
Iceland,8/16/20,2011,10,12,0,166
Iceland,8/17/20,2014,10,3,0,167
Iceland,8/18/20,2027,10,13,0,168
Iceland,8/19/20,2035,10,8,0,169
Iceland,8/20/20,2040,10,5,0,170
Iceland,8/21/20,2050,10,10,0,171
Iceland,8/22/20,2058,10,8,0,172
Iceland,8/23/20,2064,10,6,0,173
Iceland,8/24/20,2073,10,9,0,174
Iceland,8/25/20,2077,10,4,0,175
Iceland,8/26/20,2082,10,5,0,176
Iceland,8/27/20,2087,10,5,0,177
Iceland,8/28/20,2092,10,5,0,178
Iceland,8/29/20,2100,10,8,0,179
Iceland,8/30/20,2105,10,5,0,180
Iceland,8/31/20,2107,10,2,0,181
Iceland,9/1/20,2116,10,9,0,182
Iceland,9/2/20,2121,10,5,0,183
Iceland,9/3/20,2128,10,7,0,184
Iceland,9/4/20,2135,10,7,0,185
Iceland,9/5/20,2136,10,1,0,186
Iceland,9/6/20,2141,10,5,0,187
Iceland,9/7/20,2143,10,2,0,188
Iceland,9/8/20,2150,10,7,0,189
Iceland,9/9/20,2153,10,3,0,190
Iceland,9/10/20,2157,10,4,0,191
Iceland,9/11/20,2161,10,4,0,192
Iceland,9/12/20,2162,10,1,0,193
Iceland,9/13/20,2165,10,3,0,194
Iceland,9/14/20,2168,10,3,0,195
Iceland,9/15/20,2174,10,6,0,196
Iceland,9/16/20,2189,10,15,0,197
Iceland,9/17/20,2206,10,17,0,198
Iceland,9/18/20,2230,10,24,0,199
Iceland,9/19/20,2307,10,77,0,200
Iceland,9/20/20,2307,10,0,0,201
Iceland,9/21/20,2377,10,70,0,202
Iceland,9/22/20,2419,10,42,0,203
Iceland,9/23/20,2476,10,57,0,204
Iceland,9/24/20,2512,10,36,0,205
Iceland,9/25/20,2561,10,49,0,206
Iceland,9/26/20,2601,10,40,0,207
Iceland,9/27/20,2623,10,22,0,208
Iceland,9/28/20,2663,10,40,0,209
Iceland,9/29/20,2695,10,32,0,210
Iceland,9/30/20,2728,10,33,0,211
Iceland,10/1/20,2769,10,41,0,212
Iceland,10/2/20,2809,10,40,0,213
Iceland,10/3/20,2872,10,63,0,214
Iceland,10/4/20,2921,10,49,0,215
Iceland,10/5/20,2980,10,59,0,216
Iceland,10/6/20,3081,10,101,0,217
Iceland,10/7/20,3172,10,91,0,218
Iceland,10/8/20,3267,10,95,0,219
Iceland,10/9/20,3373,10,106,0,220
Iceland,10/10/20,3460,10,87,0,221
Iceland,10/11/20,3526,10,66,0,222
Iceland,10/12/20,3582,10,56,0,223
Iceland,10/13/20,3668,10,86,0,224
Iceland,10/14/20,3757,10,89,0,225
Iceland,10/15/20,3837,10,80,0,226
Iceland,10/16/20,3929,11,92,1,227
Iceland,10/17/20,3998,11,69,0,228
Iceland,10/18/20,4055,11,57,0,229
Iceland,10/19/20,4101,11,46,0,230
Iceland,10/20/20,4193,11,92,0,231
Iceland,10/21/20,4230,11,37,0,232
Iceland,10/22/20,4268,11,38,0,233
Iceland,10/23/20,4308,11,40,0,234
Iceland,10/24/20,4394,11,86,0,235
Iceland,10/25/20,4448,11,54,0,236
Iceland,10/26/20,4504,11,56,0,237
Iceland,10/27/20,4574,11,70,0,238
Iceland,10/28/20,4671,12,97,1,239
Iceland,10/29/20,4719,12,48,0,240
Iceland,10/30/20,4797,12,78,0,241
Iceland,10/31/20,4865,12,68,0,242
Iceland,11/1/20,4890,12,25,0,243
Iceland,11/2/20,4931,12,41,0,244
Iceland,11/3/20,4957,17,26,5,245
Iceland,11/4/20,4989,17,32,0,246
Iceland,11/5/20,5017,18,28,1,247
Iceland,11/6/20,5039,18,22,0,248
Iceland,11/7/20,5063,18,24,0,249
Iceland,11/8/20,5078,20,15,2,250
Iceland,11/9/20,5101,23,23,3,251
Iceland,11/10/20,5114,24,13,1,252
Iceland,11/11/20,5142,24,28,0,253
Iceland,11/12/20,5160,25,18,1,254
Iceland,11/13/20,5170,25,10,0,255
Iceland,11/14/20,5186,25,16,0,256
Iceland,11/15/20,5189,25,3,0,257
Iceland,11/16/20,5205,25,16,0,258
Iceland,11/17/20,5215,25,10,0,259
Iceland,11/18/20,5226,25,11,0,260
Iceland,11/19/20,5231,25,5,0,261
Iceland,11/20/20,5251,26,20,1,262
Iceland,11/21/20,5269,26,18,0,263
Iceland,11/22/20,5277,26,8,0,264
Iceland,11/23/20,5289,26,12,0,265
Iceland,11/24/20,5298,26,9,0,266
Iceland,11/25/20,5312,26,14,0,267
Iceland,11/26/20,5323,26,11,0,268
Iceland,11/27/20,5346,26,23,0,269
Iceland,11/28/20,5371,26,25,0,270
Iceland,11/29/20,5381,26,10,0,271
Iceland,11/30/20,5392,26,11,0,272
Iceland,12/1/20,5413,27,21,1,273
Iceland,12/2/20,5413,27,0,0,274
Iceland,12/3/20,5448,27,35,0,275
Iceland,12/4/20,5462,27,14,0,276
Iceland,12/5/20,5476,27,14,0,277
Iceland,12/6/20,5482,27,6,0,278
Iceland,12/7/20,5496,27,14,0,279
Iceland,12/8/20,5506,28,10,1,280
Iceland,12/9/20,5516,28,10,0,281
Iceland,12/10/20,5524,28,8,0,282
Iceland,12/11/20,5539,28,15,0,283
Iceland,12/12/20,5552,28,13,0,284
Iceland,12/13/20,5557,28,5,0,285
Iceland,12/14/20,5564,28,7,0,286
Iceland,12/15/20,5571,28,7,0,287
Iceland,12/16/20,5578,28,7,0,288
Iceland,12/17/20,5588,28,10,0,289
Iceland,12/18/20,5604,28,16,0,290
Iceland,12/19/20,5621,28,17,0,291
Iceland,12/20/20,5642,28,21,0,292
Iceland,12/21/20,5656,28,14,0,293
Iceland,12/22/20,5667,28,11,0,294
Iceland,12/23/20,5683,28,16,0,295
Iceland,12/24/20,5683,28,0,0,296
Iceland,12/25/20,5683,28,0,0,297
Iceland,12/26/20,5683,28,0,0,298
Iceland,12/27/20,5683,28,0,0,299
Iceland,12/28/20,5726,28,43,0,300
Iceland,12/29/20,5736,29,10,1,301
Iceland,12/30/20,5754,29,18,0,302
Iceland,12/31/20,5754,29,0,0,303
Iceland,1/1/21,5754,29,0,0,304
Iceland,1/2/21,5754,29,0,0,305
Iceland,1/3/21,5754,29,0,0,306
Iceland,1/4/21,5795,29,41,0,307
Iceland,1/5/21,5811,29,16,0,308
Iceland,1/6/21,5832,29,21,0,309
Iceland,1/7/21,5845,29,13,0,310
Iceland,1/8/21,5867,29,22,0,311
Iceland,1/9/21,5880,29,13,0,312
Iceland,1/10/21,5890,29,10,0,313
Iceland,1/11/21,5898,29,8,0,314
Iceland,1/12/21,5912,29,14,0,315
Iceland,1/13/21,5935,29,23,0,316
Iceland,1/14/21,5948,29,13,0,317
Iceland,1/15/21,5956,29,8,0,318
Iceland,1/16/21,5956,29,0,0,319
Iceland,1/17/21,5956,29,0,0,320
Iceland,1/18/21,5970,29,14,0,321
Iceland,1/19/21,5970,29,0,0,322
Iceland,1/20/21,5975,29,5,0,323
Iceland,1/21/21,5981,29,6,0,324
Iceland,1/22/21,5981,29,0,0,325
Iceland,1/23/21,5981,29,0,0,326
Iceland,1/24/21,5981,29,0,0,327
Iceland,1/25/21,5990,29,9,0,328
Iceland,1/26/21,5992,29,2,0,329
Iceland,1/27/21,6000,29,8,0,330
Iceland,1/28/21,6001,29,1,0,331
Iceland,1/29/21,6002,29,1,0,332
Iceland,1/30/21,6002,29,0,0,333
Iceland,1/31/21,6002,29,0,0,334
Iceland,2/1/21,6009,29,7,0,335
Iceland,2/2/21,6011,29,2,0,336
Iceland,2/3/21,6013,29,2,0,337
Iceland,2/4/21,6016,29,3,0,338
Iceland,2/5/21,6021,29,5,0,339
Iceland,2/6/21,6021,29,0,0,340
Iceland,2/7/21,6021,29,0,0,341
Iceland,2/8/21,6020,29,-1,0,342
Iceland,2/9/21,6025,29,5,0,343
Iceland,2/10/21,6026,29,1,0,344
Iceland,2/11/21,6026,29,0,0,345
Iceland,2/12/21,6033,29,7,0,346
Iceland,2/13/21,6033,29,0,0,347
Iceland,2/14/21,6033,29,0,0,348
Iceland,2/15/21,6039,29,6,0,349
Iceland,2/16/21,6039,29,0,0,350
Iceland,2/17/21,6044,29,5,0,351
Iceland,2/18/21,6044,29,0,0,352
Iceland,2/19/21,6045,29,1,0,353
Iceland,2/20/21,6045,29,0,0,354
Iceland,2/21/21,6045,29,0,0,355
Iceland,2/22/21,6049,29,4,0,356
Iceland,2/23/21,6049,29,0,0,357
Iceland,2/24/21,6049,29,0,0,358
Iceland,2/25/21,6049,29,0,0,359
Iceland,2/26/21,6049,29,0,0,360
Iceland,2/27/21,6049,29,0,0,361
Iceland,2/28/21,6049,29,0,0,362
Iceland,3/1/21,6054,29,5,0,363
Iceland,3/2/21,6055,29,1,0,364
Iceland,3/3/21,6058,29,3,0,365
Iceland,3/4/21,6058,29,0,0,366
Iceland,3/5/21,6059,29,1,0,367
Iceland,3/6/21,6059,29,0,0,368
Iceland,3/7/21,6059,29,0,0,369
Iceland,3/8/21,6064,29,5,0,370
Iceland,3/9/21,6067,29,3,0,371
Iceland,3/10/21,6069,29,2,0,372
Iceland,3/11/21,6070,29,1,0,373
Iceland,3/12/21,6072,29,2,0,374
Iceland,3/13/21,6072,29,0,0,375
Iceland,3/14/21,6072,29,0,0,376
Iceland,3/15/21,6083,29,11,0,377
Iceland,3/16/21,6087,29,4,0,378
Iceland,3/17/21,6089,29,2,0,379
Iceland,3/18/21,6091,29,2,0,380
Iceland,3/19/21,6097,29,6,0,381
Iceland,3/20/21,6097,29,0,0,382
Iceland,3/21/21,6097,29,0,0,383
Iceland,3/22/21,6119,29,22,0,384
Iceland,3/23/21,6122,29,3,0,385
Iceland,3/24/21,6144,29,22,0,386
Iceland,3/25/21,6158,29,14,0,387
Iceland,3/26/21,6163,29,5,0,388
Iceland,3/27/21,6163,29,0,0,389
Iceland,3/28/21,6163,29,0,0,390
Iceland,3/29/21,6183,29,20,0,391
Iceland,3/30/21,6194,29,11,0,392
Iceland,3/31/21,6205,29,11,0,393
Iceland,4/1/21,6205,29,0,0,394
Iceland,4/2/21,6205,29,0,0,395
Iceland,4/3/21,6225,29,20,0,396
Iceland,4/4/21,6225,29,0,0,397
Iceland,4/5/21,6225,29,0,0,398
Iceland,4/6/21,6241,29,16,0,399
Iceland,4/7/21,6251,29,10,0,400
Iceland,4/8/21,6256,29,5,0,401
Iceland,4/9/21,6258,29,2,0,402
Iceland,4/10/21,6258,29,0,0,403
Iceland,4/11/21,6258,29,0,0,404
Iceland,4/12/21,6267,29,9,0,405
Iceland,4/13/21,6274,29,7,0,406
Iceland,4/14/21,6275,29,1,0,407
Iceland,4/15/21,6279,29,4,0,408
Iceland,4/16/21,6286,29,7,0,409
Iceland,4/17/21,6286,29,0,0,410
Iceland,4/18/21,6286,29,0,0,411
Iceland,4/19/21,6329,29,43,0,412
Iceland,4/20/21,6350,29,21,0,413
Iceland,4/21/21,6362,29,12,0,414
Iceland,4/22/21,6379,29,17,0,415
Iceland,4/23/21,6390,29,11,0,416
Iceland,4/24/21,6390,29,0,0,417
Iceland,4/25/21,6390,29,0,0,418
Iceland,4/26/21,6429,29,39,0,419
Iceland,4/27/21,6447,29,18,0,420
Iceland,4/28/21,6456,29,9,0,421
Iceland,4/29/21,6466,29,10,0,422
Iceland,4/30/21,6472,29,6,0,423
Iceland,5/1/21,6472,29,0,0,424
Iceland,5/2/21,6472,29,0,0,425
Iceland,5/3/21,6483,29,11,0,426
Iceland,5/4/21,6491,29,8,0,427
Iceland,5/5/21,6497,29,6,0,428
Iceland,5/6/21,6500,29,3,0,429
Iceland,5/7/21,6506,29,6,0,430
Iceland,5/8/21,6506,29,0,0,431
Iceland,5/9/21,6506,29,0,0,432
Iceland,5/10/21,6519,29,13,0,433
Iceland,5/11/21,6522,29,3,0,434
Iceland,5/12/21,6526,29,4,0,435
Iceland,5/13/21,6526,29,0,0,436
Iceland,5/14/21,6537,29,11,0,437
Iceland,5/15/21,6537,29,0,0,438
Iceland,5/16/21,6537,29,0,0,439
Iceland,5/17/21,6548,29,11,0,440
Iceland,5/18/21,6549,29,1,0,441
Iceland,5/19/21,6551,29,2,0,442
Iceland,5/20/21,6555,29,4,0,443
Iceland,5/21/21,6555,29,0,0,444
Iceland,5/22/21,6555,29,0,0,445
Iceland,5/23/21,6555,29,0,0,446
Iceland,5/24/21,6555,29,0,0,447
Iceland,5/25/21,6555,29,0,0,448
Iceland,5/26/21,6555,29,0,0,449
Iceland,5/27/21,6555,29,0,0,450
Iceland,5/28/21,6555,29,0,0,451
Iceland,5/29/21,6555,29,0,0,452
Iceland,5/30/21,6555,29,0,0,453
Iceland,5/31/21,6555,29,0,0,454
Iceland,6/1/21,6555,29,0,0,455
Iceland,6/2/21,6555,29,0,0,456
Iceland,6/3/21,6555,29,0,0,457
Iceland,6/4/21,6555,29,0,0,458
Iceland,6/5/21,6555,29,0,0,459
Iceland,6/6/21,6555,29,0,0,460
Iceland,6/7/21,6555,29,0,0,461
Iceland,6/8/21,6555,29,0,0,462
Iceland,6/9/21,6555,29,0,0,463
Iceland,6/10/21,6555,29,0,0,464
Iceland,6/11/21,6555,29,0,0,465
Iceland,6/12/21,6555,29,0,0,466
Iceland,6/13/21,6555,29,0,0,467
