country,date,confirmed,deaths,new_confirmed,new_deaths,tagged_day
Japan,2/4/20,22,0,2,0,1
Japan,2/5/20,23,0,1,0,2
Japan,2/6/20,23,0,0,0,3
Japan,2/7/20,23,0,0,0,4
Japan,2/8/20,24,0,1,0,5
Japan,2/9/20,24,0,0,0,6
Japan,2/10/20,26,0,2,0,7
Japan,2/11/20,27,0,1,0,8
Japan,2/12/20,28,0,1,0,9
Japan,2/13/20,33,1,5,1,10
Japan,2/14/20,43,1,10,0,11
Japan,2/15/20,54,1,11,0,12
Japan,2/16/20,60,1,6,0,13
Japan,2/17/20,67,1,7,0,14
Japan,2/18/20,79,2,12,1,15
Japan,2/19/20,85,2,6,0,16
Japan,2/20/20,95,2,10,0,17
Japan,2/21/20,112,2,17,0,18
Japan,2/22/20,137,2,25,0,19
Japan,2/23/20,149,2,12,0,20
Japan,2/24/20,160,2,11,0,21
Japan,2/25/20,173,3,13,1,22
Japan,2/26/20,192,3,19,0,23
Japan,2/27/20,218,4,26,1,24
Japan,2/28/20,236,5,18,1,25
Japan,2/29/20,245,6,9,1,26
Japan,3/1/20,259,6,14,0,27
Japan,3/2/20,278,6,19,0,28
Japan,3/3/20,298,6,20,0,29
Japan,3/4/20,333,7,35,1,30
Japan,3/5/20,365,7,32,0,31
Japan,3/6/20,420,7,55,0,32
Japan,3/7/20,466,7,46,0,33
Japan,3/8/20,499,8,33,1,34
Japan,3/9/20,527,10,28,2,35
Japan,3/10/20,585,13,58,3,36
Japan,3/11/20,640,15,55,2,37
Japan,3/12/20,696,19,56,4,38
Japan,3/13/20,733,21,37,2,39
Japan,3/14/20,795,22,62,1,40
Japan,3/15/20,826,24,31,2,41
Japan,3/16/20,843,30,17,6,42
Japan,3/17/20,893,30,50,0,43
Japan,3/18/20,928,32,35,2,44
Japan,3/19/20,968,33,40,1,45
Japan,3/20/20,1022,34,54,1,46
Japan,3/21/20,1059,36,37,2,47
Japan,3/22/20,1104,40,45,4,48
Japan,3/23/20,1144,41,40,1,49
Japan,3/24/20,1217,42,73,1,50
Japan,3/25/20,1314,45,97,3,51
Japan,3/26/20,1416,47,102,2,52
Japan,3/27/20,1530,53,114,6,53
Japan,3/28/20,1728,56,198,3,54
Japan,3/29/20,1907,63,179,7,55
Japan,3/30/20,2001,65,94,2,56
Japan,3/31/20,2255,67,254,2,57
Japan,4/1/20,2535,72,280,5,58
Japan,4/2/20,2818,75,283,3,59
Japan,4/3/20,3154,81,336,6,60
Japan,4/4/20,3525,87,371,6,61
Japan,4/5/20,3876,93,351,6,62
Japan,4/6/20,4110,96,234,3,63
Japan,4/7/20,4485,98,375,2,64
Japan,4/8/20,5020,105,535,7,65
Japan,4/9/20,5614,113,594,8,66
Japan,4/10/20,6250,125,636,12,67
Japan,4/11/20,6951,138,701,13,68
Japan,4/12/20,7473,147,522,9,69
Japan,4/13/20,7773,156,300,9,70
Japan,4/14/20,8277,170,504,14,71
Japan,4/15/20,8835,186,558,16,72
Japan,4/16/20,9398,204,563,18,73
Japan,4/17/20,9958,217,560,13,74
Japan,4/18/20,10548,236,590,19,75
Japan,4/19/20,10914,255,366,19,76
Japan,4/20/20,11258,275,344,20,77
Japan,4/21/20,11641,303,383,28,78
Japan,4/22/20,12037,323,396,20,79
Japan,4/23/20,12469,351,432,28,80
Japan,4/24/20,12854,360,385,9,81
Japan,4/25/20,13186,379,332,19,82
Japan,4/26/20,13405,395,219,16,83
Japan,4/27/20,13576,417,171,22,84
Japan,4/28/20,13860,436,284,19,85
Japan,4/29/20,14076,454,216,18,86
Japan,4/30/20,14284,481,208,27,87
Japan,5/1/20,14558,510,274,29,88
Japan,5/2/20,14861,536,303,26,89
Japan,5/3/20,15061,560,200,24,90
Japan,5/4/20,15229,582,168,22,91
Japan,5/5/20,15354,593,125,11,92
Japan,5/6/20,15455,605,101,12,93
Japan,5/7/20,15553,617,98,12,94
Japan,5/8/20,15640,634,87,17,95
Japan,5/9/20,15755,654,115,20,96
Japan,5/10/20,15824,666,69,12,97
Japan,5/11/20,15861,685,37,19,98
Japan,5/12/20,15948,707,87,22,99
Japan,5/13/20,15998,726,50,19,100
Japan,5/14/20,16096,742,98,16,101
Japan,5/15/20,16148,760,52,18,102
Japan,5/16/20,16202,778,54,18,103
Japan,5/17/20,16226,787,24,9,104
Japan,5/18/20,16259,796,33,9,105
Japan,5/19/20,16287,805,28,9,106
Japan,5/20/20,16321,818,34,13,107
Japan,5/21/20,16362,826,41,8,108
Japan,5/22/20,16385,836,23,10,109
Japan,5/23/20,16410,845,25,9,110
Japan,5/24/20,16451,852,41,7,111
Japan,5/25/20,16472,857,21,5,112
Japan,5/26/20,16502,863,30,6,113
Japan,5/27/20,16528,870,26,7,114
Japan,5/28/20,16598,881,70,11,115
Japan,5/29/20,16673,887,75,6,116
Japan,5/30/20,16716,894,43,7,117
Japan,5/31/20,16751,898,35,4,118
Japan,6/1/20,16787,899,36,1,119
Japan,6/2/20,16837,902,50,3,120
Japan,6/3/20,16867,905,30,3,121
Japan,6/4/20,16911,911,44,6,122
Japan,6/5/20,16958,916,47,5,123
Japan,6/6/20,17000,915,42,-1,124
Japan,6/7/20,17039,917,39,2,125
Japan,6/8/20,17060,920,21,3,126
Japan,6/9/20,17111,920,51,0,127
Japan,6/10/20,17146,922,35,2,128
Japan,6/11/20,17187,922,41,0,129
Japan,6/12/20,17250,924,63,2,130
Japan,6/13/20,17293,927,43,3,131
Japan,6/14/20,17369,927,76,0,132
Japan,6/15/20,17439,929,70,2,133
Japan,6/16/20,17484,934,45,5,134
Japan,6/17/20,17530,935,46,1,135
Japan,6/18/20,17588,935,58,0,136
Japan,6/19/20,17658,951,70,16,137
Japan,6/20/20,17725,955,67,4,138
Japan,6/21/20,17780,955,55,0,139
Japan,6/22/20,17820,955,40,0,140
Japan,6/23/20,17879,965,59,10,141
Japan,6/24/20,17963,967,84,2,142
Japan,6/25/20,18055,971,92,4,143
Japan,6/26/20,18162,971,107,0,144
Japan,6/27/20,18254,971,92,0,145
Japan,6/28/20,18366,972,112,1,146
Japan,6/29/20,18476,972,110,0,147
Japan,6/30/20,18615,972,139,0,148
Japan,7/1/20,18838,976,223,4,149
Japan,7/2/20,19055,977,217,1,150
Japan,7/3/20,19185,977,130,0,151
Japan,7/4/20,19461,977,276,0,152
Japan,7/5/20,19668,977,207,0,153
Japan,7/6/20,19848,978,180,1,154
Japan,7/7/20,20055,981,207,3,155
Japan,7/8/20,20261,982,206,1,156
Japan,7/9/20,20617,982,356,0,157
Japan,7/10/20,21044,982,427,0,158
Japan,7/11/20,21430,982,386,0,159
Japan,7/12/20,21841,983,411,1,160
Japan,7/13/20,22125,984,284,1,161
Japan,7/14/20,22437,984,312,0,162
Japan,7/15/20,23172,984,735,0,163
Japan,7/16/20,23510,985,338,1,164
Japan,7/17/20,24104,985,594,0,165
Japan,7/18/20,24946,986,842,1,166
Japan,7/19/20,25446,986,500,0,167
Japan,7/20/20,25706,988,260,2,168
Japan,7/21/20,26463,988,757,0,169
Japan,7/22/20,27136,990,673,2,170
Japan,7/23/20,28114,992,978,2,171
Japan,7/24/20,28883,994,769,2,172
Japan,7/25/20,29684,996,801,2,173
Japan,7/26/20,30548,998,864,2,174
Japan,7/27/20,31142,998,594,0,175
Japan,7/28/20,32116,1001,974,3,176
Japan,7/29/20,33382,1001,1266,0,177
Japan,7/30/20,35144,1007,1762,6,178
Japan,7/31/20,36234,1008,1090,1,179
Japan,8/1/20,37804,1012,1570,4,180
Japan,8/2/20,39116,1013,1312,1,181
Japan,8/3/20,40099,1018,983,5,182
Japan,8/4/20,41347,1023,1248,5,183
Japan,8/5/20,42686,1028,1339,5,184
Japan,8/6/20,44167,1034,1481,6,185
Japan,8/7/20,45764,1042,1597,8,186
Japan,8/8/20,47342,1042,1578,0,187
Japan,8/9/20,48782,1047,1440,5,188
Japan,8/10/20,49617,1052,835,5,189
Japan,8/11/20,50302,1058,685,6,190
Japan,8/12/20,51288,1066,986,8,191
Japan,8/13/20,52471,1073,1183,7,192
Japan,8/14/20,53818,1080,1347,7,193
Japan,8/15/20,55051,1093,1233,13,194
Japan,8/16/20,56074,1103,1023,10,195
Japan,8/17/20,56717,1112,643,9,196
Japan,8/18/20,57636,1135,919,23,197
Japan,8/19/20,58728,1148,1092,13,198
Japan,8/20/20,59900,1157,1172,9,199
Japan,8/21/20,60949,1175,1049,18,200
Japan,8/22/20,61916,1179,967,4,201
Japan,8/23/20,62658,1188,742,9,202
Japan,8/24/20,63158,1201,500,13,203
Japan,8/25/20,63888,1219,730,18,204
Japan,8/26/20,64779,1230,891,11,205
Japan,8/27/20,65653,1241,874,11,206
Japan,8/28/20,66499,1251,846,10,207
Japan,8/29/20,67353,1271,854,20,208
Japan,8/30/20,67958,1285,605,14,209
Japan,8/31/20,68396,1298,438,13,210
Japan,9/1/20,69023,1313,627,15,211
Japan,9/2/20,69619,1327,596,14,212
Japan,9/3/20,70278,1334,659,7,213
Japan,9/4/20,70866,1352,588,18,214
Japan,9/5/20,71467,1361,601,9,215
Japan,9/6/20,71918,1366,451,5,216
Japan,9/7/20,72213,1377,295,11,217
Japan,9/8/20,72724,1398,511,21,218
Japan,9/9/20,73264,1412,540,14,219
Japan,9/10/20,73916,1416,652,4,220
Japan,9/11/20,74558,1428,642,12,221
Japan,9/12/20,75206,1441,648,13,222
Japan,9/13/20,75646,1448,440,7,223
Japan,9/14/20,75914,1455,268,7,224
Japan,9/15/20,76446,1463,532,8,225
Japan,9/16/20,76997,1481,551,18,226
Japan,9/17/20,77488,1490,491,9,227
Japan,9/18/20,78061,1500,573,10,228
Japan,9/19/20,78662,1504,601,4,229
Japan,9/20/20,79142,1508,480,4,230
Japan,9/21/20,79462,1518,320,10,231
Japan,9/22/20,79773,1519,311,1,232
Japan,9/23/20,80009,1525,236,6,233
Japan,9/24/20,80490,1540,481,15,234
Japan,9/25/20,81054,1544,564,4,235
Japan,9/26/20,81703,1547,649,3,236
Japan,9/27/20,82186,1549,483,2,237
Japan,9/28/20,82484,1561,298,12,238
Japan,9/29/20,83022,1568,538,7,239
Japan,9/30/20,83591,1575,569,7,240
Japan,10/1/20,84244,1580,653,5,241
Japan,10/2/20,84768,1591,524,11,242
Japan,10/3/20,85345,1594,577,3,243
Japan,10/4/20,85746,1598,401,4,244
Japan,10/5/20,86027,1602,281,4,245
Japan,10/6/20,86540,1609,513,7,246
Japan,10/7/20,87039,1614,499,5,247
Japan,10/8/20,87679,1617,640,3,248
Japan,10/9/20,88267,1623,588,6,249
Japan,10/10/20,88962,1626,695,3,250
Japan,10/11/20,89400,1628,438,2,251
Japan,10/12/20,89652,1631,252,3,252
Japan,10/13/20,90153,1635,501,4,253
Japan,10/14/20,90694,1646,541,11,254
Japan,10/15/20,91402,1650,708,4,255
Japan,10/16/20,92044,1664,642,14,256
Japan,10/17/20,92670,1670,626,6,257
Japan,10/18/20,93098,1672,428,2,258
Japan,10/19/20,93408,1676,310,4,259
Japan,10/20/20,93895,1679,487,3,260
Japan,10/21/20,94515,1686,620,7,261
Japan,10/22/20,95134,1697,619,11,262
Japan,10/23/20,95868,1706,734,9,263
Japan,10/24/20,96599,1710,731,4,264
Japan,10/25/20,97095,1716,496,6,265
Japan,10/26/20,97503,1721,408,5,266
Japan,10/27/20,98146,1726,643,5,267
Japan,10/28/20,98877,1731,731,5,268
Japan,10/29/20,99674,1748,797,17,269
Japan,10/30/20,100450,1756,776,8,270
Japan,10/31/20,101327,1769,877,13,271
Japan,11/1/20,101943,1776,616,7,272
Japan,11/2/20,102431,1787,488,11,273
Japan,11/3/20,103309,1794,878,7,274
Japan,11/4/20,103928,1799,619,5,275
Japan,11/5/20,104964,1806,1036,7,276
Japan,11/6/20,106136,1810,1172,4,277
Japan,11/7/20,107439,1815,1303,5,278
Japan,11/8/20,108394,1821,955,6,279
Japan,11/9/20,109191,1834,797,13,280
Japan,11/10/20,110487,1840,1296,6,281
Japan,11/11/20,112011,1847,1524,7,282
Japan,11/12/20,113655,1854,1644,7,283
Japan,11/13/20,115360,1864,1705,10,284
Japan,11/14/20,117113,1865,1753,1,285
Japan,11/15/20,118611,1874,1498,9,286
Japan,11/16/20,119557,1883,946,9,287
Japan,11/17/20,121247,1895,1690,12,288
Japan,11/18/20,123477,1908,2230,13,289
Japan,11/19/20,125859,1920,2382,12,290
Japan,11/20/20,128285,1930,2426,10,291
Japan,11/21/20,130871,1932,2586,2,292
Japan,11/22/20,133034,1943,2163,11,293
Japan,11/23/20,134554,1949,1520,6,294
Japan,11/24/20,135786,1963,1232,14,295
Japan,11/25/20,137735,1983,1949,20,296
Japan,11/26/20,140225,1996,2490,13,297
Japan,11/27/20,142778,2028,2553,32,298
Japan,11/28/20,145457,2042,2679,14,299
Japan,11/29/20,147515,2057,2058,15,300
Japan,11/30/20,148962,2076,1447,19,301
Japan,12/1/20,150976,2109,2014,33,302
Japan,12/2/20,153432,2141,2456,32,303
Japan,12/3/20,155938,2174,2506,33,304
Japan,12/4/20,158387,2210,2449,36,305
Japan,12/5/20,160870,2229,2483,19,306
Japan,12/6/20,162917,2259,2047,30,307
Japan,12/7/20,164434,2299,1517,40,308
Japan,12/8/20,166592,2334,2158,35,309
Japan,12/9/20,169429,2376,2837,42,310
Japan,12/10/20,172406,2395,2977,19,311
Japan,12/11/20,175310,2446,2904,51,312
Japan,12/12/20,178272,2462,2962,16,313
Japan,12/13/20,180639,2481,2367,19,314
Japan,12/14/20,182311,2530,1672,49,315
Japan,12/15/20,184752,2581,2441,51,316
Japan,12/16/20,187751,2623,2999,42,317
Japan,12/17/20,190950,2661,3199,38,318
Japan,12/18/20,193753,2709,2803,48,319
Japan,12/19/20,196815,2749,3062,40,320
Japan,12/20/20,199270,2784,2455,35,321
Japan,12/21/20,201074,2833,1804,49,322
Japan,12/22/20,203732,2877,2658,44,323
Japan,12/23/20,207007,2941,3275,64,324
Japan,12/24/20,210769,2967,3762,26,325
Japan,12/25/20,214575,3016,3806,49,326
Japan,12/26/20,218467,3062,3892,46,327
Japan,12/27/20,221412,3100,2945,38,328
Japan,12/28/20,223786,3152,2374,52,329
Japan,12/29/20,227415,3196,3629,44,330
Japan,12/30/20,231271,3243,3856,47,331
Japan,12/31/20,235811,3292,4540,49,332
Japan,1/1/21,239068,3540,3257,248,333
Japan,1/2/21,242097,3571,3029,31,334
Japan,1/3/21,245293,3631,3196,60,335
Japan,1/4/21,248625,3679,3332,48,336
Japan,1/5/21,253571,3755,4946,76,337
Japan,1/6/21,259521,3820,5950,65,338
Japan,1/7/21,267084,3884,7563,64,339
Japan,1/8/21,274947,3962,7863,78,340
Japan,1/9/21,282737,4021,7790,59,341
Japan,1/10/21,288818,4066,6081,45,342
Japan,1/11/21,293746,4114,4928,48,343
Japan,1/12/21,298321,4178,4575,64,344
Japan,1/13/21,304140,4275,5819,97,345
Japan,1/14/21,310734,4341,6594,66,346
Japan,1/15/21,317871,4419,7137,78,347
Japan,1/16/21,324942,4475,7071,56,348
Japan,1/17/21,330715,4524,5773,49,349
Japan,1/18/21,335605,4582,4890,58,350
Japan,1/19/21,340989,4686,5384,104,351
Japan,1/20/21,346508,4778,5519,92,352
Japan,1/21/21,352129,4872,5621,94,353
Japan,1/22/21,357174,4980,5045,108,354
Japan,1/23/21,361928,5063,4754,83,355
Japan,1/24/21,365899,5119,3971,56,356
Japan,1/25/21,368684,5193,2785,74,357
Japan,1/26/21,372545,5297,3861,104,358
Japan,1/27/21,376482,5387,3937,90,359
Japan,1/28/21,380644,5500,4162,113,360
Japan,1/29/21,384180,5597,3536,97,361
Japan,1/30/21,387499,5688,3319,91,362
Japan,1/31/21,390166,5753,2667,65,363
Japan,2/1/21,391956,5833,1790,80,364
Japan,2/2/21,394269,5952,2313,119,365
Japan,2/3/21,396900,6068,2631,116,366
Japan,2/4/21,399492,6172,2592,104,367
Japan,2/5/21,401858,6278,2366,106,368
Japan,2/6/21,404128,6372,2270,94,369
Japan,2/7/21,405765,6424,1637,52,370
Japan,2/8/21,406992,6507,1227,83,371
Japan,2/9/21,408550,6602,1558,95,372
Japan,2/10/21,410434,6723,1884,121,373
Japan,2/11/21,412125,6800,1691,77,374
Japan,2/12/21,413441,6863,1316,63,375
Japan,2/13/21,414803,6928,1362,65,376
Japan,2/14/21,416154,6966,1351,38,377
Japan,2/15/21,417127,7038,973,72,378
Japan,2/16/21,418435,7139,1308,101,379
Japan,2/17/21,419896,7218,1461,79,380
Japan,2/18/21,421421,7294,1525,76,381
Japan,2/19/21,422718,7360,1297,66,382
Japan,2/20/21,423952,7438,1234,78,383
Japan,2/21/21,424988,7485,1036,47,384
Japan,2/22/21,425725,7541,737,56,385
Japan,2/23/21,426828,7595,1103,54,386
Japan,2/24/21,427732,7664,904,69,387
Japan,2/25/21,428816,7738,1084,74,388
Japan,2/26/21,429873,7818,1057,80,389
Japan,2/27/21,431093,7859,1220,41,390
Japan,2/28/21,432090,7889,997,30,391
Japan,3/1/21,432778,7940,688,51,392
Japan,3/2/21,433700,8005,922,65,393
Japan,3/3/21,434944,8068,1244,63,394
Japan,3/4/21,436093,8135,1149,67,395
Japan,3/5/21,437222,8190,1129,55,396
Japan,3/6/21,437634,8196,412,6,397
Japan,3/7/21,439356,8255,1722,59,398
Japan,3/8/21,439977,8301,621,46,399
Japan,3/9/21,441152,8359,1175,58,400
Japan,3/10/21,442411,8412,1259,53,401
Japan,3/11/21,443714,8457,1303,45,402
Japan,3/12/21,444977,8515,1263,58,403
Japan,3/13/21,446312,8566,1335,51,404
Japan,3/14/21,447287,8587,975,21,405
Japan,3/15/21,448000,8625,713,38,406
Japan,3/16/21,449142,8682,1142,57,407
Japan,3/17/21,450687,8718,1545,36,408
Japan,3/18/21,452147,8750,1460,32,409
Japan,3/19/21,453616,8783,1469,33,410
Japan,3/20/21,455212,8802,1596,19,411
Japan,3/21/21,456318,8821,1106,19,412
Japan,3/22/21,457104,8857,786,36,413
Japan,3/23/21,458621,8908,1517,51,414
Japan,3/24/21,460595,8929,1974,21,415
Japan,3/25/21,462506,8956,1911,27,416
Japan,3/26/21,464483,8989,1977,33,417
Japan,3/27/21,466563,9021,2080,32,418
Japan,3/28/21,468346,9050,1783,29,419
Japan,3/29/21,469636,9079,1290,29,420
Japan,3/30/21,471777,9112,2141,33,421
Japan,3/31/21,474641,9155,2864,43,422
Japan,4/1/21,477239,9173,2598,18,423
Japan,4/2/21,479953,9191,2714,18,424
Japan,4/3/21,482704,9198,2751,7,425
Japan,4/4/21,485226,9210,2522,12,426
Japan,4/5/21,486792,9229,1566,19,427
Japan,4/6/21,489407,9251,2615,22,428
Japan,4/7/21,492860,9286,3453,35,429
Japan,4/8/21,496351,9311,3491,25,430
Japan,4/9/21,499831,9325,3480,14,431
Japan,4/10/21,503537,9352,3706,27,432
Japan,4/11/21,506237,9369,2700,17,433
Japan,4/12/21,508350,9393,2113,24,434
Japan,4/13/21,511799,9422,3449,29,435
Japan,4/14/21,517281,9471,5482,49,436
Japan,4/15/21,521796,9506,4515,35,437
Japan,4/16/21,526307,9552,4511,46,438
Japan,4/17/21,531109,9593,4802,41,439
Japan,4/18/21,535220,9610,4111,17,440
Japan,4/19/21,537494,9629,2274,19,441
Japan,4/20/21,542467,9682,4973,53,442
Japan,4/21/21,547836,9737,5369,55,443
Japan,4/22/21,553362,9778,5526,41,444
Japan,4/23/21,558376,9834,5014,56,445
Japan,4/24/21,563998,9890,5622,56,446
Japan,4/25/21,568621,9939,4623,49,447
Japan,4/26/21,571904,9968,3283,29,448
Japan,4/27/21,576870,10031,4966,63,449
Japan,4/28/21,580666,10052,3796,21,450
Japan,4/29/21,588580,10160,7914,108,451
Japan,4/30/21,593264,10199,4684,39,452
Japan,5/1/21,599253,10281,5989,82,453
Japan,5/2/21,605150,10342,5897,61,454
Japan,5/3/21,609625,10391,4475,49,455
Japan,5/4/21,613822,10441,4197,50,456
Japan,5/5/21,617890,10501,4068,60,457
Japan,5/6/21,622273,10566,4383,65,458
Japan,5/7/21,628319,10712,6046,146,459
Japan,5/8/21,635568,10796,7249,84,460
Japan,5/9/21,642146,10860,6578,64,461
Japan,5/10/21,647003,10931,4857,71,462
Japan,5/11/21,653363,11045,6360,114,463
Japan,5/12/21,660884,11148,7521,103,464
Japan,5/13/21,667251,11249,6367,101,465
Japan,5/14/21,673539,11330,6288,81,466
Japan,5/15/21,679870,11424,6331,94,467
Japan,5/16/21,685135,11471,5265,47,468
Japan,5/17/21,688873,11587,3738,116,469
Japan,5/18/21,694077,11803,5204,216,470
Japan,5/19/21,699931,11900,5854,97,471
Japan,5/20/21,705641,12006,5710,106,472
Japan,5/21/21,710895,12119,5254,113,473
Japan,5/22/21,715880,12203,4985,84,474
Japan,5/23/21,719925,12265,4045,62,475
Japan,5/24/21,722668,12351,2743,86,476
Japan,5/25/21,726586,12457,3918,106,477
Japan,5/26/21,731071,12573,4485,116,478
Japan,5/27/21,735234,12691,4163,118,479
Japan,5/28/21,738935,12786,3701,95,480
Japan,5/29/21,742539,12877,3604,91,481
Japan,5/30/21,745392,12926,2853,49,482
Japan,5/31/21,747188,13006,1796,80,483
Japan,6/1/21,749829,13107,2641,101,484
Japan,6/2/21,752865,13220,3036,113,485
Japan,6/3/21,755713,13331,2848,111,486
Japan,6/4/21,758290,13417,2577,86,487
Japan,6/5/21,760953,13481,2663,64,488
Japan,6/6/21,762980,13531,2027,50,489
Japan,6/7/21,764185,13606,1205,75,490
Japan,6/8/21,766068,13705,1883,99,491
Japan,6/9/21,768313,13801,2245,96,492
Japan,6/10/21,770357,13872,2044,71,493
Japan,6/11/21,772293,13936,1936,64,494
Japan,6/12/21,774240,13991,1947,55,495
Japan,6/13/21,775624,14023,1384,32,496
