country,date,confirmed,deaths,new_confirmed,new_deaths,tagged_day
Kosovo,3/20/20,21,0,1,0,1
Kosovo,3/21/20,24,0,3,0,2
Kosovo,3/22/20,31,0,7,0,3
Kosovo,3/23/20,33,1,2,1,4
Kosovo,3/24/20,61,1,28,0,5
Kosovo,3/25/20,63,1,2,0,6
Kosovo,3/26/20,71,1,8,0,7
Kosovo,3/27/20,86,1,15,0,8
Kosovo,3/28/20,88,1,2,0,9
Kosovo,3/29/20,91,1,3,0,10
Kosovo,3/30/20,94,1,3,0,11
Kosovo,3/31/20,106,1,12,0,12
Kosovo,4/1/20,112,1,6,0,13
Kosovo,4/2/20,125,1,13,0,14
Kosovo,4/3/20,126,1,1,0,15
Kosovo,4/4/20,135,1,9,0,16
Kosovo,4/5/20,140,1,5,0,17
Kosovo,4/6/20,145,1,5,0,18
Kosovo,4/7/20,165,3,20,2,19
Kosovo,4/8/20,184,5,19,2,20
Kosovo,4/9/20,224,6,40,1,21
Kosovo,4/10/20,227,7,3,1,22
Kosovo,4/11/20,250,7,23,0,23
Kosovo,4/12/20,283,7,33,0,24
Kosovo,4/13/20,362,7,79,0,25
Kosovo,4/14/20,377,8,15,1,26
Kosovo,4/15/20,387,8,10,0,27
Kosovo,4/16/20,423,9,36,1,28
Kosovo,4/17/20,449,11,26,2,29
Kosovo,4/18/20,480,12,31,1,30
Kosovo,4/19/20,510,12,30,0,31
Kosovo,4/20/20,561,12,51,0,32
Kosovo,4/21/20,598,15,37,3,33
Kosovo,4/22/20,604,18,6,3,34
Kosovo,4/23/20,630,18,26,0,35
Kosovo,4/24/20,669,19,39,1,36
Kosovo,4/25/20,703,19,34,0,37
Kosovo,4/26/20,731,20,28,1,38
Kosovo,4/27/20,763,21,32,1,39
Kosovo,4/28/20,780,22,17,1,40
Kosovo,4/29/20,790,22,10,0,41
Kosovo,4/30/20,799,22,9,0,42
Kosovo,5/1/20,806,22,7,0,43
Kosovo,5/2/20,813,22,7,0,44
Kosovo,5/3/20,823,22,10,0,45
Kosovo,5/4/20,851,22,28,0,46
Kosovo,5/5/20,855,26,4,4,47
Kosovo,5/6/20,856,26,1,0,48
Kosovo,5/7/20,860,26,4,0,49
Kosovo,5/8/20,861,27,1,1,50
Kosovo,5/9/20,862,28,1,1,51
Kosovo,5/10/20,870,28,8,0,52
Kosovo,5/11/20,884,28,14,0,53
Kosovo,5/12/20,895,28,11,0,54
Kosovo,5/13/20,919,29,24,1,55
Kosovo,5/14/20,927,29,8,0,56
Kosovo,5/15/20,945,29,18,0,57
Kosovo,5/16/20,955,29,10,0,58
Kosovo,5/17/20,978,29,23,0,59
Kosovo,5/18/20,985,29,7,0,60
Kosovo,5/19/20,988,29,3,0,61
Kosovo,5/20/20,989,29,1,0,62
Kosovo,5/21/20,1003,29,14,0,63
Kosovo,5/22/20,1004,29,1,0,64
Kosovo,5/23/20,1025,29,21,0,65
Kosovo,5/24/20,1032,29,7,0,66
Kosovo,5/25/20,1038,30,6,1,67
Kosovo,5/26/20,1038,30,0,0,68
Kosovo,5/27/20,1047,30,9,0,69
Kosovo,5/28/20,1048,30,1,0,70
Kosovo,5/29/20,1052,30,4,0,71
Kosovo,5/30/20,1064,30,12,0,72
Kosovo,5/31/20,1070,30,6,0,73
Kosovo,6/1/20,1083,30,13,0,74
Kosovo,6/2/20,1110,30,27,0,75
Kosovo,6/3/20,1123,30,13,0,76
Kosovo,6/4/20,1142,30,19,0,77
Kosovo,6/5/20,1147,30,5,0,78
Kosovo,6/6/20,1158,30,11,0,79
Kosovo,6/7/20,1194,30,36,0,80
Kosovo,6/8/20,1234,31,40,1,81
Kosovo,6/9/20,1263,31,29,0,82
Kosovo,6/10/20,1269,31,6,0,83
Kosovo,6/11/20,1298,31,29,0,84
Kosovo,6/12/20,1326,31,28,0,85
Kosovo,6/13/20,1384,31,58,0,86
Kosovo,6/14/20,1437,32,53,1,87
Kosovo,6/15/20,1486,33,49,1,88
Kosovo,6/16/20,1615,33,129,0,89
Kosovo,6/17/20,1756,34,141,1,90
Kosovo,6/18/20,1833,34,77,0,91
Kosovo,6/19/20,1916,34,83,0,92
Kosovo,6/20/20,1998,34,82,0,93
Kosovo,6/21/20,2073,35,75,1,94
Kosovo,6/22/20,2169,36,96,1,95
Kosovo,6/23/20,2216,37,47,1,96
Kosovo,6/24/20,2268,38,52,1,97
Kosovo,6/25/20,2363,40,95,2,98
Kosovo,6/26/20,2432,42,69,2,99
Kosovo,6/27/20,2494,44,62,2,100
Kosovo,6/28/20,2590,48,96,4,101
Kosovo,6/29/20,2677,49,87,1,102
Kosovo,6/30/20,2799,49,122,0,103
Kosovo,7/1/20,2878,51,79,2,104
Kosovo,7/2/20,2991,54,113,3,105
Kosovo,7/3/20,3064,55,73,1,106
Kosovo,7/4/20,3178,58,114,3,107
Kosovo,7/5/20,3356,66,178,8,108
Kosovo,7/6/20,3508,75,152,9,109
Kosovo,7/7/20,3703,79,195,4,110
Kosovo,7/8/20,3886,82,183,3,111
Kosovo,7/9/20,4100,86,214,4,112
Kosovo,7/10/20,4307,94,207,8,113
Kosovo,7/11/20,4512,97,205,3,114
Kosovo,7/12/20,4715,101,203,4,115
Kosovo,7/13/20,4931,102,216,1,116
Kosovo,7/14/20,5118,108,187,6,117
Kosovo,7/15/20,5237,112,119,4,118
Kosovo,7/16/20,5369,118,132,6,119
Kosovo,7/17/20,5472,124,103,6,120
Kosovo,7/18/20,5617,130,145,6,121
Kosovo,7/19/20,5735,135,118,5,122
Kosovo,7/20/20,5877,139,142,4,123
Kosovo,7/21/20,6045,144,168,5,124
Kosovo,7/22/20,6286,150,241,6,125
Kosovo,7/23/20,6467,158,181,8,126
Kosovo,7/24/20,6680,164,213,6,127
Kosovo,7/25/20,6917,169,237,5,128
Kosovo,7/26/20,7137,177,220,8,129
Kosovo,7/27/20,7413,185,276,8,130
Kosovo,7/28/20,7652,192,239,7,131
Kosovo,7/29/20,7846,196,194,4,132
Kosovo,7/30/20,8104,212,258,16,133
Kosovo,7/31/20,8330,227,226,15,134
Kosovo,8/1/20,8554,236,224,9,135
Kosovo,8/2/20,8799,249,245,13,136
Kosovo,8/3/20,9049,256,250,7,137
Kosovo,8/4/20,9274,269,225,13,138
Kosovo,8/5/20,9492,284,218,15,139
Kosovo,8/6/20,9688,300,196,16,140
Kosovo,8/7/20,9869,303,181,3,141
Kosovo,8/8/20,10059,316,190,13,142
Kosovo,8/9/20,10247,328,188,12,143
Kosovo,8/10/20,10419,341,172,13,144
Kosovo,8/11/20,10590,354,171,13,145
Kosovo,8/12/20,10795,365,205,11,146
Kosovo,8/13/20,10988,373,193,8,147
Kosovo,8/14/20,11130,381,142,8,148
Kosovo,8/15/20,11275,390,145,9,149
Kosovo,8/16/20,11416,401,141,11,150
Kosovo,8/17/20,11545,410,129,9,151
Kosovo,8/18/20,11686,416,141,6,152
Kosovo,8/19/20,11848,425,162,9,153
Kosovo,8/20/20,12006,438,158,13,154
Kosovo,8/21/20,12168,448,162,10,155
Kosovo,8/22/20,12337,457,169,9,156
Kosovo,8/23/20,12448,467,111,10,157
Kosovo,8/24/20,12547,480,99,13,158
Kosovo,8/25/20,12683,488,136,8,159
Kosovo,8/26/20,12840,492,157,4,160
Kosovo,8/27/20,12981,498,141,6,161
Kosovo,8/28/20,13100,499,119,1,162
Kosovo,8/29/20,13215,508,115,9,163
Kosovo,8/30/20,13334,516,119,8,164
Kosovo,8/31/20,13454,525,120,9,165
Kosovo,9/1/20,13601,533,147,8,166
Kosovo,9/2/20,13713,539,112,6,167
Kosovo,9/3/20,13791,548,78,9,168
Kosovo,9/4/20,13910,551,119,3,169
Kosovo,9/5/20,14027,556,117,5,170
Kosovo,9/6/20,14119,563,92,7,171
Kosovo,9/7/20,14204,568,85,5,172
Kosovo,9/8/20,14301,568,97,0,173
Kosovo,9/9/20,14377,574,76,6,174
Kosovo,9/10/20,14446,581,69,7,175
Kosovo,9/11/20,14496,586,50,5,176
Kosovo,9/12/20,14566,589,70,3,177
Kosovo,9/13/20,14637,596,71,7,178
Kosovo,9/14/20,14692,600,55,4,179
Kosovo,9/15/20,14763,601,71,1,180
Kosovo,9/16/20,14839,604,76,3,181
Kosovo,9/17/20,14882,607,43,3,182
Kosovo,9/18/20,14939,611,57,4,183
Kosovo,9/19/20,15002,614,63,3,184
Kosovo,9/20/20,15063,614,61,0,185
Kosovo,9/21/20,15142,615,79,1,186
Kosovo,9/22/20,15208,615,66,0,187
Kosovo,9/23/20,15270,616,62,1,188
Kosovo,9/24/20,15333,616,63,0,189
Kosovo,9/25/20,15379,617,46,1,190
Kosovo,9/26/20,15425,619,46,2,191
Kosovo,9/27/20,15472,622,47,3,192
Kosovo,9/28/20,15520,625,48,3,193
Kosovo,9/29/20,15574,625,54,0,194
Kosovo,9/30/20,15620,625,46,0,195
Kosovo,10/1/20,15663,627,43,2,196
Kosovo,10/2/20,15705,627,42,0,197
Kosovo,10/3/20,15758,630,53,3,198
Kosovo,10/4/20,15814,630,56,0,199
Kosovo,10/5/20,15855,633,41,3,200
Kosovo,10/6/20,15889,635,34,2,201
Kosovo,10/7/20,15938,638,49,3,202
Kosovo,10/8/20,15971,638,33,0,203
Kosovo,10/9/20,16050,641,79,3,204
Kosovo,10/10/20,16130,645,80,4,205
Kosovo,10/11/20,16179,647,49,2,206
Kosovo,10/12/20,16247,648,68,1,207
Kosovo,10/13/20,16345,649,98,1,208
Kosovo,10/14/20,16425,650,80,1,209
Kosovo,10/15/20,16502,650,77,0,210
Kosovo,10/16/20,16606,652,104,2,211
Kosovo,10/17/20,16754,652,148,0,212
Kosovo,10/18/20,16891,653,137,1,213
Kosovo,10/19/20,17009,656,118,3,214
Kosovo,10/20/20,17139,657,130,1,215
Kosovo,10/21/20,17263,657,124,0,216
Kosovo,10/22/20,17422,657,159,0,217
Kosovo,10/23/20,17591,659,169,2,218
Kosovo,10/24/20,17757,661,166,2,219
Kosovo,10/25/20,17943,663,186,2,220
Kosovo,10/26/20,17943,663,0,0,221
Kosovo,10/27/20,17943,663,0,0,222
Kosovo,10/28/20,18626,673,683,10,223
Kosovo,10/29/20,18626,673,0,0,224
Kosovo,10/30/20,19328,678,702,5,225
Kosovo,10/31/20,19328,678,0,0,226
Kosovo,11/1/20,19328,678,0,0,227
Kosovo,11/2/20,20179,688,851,10,228
Kosovo,11/3/20,20999,705,820,17,229
Kosovo,11/4/20,21545,714,546,9,230
Kosovo,11/5/20,22206,720,661,6,231
Kosovo,11/6/20,22934,732,728,12,232
Kosovo,11/7/20,22934,732,0,0,233
Kosovo,11/8/20,22934,732,0,0,234
Kosovo,11/9/20,24792,768,1858,36,235
Kosovo,11/10/20,25388,773,596,5,236
Kosovo,11/11/20,26121,777,733,4,237
Kosovo,11/12/20,26888,785,767,8,238
Kosovo,11/13/20,27851,798,963,13,239
Kosovo,11/14/20,27851,798,0,0,240
Kosovo,11/15/20,29117,822,1266,24,241
Kosovo,11/16/20,29805,833,688,11,242
Kosovo,11/17/20,29805,833,0,0,243
Kosovo,11/18/20,31215,860,1410,27,244
Kosovo,11/19/20,32022,874,807,14,245
Kosovo,11/20/20,32877,885,855,11,246
Kosovo,11/21/20,33588,904,711,19,247
Kosovo,11/22/20,34295,914,707,10,248
Kosovo,11/23/20,34940,926,645,12,249
Kosovo,11/24/20,35549,939,609,13,250
Kosovo,11/25/20,36253,948,704,9,251
Kosovo,11/26/20,37028,963,775,15,252
Kosovo,11/27/20,37792,975,764,12,253
Kosovo,11/28/20,38431,989,639,14,254
Kosovo,11/29/20,39057,1005,626,16,255
Kosovo,11/30/20,39596,1016,539,11,256
Kosovo,12/1/20,40117,1026,521,10,257
Kosovo,12/2/20,40117,1026,0,0,258
Kosovo,12/3/20,40117,1026,0,0,259
Kosovo,12/4/20,40117,1026,0,0,260
Kosovo,12/5/20,42337,1087,2220,61,261
Kosovo,12/6/20,42805,1106,468,19,262
Kosovo,12/7/20,43324,1120,519,14,263
Kosovo,12/8/20,43881,1137,557,17,264
Kosovo,12/9/20,44442,1148,561,11,265
Kosovo,12/10/20,45004,1161,562,13,266
Kosovo,12/11/20,45594,1174,590,13,267
Kosovo,12/12/20,46118,1186,524,12,268
Kosovo,12/13/20,46580,1198,462,12,269
Kosovo,12/14/20,46909,1203,329,5,270
Kosovo,12/15/20,47203,1220,294,17,271
Kosovo,12/16/20,47499,1225,296,5,272
Kosovo,12/17/20,47499,1225,0,0,273
Kosovo,12/18/20,48337,1240,838,15,274
Kosovo,12/19/20,48682,1248,345,8,275
Kosovo,12/20/20,48905,1256,223,8,276
Kosovo,12/21/20,49169,1262,264,6,277
Kosovo,12/22/20,49169,1262,0,0,278
Kosovo,12/23/20,49440,1274,271,12,279
Kosovo,12/24/20,49440,1274,0,0,280
Kosovo,12/25/20,50135,1298,695,24,281
Kosovo,12/26/20,50405,1305,270,7,282
Kosovo,12/27/20,50620,1309,215,4,283
Kosovo,12/28/20,50801,1317,181,8,284
Kosovo,12/29/20,50910,1325,109,8,285
Kosovo,12/30/20,50910,1325,0,0,286
Kosovo,12/31/20,51144,1332,234,7,287
Kosovo,1/1/21,51502,1336,358,4,288
Kosovo,1/2/21,51502,1336,0,0,289
Kosovo,1/3/21,51965,1344,463,8,290
Kosovo,1/4/21,51965,1344,0,0,291
Kosovo,1/5/21,52333,1355,368,11,292
Kosovo,1/6/21,52333,1355,0,0,293
Kosovo,1/7/21,52943,1363,610,8,294
Kosovo,1/8/21,53264,1368,321,5,295
Kosovo,1/9/21,53264,1368,0,0,296
Kosovo,1/10/21,53776,1377,512,9,297
Kosovo,1/11/21,53982,1383,206,6,298
Kosovo,1/12/21,54261,1387,279,4,299
Kosovo,1/13/21,54560,1388,299,1,300
Kosovo,1/14/21,54839,1392,279,4,301
Kosovo,1/15/21,55135,1399,296,7,302
Kosovo,1/16/21,55135,1399,0,0,303
Kosovo,1/17/21,55851,1410,716,11,304
Kosovo,1/18/21,55851,1410,0,0,305
Kosovo,1/19/21,56118,1411,267,1,306
Kosovo,1/20/21,56412,1420,294,9,307
Kosovo,1/21/21,57028,1433,616,13,308
Kosovo,1/22/21,57317,1447,289,14,309
Kosovo,1/23/21,57317,1447,0,0,310
Kosovo,1/24/21,57317,1447,0,0,311
Kosovo,1/25/21,58399,1466,1082,19,312
Kosovo,1/26/21,58399,1466,0,0,313
Kosovo,1/27/21,58988,1479,589,13,314
Kosovo,1/28/21,58988,1479,0,0,315
Kosovo,1/29/21,59646,1487,658,8,316
Kosovo,1/30/21,59646,1487,0,0,317
Kosovo,1/31/21,60218,1498,572,11,318
Kosovo,2/1/21,60218,1498,0,0,319
Kosovo,2/2/21,60218,1498,0,0,320
Kosovo,2/3/21,61086,1509,868,11,321
Kosovo,2/4/21,61404,1514,318,5,322
Kosovo,2/5/21,61688,1519,284,5,323
Kosovo,2/6/21,61688,1519,0,0,324
Kosovo,2/7/21,61688,1519,0,0,325
Kosovo,2/8/21,62548,1526,860,7,326
Kosovo,2/9/21,62548,1526,0,0,327
Kosovo,2/10/21,63089,1532,541,6,328
Kosovo,2/11/21,63089,1532,0,0,329
Kosovo,2/12/21,63805,1540,716,8,330
Kosovo,2/13/21,63805,1540,0,0,331
Kosovo,2/14/21,63805,1540,0,0,332
Kosovo,2/15/21,64619,1545,814,5,333
Kosovo,2/16/21,64868,1548,249,3,334
Kosovo,2/17/21,64868,1548,0,0,335
Kosovo,2/18/21,65165,1553,297,5,336
Kosovo,2/19/21,65450,1558,285,5,337
Kosovo,2/20/21,65450,1558,0,0,338
Kosovo,2/21/21,66480,1572,1030,14,339
Kosovo,2/22/21,66480,1572,0,0,340
Kosovo,2/23/21,66740,1575,260,3,341
Kosovo,2/24/21,67569,1582,829,7,342
Kosovo,2/25/21,68006,1587,437,5,343
Kosovo,2/26/21,68451,1592,445,5,344
Kosovo,2/27/21,68451,1592,0,0,345
Kosovo,2/28/21,68451,1592,0,0,346
Kosovo,3/1/21,68451,1592,0,0,347
Kosovo,3/2/21,70285,1616,1834,24,348
Kosovo,3/3/21,70853,1620,568,4,349
Kosovo,3/4/21,70853,1620,0,0,350
Kosovo,3/5/21,71444,1627,591,7,351
Kosovo,3/6/21,72600,1640,1156,13,352
Kosovo,3/7/21,72600,1640,0,0,353
Kosovo,3/8/21,73735,1655,1135,15,354
Kosovo,3/9/21,73735,1655,0,0,355
Kosovo,3/10/21,74708,1674,973,19,356
Kosovo,3/11/21,74708,1674,0,0,357
Kosovo,3/12/21,76070,1688,1362,14,358
Kosovo,3/13/21,76070,1688,0,0,359
Kosovo,3/14/21,76070,1688,0,0,360
Kosovo,3/15/21,77787,1715,1717,27,361
Kosovo,3/16/21,78340,1723,553,8,362
Kosovo,3/17/21,78340,1723,0,0,363
Kosovo,3/18/21,78340,1723,0,0,364
Kosovo,3/19/21,80295,1752,1955,29,365
Kosovo,3/20/21,80295,1752,0,0,366
Kosovo,3/21/21,80295,1752,0,0,367
Kosovo,3/22/21,80295,1752,0,0,368
Kosovo,3/23/21,80295,1752,0,0,369
Kosovo,3/24/21,84172,1811,3877,59,370
Kosovo,3/25/21,84172,1811,0,0,371
Kosovo,3/26/21,84172,1811,0,0,372
Kosovo,3/27/21,84172,1811,0,0,373
Kosovo,3/28/21,84172,1811,0,0,374
Kosovo,3/29/21,88429,1852,4257,41,375
Kosovo,3/30/21,89181,1866,752,14,376
Kosovo,3/31/21,89181,1866,0,0,377
Kosovo,4/1/21,91079,1892,1898,26,378
Kosovo,4/2/21,91079,1892,0,0,379
Kosovo,4/3/21,91079,1892,0,0,380
Kosovo,4/4/21,91079,1892,0,0,381
Kosovo,4/5/21,91079,1892,0,0,382
Kosovo,4/6/21,94330,1942,3251,50,383
Kosovo,4/7/21,95015,1956,685,14,384
Kosovo,4/8/21,95886,1968,871,12,385
Kosovo,4/9/21,95886,1968,0,0,386
Kosovo,4/10/21,95886,1968,0,0,387
Kosovo,4/11/21,95886,1968,0,0,388
Kosovo,4/12/21,95886,1968,0,0,389
Kosovo,4/13/21,98015,2004,2129,36,390
Kosovo,4/14/21,99210,2030,1195,26,391
Kosovo,4/15/21,99210,2030,0,0,392
Kosovo,4/16/21,100329,2061,1119,31,393
Kosovo,4/17/21,100329,2061,0,0,394
Kosovo,4/18/21,101191,2080,862,19,395
Kosovo,4/19/21,101191,2080,0,0,396
Kosovo,4/20/21,101832,2105,641,25,397
Kosovo,4/21/21,101832,2105,0,0,398
Kosovo,4/22/21,102720,2115,888,10,399
Kosovo,4/23/21,102720,2115,0,0,400
Kosovo,4/24/21,102720,2115,0,0,401
Kosovo,4/25/21,103638,2134,918,19,402
Kosovo,4/26/21,103638,2134,0,0,403
Kosovo,4/27/21,103638,2134,0,0,404
Kosovo,4/28/21,103638,2134,0,0,405
Kosovo,4/29/21,103638,2134,0,0,406
Kosovo,4/30/21,103638,2134,0,0,407
Kosovo,5/1/21,103638,2134,0,0,408
Kosovo,5/2/21,103638,2134,0,0,409
Kosovo,5/3/21,103638,2134,0,0,410
Kosovo,5/4/21,103638,2134,0,0,411
Kosovo,5/5/21,103638,2134,0,0,412
Kosovo,5/6/21,105614,2203,1976,69,413
Kosovo,5/7/21,105784,2207,170,4,414
Kosovo,5/8/21,105784,2207,0,0,415
Kosovo,5/9/21,105784,2207,0,0,416
Kosovo,5/10/21,105784,2207,0,0,417
Kosovo,5/11/21,106130,2218,346,11,418
Kosovo,5/12/21,106243,2222,113,4,419
Kosovo,5/13/21,106243,2222,0,0,420
Kosovo,5/14/21,106243,2222,0,0,421
Kosovo,5/15/21,106243,2222,0,0,422
Kosovo,5/16/21,106506,2230,263,8,423
Kosovo,5/17/21,106531,2231,25,1,424
Kosovo,5/18/21,106531,2231,0,0,425
Kosovo,5/19/21,106657,2240,126,9,426
Kosovo,5/20/21,106712,2242,55,2,427
Kosovo,5/21/21,106770,2244,58,2,428
Kosovo,5/22/21,106770,2244,0,0,429
Kosovo,5/23/21,106770,2244,0,0,430
Kosovo,5/24/21,106770,2244,0,0,431
Kosovo,5/25/21,106861,2246,91,2,432
Kosovo,5/26/21,106905,2246,44,0,433
Kosovo,5/27/21,106928,2247,23,1,434
Kosovo,5/28/21,106946,2247,18,0,435
Kosovo,5/29/21,106946,2247,0,0,436
Kosovo,5/30/21,106997,2248,51,1,437
Kosovo,5/31/21,107002,2248,5,0,438
Kosovo,6/1/21,107021,2248,19,0,439
Kosovo,6/2/21,107039,2248,18,0,440
Kosovo,6/3/21,107051,2248,12,0,441
Kosovo,6/4/21,107058,2249,7,1,442
Kosovo,6/5/21,107058,2249,0,0,443
Kosovo,6/6/21,107058,2249,0,0,444
Kosovo,6/7/21,107099,2250,41,1,445
Kosovo,6/8/21,107099,2250,0,0,446
Kosovo,6/9/21,107125,2252,26,2,447
Kosovo,6/10/21,107125,2252,0,0,448
Kosovo,6/11/21,107125,2252,0,0,449
Kosovo,6/12/21,107125,2252,0,0,450
Kosovo,6/13/21,107170,2255,45,3,451
