country,date,confirmed,deaths,new_confirmed,new_deaths,tagged_day
Mongolia,4/14/20,30,0,13,0,1
Mongolia,4/15/20,30,0,0,0,2
Mongolia,4/16/20,31,0,1,0,3
Mongolia,4/17/20,31,0,0,0,4
Mongolia,4/18/20,31,0,0,0,5
Mongolia,4/19/20,32,0,1,0,6
Mongolia,4/20/20,33,0,1,0,7
Mongolia,4/21/20,34,0,1,0,8
Mongolia,4/22/20,35,0,1,0,9
Mongolia,4/23/20,36,0,1,0,10
Mongolia,4/24/20,37,0,1,0,11
Mongolia,4/25/20,37,0,0,0,12
Mongolia,4/26/20,38,0,1,0,13
Mongolia,4/27/20,38,0,0,0,14
Mongolia,4/28/20,38,0,0,0,15
Mongolia,4/29/20,38,0,0,0,16
Mongolia,4/30/20,38,0,0,0,17
Mongolia,5/1/20,38,0,0,0,18
Mongolia,5/2/20,39,0,1,0,19
Mongolia,5/3/20,39,0,0,0,20
Mongolia,5/4/20,40,0,1,0,21
Mongolia,5/5/20,41,0,1,0,22
Mongolia,5/6/20,41,0,0,0,23
Mongolia,5/7/20,41,0,0,0,24
Mongolia,5/8/20,42,0,1,0,25
Mongolia,5/9/20,42,0,0,0,26
Mongolia,5/10/20,42,0,0,0,27
Mongolia,5/11/20,42,0,0,0,28
Mongolia,5/12/20,42,0,0,0,29
Mongolia,5/13/20,42,0,0,0,30
Mongolia,5/14/20,98,0,56,0,31
Mongolia,5/15/20,98,0,0,0,32
Mongolia,5/16/20,135,0,37,0,33
Mongolia,5/17/20,136,0,1,0,34
Mongolia,5/18/20,140,0,4,0,35
Mongolia,5/19/20,140,0,0,0,36
Mongolia,5/20/20,140,0,0,0,37
Mongolia,5/21/20,140,0,0,0,38
Mongolia,5/22/20,141,0,1,0,39
Mongolia,5/23/20,141,0,0,0,40
Mongolia,5/24/20,141,0,0,0,41
Mongolia,5/25/20,141,0,0,0,42
Mongolia,5/26/20,141,0,0,0,43
Mongolia,5/27/20,148,0,7,0,44
Mongolia,5/28/20,161,0,13,0,45
Mongolia,5/29/20,179,0,18,0,46
Mongolia,5/30/20,179,0,0,0,47
Mongolia,5/31/20,179,0,0,0,48
Mongolia,6/1/20,185,0,6,0,49
Mongolia,6/2/20,185,0,0,0,50
Mongolia,6/3/20,185,0,0,0,51
Mongolia,6/4/20,186,0,1,0,52
Mongolia,6/5/20,191,0,5,0,53
Mongolia,6/6/20,193,0,2,0,54
Mongolia,6/7/20,193,0,0,0,55
Mongolia,6/8/20,194,0,1,0,56
Mongolia,6/9/20,194,0,0,0,57
Mongolia,6/10/20,194,0,0,0,58
Mongolia,6/11/20,197,0,3,0,59
Mongolia,6/12/20,197,0,0,0,60
Mongolia,6/13/20,197,0,0,0,61
Mongolia,6/14/20,197,0,0,0,62
Mongolia,6/15/20,197,0,0,0,63
Mongolia,6/16/20,197,0,0,0,64
Mongolia,6/17/20,201,0,4,0,65
Mongolia,6/18/20,204,0,3,0,66
Mongolia,6/19/20,204,0,0,0,67
Mongolia,6/20/20,206,0,2,0,68
Mongolia,6/21/20,213,0,7,0,69
Mongolia,6/22/20,215,0,2,0,70
Mongolia,6/23/20,215,0,0,0,71
Mongolia,6/24/20,216,0,1,0,72
Mongolia,6/25/20,219,0,3,0,73
Mongolia,6/26/20,219,0,0,0,74
Mongolia,6/27/20,219,0,0,0,75
Mongolia,6/28/20,220,0,1,0,76
Mongolia,6/29/20,220,0,0,0,77
Mongolia,6/30/20,220,0,0,0,78
Mongolia,7/1/20,220,0,0,0,79
Mongolia,7/2/20,220,0,0,0,80
Mongolia,7/3/20,220,0,0,0,81
Mongolia,7/4/20,220,0,0,0,82
Mongolia,7/5/20,220,0,0,0,83
Mongolia,7/6/20,225,0,5,0,84
Mongolia,7/7/20,227,0,2,0,85
Mongolia,7/8/20,227,0,0,0,86
Mongolia,7/9/20,227,0,0,0,87
Mongolia,7/10/20,227,0,0,0,88
Mongolia,7/11/20,230,0,3,0,89
Mongolia,7/12/20,230,0,0,0,90
Mongolia,7/13/20,243,0,13,0,91
Mongolia,7/14/20,261,0,18,0,92
Mongolia,7/15/20,261,0,0,0,93
Mongolia,7/16/20,262,0,1,0,94
Mongolia,7/17/20,287,0,25,0,95
Mongolia,7/18/20,287,0,0,0,96
Mongolia,7/19/20,287,0,0,0,97
Mongolia,7/20/20,287,0,0,0,98
Mongolia,7/21/20,287,0,0,0,99
Mongolia,7/22/20,287,0,0,0,100
Mongolia,7/23/20,288,0,1,0,101
Mongolia,7/24/20,288,0,0,0,102
Mongolia,7/25/20,288,0,0,0,103
Mongolia,7/26/20,288,0,0,0,104
Mongolia,7/27/20,289,0,1,0,105
Mongolia,7/28/20,291,0,2,0,106
Mongolia,7/29/20,291,0,0,0,107
Mongolia,7/30/20,291,0,0,0,108
Mongolia,7/31/20,291,0,0,0,109
Mongolia,8/1/20,293,0,2,0,110
Mongolia,8/2/20,293,0,0,0,111
Mongolia,8/3/20,293,0,0,0,112
Mongolia,8/4/20,293,0,0,0,113
Mongolia,8/5/20,293,0,0,0,114
Mongolia,8/6/20,293,0,0,0,115
Mongolia,8/7/20,293,0,0,0,116
Mongolia,8/8/20,293,0,0,0,117
Mongolia,8/9/20,293,0,0,0,118
Mongolia,8/10/20,293,0,0,0,119
Mongolia,8/11/20,293,0,0,0,120
Mongolia,8/12/20,297,0,4,0,121
Mongolia,8/13/20,297,0,0,0,122
Mongolia,8/14/20,298,0,1,0,123
Mongolia,8/15/20,298,0,0,0,124
Mongolia,8/16/20,298,0,0,0,125
Mongolia,8/17/20,298,0,0,0,126
Mongolia,8/18/20,298,0,0,0,127
Mongolia,8/19/20,298,0,0,0,128
Mongolia,8/20/20,298,0,0,0,129
Mongolia,8/21/20,298,0,0,0,130
Mongolia,8/22/20,298,0,0,0,131
Mongolia,8/23/20,298,0,0,0,132
Mongolia,8/24/20,298,0,0,0,133
Mongolia,8/25/20,300,0,2,0,134
Mongolia,8/26/20,301,0,1,0,135
Mongolia,8/27/20,301,0,0,0,136
Mongolia,8/28/20,301,0,0,0,137
Mongolia,8/29/20,301,0,0,0,138
Mongolia,8/30/20,301,0,0,0,139
Mongolia,8/31/20,304,0,3,0,140
Mongolia,9/1/20,306,0,2,0,141
Mongolia,9/2/20,306,0,0,0,142
Mongolia,9/3/20,310,0,4,0,143
Mongolia,9/4/20,310,0,0,0,144
Mongolia,9/5/20,310,0,0,0,145
Mongolia,9/6/20,310,0,0,0,146
Mongolia,9/7/20,310,0,0,0,147
Mongolia,9/8/20,310,0,0,0,148
Mongolia,9/9/20,310,0,0,0,149
Mongolia,9/10/20,311,0,1,0,150
Mongolia,9/11/20,311,0,0,0,151
Mongolia,9/12/20,311,0,0,0,152
Mongolia,9/13/20,311,0,0,0,153
Mongolia,9/14/20,311,0,0,0,154
Mongolia,9/15/20,311,0,0,0,155
Mongolia,9/16/20,311,0,0,0,156
Mongolia,9/17/20,311,0,0,0,157
Mongolia,9/18/20,311,0,0,0,158
Mongolia,9/19/20,312,0,1,0,159
Mongolia,9/20/20,312,0,0,0,160
Mongolia,9/21/20,313,0,1,0,161
Mongolia,9/22/20,313,0,0,0,162
Mongolia,9/23/20,313,0,0,0,163
Mongolia,9/24/20,313,0,0,0,164
Mongolia,9/25/20,313,0,0,0,165
Mongolia,9/26/20,313,0,0,0,166
Mongolia,9/27/20,313,0,0,0,167
Mongolia,9/28/20,313,0,0,0,168
Mongolia,9/29/20,313,0,0,0,169
Mongolia,9/30/20,313,0,0,0,170
Mongolia,10/1/20,313,0,0,0,171
Mongolia,10/2/20,313,0,0,0,172
Mongolia,10/3/20,313,0,0,0,173
Mongolia,10/4/20,314,0,1,0,174
Mongolia,10/5/20,315,0,1,0,175
Mongolia,10/6/20,315,0,0,0,176
Mongolia,10/7/20,315,0,0,0,177
Mongolia,10/8/20,315,0,0,0,178
Mongolia,10/9/20,315,0,0,0,179
Mongolia,10/10/20,315,0,0,0,180
Mongolia,10/11/20,318,0,3,0,181
Mongolia,10/12/20,320,0,2,0,182
Mongolia,10/13/20,320,0,0,0,183
Mongolia,10/14/20,320,0,0,0,184
Mongolia,10/15/20,320,0,0,0,185
Mongolia,10/16/20,320,0,0,0,186
Mongolia,10/17/20,320,0,0,0,187
Mongolia,10/18/20,324,0,4,0,188
Mongolia,10/19/20,326,0,2,0,189
Mongolia,10/20/20,327,0,1,0,190
Mongolia,10/21/20,328,0,1,0,191
Mongolia,10/22/20,328,0,0,0,192
Mongolia,10/23/20,328,0,0,0,193
Mongolia,10/24/20,338,0,10,0,194
Mongolia,10/25/20,339,0,1,0,195
Mongolia,10/26/20,340,0,1,0,196
Mongolia,10/27/20,340,0,0,0,197
Mongolia,10/28/20,340,0,0,0,198
Mongolia,10/29/20,340,0,0,0,199
Mongolia,10/30/20,346,0,6,0,200
Mongolia,10/31/20,346,0,0,0,201
Mongolia,11/1/20,349,0,3,0,202
Mongolia,11/2/20,350,0,1,0,203
Mongolia,11/3/20,352,0,2,0,204
Mongolia,11/4/20,353,0,1,0,205
Mongolia,11/5/20,356,0,3,0,206
Mongolia,11/6/20,357,0,1,0,207
Mongolia,11/7/20,357,0,0,0,208
Mongolia,11/8/20,362,0,5,0,209
Mongolia,11/9/20,368,0,6,0,210
Mongolia,11/10/20,382,0,14,0,211
Mongolia,11/11/20,406,0,24,0,212
Mongolia,11/12/20,412,0,6,0,213
Mongolia,11/13/20,416,0,4,0,214
Mongolia,11/14/20,428,0,12,0,215
Mongolia,11/15/20,431,0,3,0,216
Mongolia,11/16/20,434,0,3,0,217
Mongolia,11/17/20,455,0,21,0,218
Mongolia,11/18/20,505,0,50,0,219
Mongolia,11/19/20,555,0,50,0,220
Mongolia,11/20/20,578,0,23,0,221
Mongolia,11/21/20,608,0,30,0,222
Mongolia,11/22/20,640,0,32,0,223
Mongolia,11/23/20,672,0,32,0,224
Mongolia,11/24/20,699,0,27,0,225
Mongolia,11/25/20,712,0,13,0,226
Mongolia,11/26/20,738,0,26,0,227
Mongolia,11/27/20,760,0,22,0,228
Mongolia,11/28/20,784,0,24,0,229
Mongolia,11/29/20,791,0,7,0,230
Mongolia,11/30/20,801,0,10,0,231
Mongolia,12/1/20,812,0,11,0,232
Mongolia,12/2/20,819,0,7,0,233
Mongolia,12/3/20,831,0,12,0,234
Mongolia,12/4/20,842,0,11,0,235
Mongolia,12/5/20,849,0,7,0,236
Mongolia,12/6/20,887,0,38,0,237
Mongolia,12/7/20,888,0,1,0,238
Mongolia,12/8/20,893,0,5,0,239
Mongolia,12/9/20,898,0,5,0,240
Mongolia,12/10/20,905,0,7,0,241
Mongolia,12/11/20,906,0,1,0,242
Mongolia,12/12/20,907,0,1,0,243
Mongolia,12/13/20,912,0,5,0,244
Mongolia,12/14/20,917,0,5,0,245
Mongolia,12/15/20,918,0,1,0,246
Mongolia,12/16/20,923,0,5,0,247
Mongolia,12/17/20,941,0,18,0,248
Mongolia,12/18/20,953,0,12,0,249
Mongolia,12/19/20,961,0,8,0,250
Mongolia,12/20/20,993,0,32,0,251
Mongolia,12/21/20,1006,0,13,0,252
Mongolia,12/22/20,1063,0,57,0,253
Mongolia,12/23/20,1069,0,6,0,254
Mongolia,12/24/20,1075,0,6,0,255
Mongolia,12/25/20,1082,0,7,0,256
Mongolia,12/26/20,1121,0,39,0,257
Mongolia,12/27/20,1137,0,16,0,258
Mongolia,12/28/20,1175,0,38,0,259
Mongolia,12/29/20,1195,1,20,1,260
Mongolia,12/30/20,1215,1,20,0,261
Mongolia,12/31/20,1220,1,5,0,262
Mongolia,1/1/21,1242,1,22,0,263
Mongolia,1/2/21,1263,1,21,0,264
Mongolia,1/3/21,1286,1,23,0,265
Mongolia,1/4/21,1308,1,22,0,266
Mongolia,1/5/21,1308,1,0,0,267
Mongolia,1/6/21,1308,1,0,0,268
Mongolia,1/7/21,1395,2,87,1,269
Mongolia,1/8/21,1408,2,13,0,270
Mongolia,1/9/21,1429,2,21,0,271
Mongolia,1/10/21,1442,2,13,0,272
Mongolia,1/11/21,1456,2,14,0,273
Mongolia,1/12/21,1469,2,13,0,274
Mongolia,1/13/21,1479,2,10,0,275
Mongolia,1/14/21,1491,2,12,0,276
Mongolia,1/15/21,1512,2,21,0,277
Mongolia,1/16/21,1517,2,5,0,278
Mongolia,1/17/21,1526,2,9,0,279
Mongolia,1/18/21,1536,2,10,0,280
Mongolia,1/19/21,1568,2,32,0,281
Mongolia,1/20/21,1584,2,16,0,282
Mongolia,1/21/21,1592,2,8,0,283
Mongolia,1/22/21,1611,2,19,0,284
Mongolia,1/23/21,1627,2,16,0,285
Mongolia,1/24/21,1643,2,16,0,286
Mongolia,1/25/21,1656,2,13,0,287
Mongolia,1/26/21,1667,2,11,0,288
Mongolia,1/27/21,1692,2,25,0,289
Mongolia,1/28/21,1710,2,18,0,290
Mongolia,1/29/21,1742,2,32,0,291
Mongolia,1/30/21,1779,2,37,0,292
Mongolia,1/31/21,1814,2,35,0,293
Mongolia,2/1/21,1832,2,18,0,294
Mongolia,2/2/21,1859,2,27,0,295
Mongolia,2/3/21,1890,2,31,0,296
Mongolia,2/4/21,1928,2,38,0,297
Mongolia,2/5/21,1989,2,61,0,298
Mongolia,2/6/21,2023,2,34,0,299
Mongolia,2/7/21,2073,2,50,0,300
Mongolia,2/8/21,2120,2,47,0,301
Mongolia,2/9/21,2174,2,54,0,302
Mongolia,2/10/21,2207,2,33,0,303
Mongolia,2/11/21,2247,2,40,0,304
Mongolia,2/12/21,2293,2,46,0,305
Mongolia,2/13/21,2351,2,58,0,306
Mongolia,2/14/21,2383,2,32,0,307
Mongolia,2/15/21,2416,2,33,0,308
Mongolia,2/16/21,2444,2,28,0,309
Mongolia,2/17/21,2493,2,49,0,310
Mongolia,2/18/21,2551,2,58,0,311
Mongolia,2/19/21,2586,2,35,0,312
Mongolia,2/20/21,2638,2,52,0,313
Mongolia,2/21/21,2693,2,55,0,314
Mongolia,2/22/21,2723,2,30,0,315
Mongolia,2/23/21,2755,2,32,0,316
Mongolia,2/24/21,2801,2,46,0,317
Mongolia,2/25/21,2831,2,30,0,318
Mongolia,2/26/21,2866,2,35,0,319
Mongolia,2/27/21,2907,2,41,0,320
Mongolia,2/28/21,2952,2,45,0,321
Mongolia,3/1/21,3000,2,48,0,322
Mongolia,3/2/21,3032,2,32,0,323
Mongolia,3/3/21,3076,2,44,0,324
Mongolia,3/4/21,3153,2,77,0,325
Mongolia,3/5/21,3161,2,8,0,326
Mongolia,3/6/21,3228,2,67,0,327
Mongolia,3/7/21,3336,2,108,0,328
Mongolia,3/8/21,3372,3,36,1,329
Mongolia,3/9/21,3481,3,109,0,330
Mongolia,3/10/21,3481,3,0,0,331
Mongolia,3/11/21,3664,4,183,1,332
Mongolia,3/12/21,3833,4,169,0,333
Mongolia,3/13/21,3961,4,128,0,334
Mongolia,3/14/21,4083,4,122,0,335
Mongolia,3/15/21,4210,4,127,0,336
Mongolia,3/16/21,4340,4,130,0,337
Mongolia,3/17/21,4498,4,158,0,338
Mongolia,3/18/21,4658,4,160,0,339
Mongolia,3/19/21,4806,4,148,0,340
Mongolia,3/20/21,4806,4,0,0,341
Mongolia,3/21/21,5186,5,380,1,342
Mongolia,3/22/21,5392,5,206,0,343
Mongolia,3/23/21,5610,5,218,0,344
Mongolia,3/24/21,5895,5,285,0,345
Mongolia,3/25/21,6332,5,437,0,346
Mongolia,3/26/21,6693,5,361,0,347
Mongolia,3/27/21,6693,5,0,0,348
Mongolia,3/28/21,7589,6,896,1,349
Mongolia,3/29/21,8070,6,481,0,350
Mongolia,3/30/21,8447,6,377,0,351
Mongolia,3/31/21,8841,8,394,2,352
Mongolia,4/1/21,8841,8,0,0,353
Mongolia,4/2/21,9598,10,757,2,354
Mongolia,4/3/21,9598,10,0,0,355
Mongolia,4/4/21,10820,11,1222,1,356
Mongolia,4/5/21,11651,13,831,2,357
Mongolia,4/6/21,11651,13,0,0,358
Mongolia,4/7/21,12226,17,575,4,359
Mongolia,4/8/21,13494,19,1268,2,360
Mongolia,4/9/21,14183,20,689,1,361
Mongolia,4/10/21,14183,20,0,0,362
Mongolia,4/11/21,15014,22,831,2,363
Mongolia,4/12/21,16603,27,1589,5,364
Mongolia,4/13/21,17823,29,1220,2,365
Mongolia,4/14/21,18565,31,742,2,366
Mongolia,4/15/21,18565,31,0,0,367
Mongolia,4/16/21,19672,37,1107,6,368
Mongolia,4/17/21,21995,44,2323,7,369
Mongolia,4/18/21,22884,49,889,5,370
Mongolia,4/19/21,24195,51,1311,2,371
Mongolia,4/20/21,25364,56,1169,5,372
Mongolia,4/21/21,25364,56,0,0,373
Mongolia,4/22/21,26692,61,1328,5,374
Mongolia,4/23/21,29219,74,2527,13,375
Mongolia,4/24/21,30483,78,1264,4,376
Mongolia,4/25/21,31339,80,856,2,377
Mongolia,4/26/21,31339,80,0,0,378
Mongolia,4/27/21,32437,88,1098,8,379
Mongolia,4/28/21,33608,97,1171,9,380
Mongolia,4/29/21,35979,110,2371,13,381
Mongolia,4/30/21,37285,115,1306,5,382
Mongolia,5/1/21,37285,115,0,0,383
Mongolia,5/2/21,39381,119,2096,4,384
Mongolia,5/3/21,40396,126,1015,7,385
Mongolia,5/4/21,41524,130,1128,4,386
Mongolia,5/5/21,41524,130,0,0,387
Mongolia,5/6/21,43201,153,1677,23,388
Mongolia,5/7/21,44016,160,815,7,389
Mongolia,5/8/21,44820,162,804,2,390
Mongolia,5/9/21,45459,170,639,8,391
Mongolia,5/10/21,45936,179,477,9,392
Mongolia,5/11/21,46448,184,512,5,393
Mongolia,5/12/21,47033,193,585,9,394
Mongolia,5/13/21,47548,200,515,7,395
Mongolia,5/14/21,48101,205,553,5,396
Mongolia,5/15/21,48642,207,541,2,397
Mongolia,5/16/21,49175,214,533,7,398
Mongolia,5/17/21,49524,221,349,7,399
Mongolia,5/18/21,50099,227,575,6,400
Mongolia,5/19/21,50618,235,519,8,401
Mongolia,5/20/21,51247,240,629,5,402
Mongolia,5/21/21,51931,244,684,4,403
Mongolia,5/22/21,52470,248,539,4,404
Mongolia,5/23/21,53100,253,630,5,405
Mongolia,5/24/21,53734,255,634,2,406
Mongolia,5/25/21,54414,257,680,2,407
Mongolia,5/26/21,55067,259,653,2,408
Mongolia,5/27/21,55852,263,785,4,409
Mongolia,5/28/21,56621,268,769,5,410
Mongolia,5/29/21,56621,268,0,0,411
Mongolia,5/30/21,57512,272,891,4,412
Mongolia,5/31/21,58439,276,927,4,413
Mongolia,6/1/21,60372,286,1933,10,414
Mongolia,6/2/21,60372,286,0,0,415
Mongolia,6/3/21,62585,301,2213,15,416
Mongolia,6/4/21,63978,307,1393,6,417
Mongolia,6/5/21,63978,307,0,0,418
Mongolia,6/6/21,66443,313,2465,6,419
Mongolia,6/7/21,67710,318,1267,5,420
Mongolia,6/8/21,67710,318,0,0,421
Mongolia,6/9/21,69022,324,1312,6,422
Mongolia,6/10/21,70482,334,1460,10,423
Mongolia,6/11/21,72104,342,1622,8,424
Mongolia,6/12/21,73896,351,1792,9,425
Mongolia,6/13/21,76084,365,2188,14,426
