country,date,confirmed,deaths,new_confirmed,new_deaths,tagged_day
New Zealand,3/19/20,28,0,8,0,1
New Zealand,3/20/20,39,0,11,0,2
New Zealand,3/21/20,52,0,13,0,3
New Zealand,3/22/20,102,0,50,0,4
New Zealand,3/23/20,102,0,0,0,5
New Zealand,3/24/20,155,0,53,0,6
New Zealand,3/25/20,205,0,50,0,7
New Zealand,3/26/20,283,0,78,0,8
New Zealand,3/27/20,368,0,85,0,9
New Zealand,3/28/20,451,0,83,0,10
New Zealand,3/29/20,514,1,63,1,11
New Zealand,3/30/20,589,1,75,0,12
New Zealand,3/31/20,647,1,58,0,13
New Zealand,4/1/20,708,1,61,0,14
New Zealand,4/2/20,797,1,89,0,15
New Zealand,4/3/20,868,1,71,0,16
New Zealand,4/4/20,950,1,82,0,17
New Zealand,4/5/20,1039,1,89,0,18
New Zealand,4/6/20,1106,1,67,0,19
New Zealand,4/7/20,1160,1,54,0,20
New Zealand,4/8/20,1210,1,50,0,21
New Zealand,4/9/20,1239,1,29,0,22
New Zealand,4/10/20,1283,2,44,1,23
New Zealand,4/11/20,1312,4,29,2,24
New Zealand,4/12/20,1330,4,18,0,25
New Zealand,4/13/20,1349,5,19,1,26
New Zealand,4/14/20,1366,9,17,4,27
New Zealand,4/15/20,1386,9,20,0,28
New Zealand,4/16/20,1401,9,15,0,29
New Zealand,4/17/20,1409,11,8,2,30
New Zealand,4/18/20,1422,11,13,0,31
New Zealand,4/19/20,1431,12,9,1,32
New Zealand,4/20/20,1440,12,9,0,33
New Zealand,4/21/20,1445,13,5,1,34
New Zealand,4/22/20,1451,14,6,1,35
New Zealand,4/23/20,1456,17,5,3,36
New Zealand,4/24/20,1461,18,5,1,37
New Zealand,4/25/20,1470,18,9,0,38
New Zealand,4/26/20,1469,19,-1,1,39
New Zealand,4/27/20,1472,19,3,0,40
New Zealand,4/28/20,1474,19,2,0,41
New Zealand,4/29/20,1476,19,2,0,42
New Zealand,4/30/20,1479,19,3,0,43
New Zealand,5/1/20,1485,20,6,1,44
New Zealand,5/2/20,1487,20,2,0,45
New Zealand,5/3/20,1487,20,0,0,46
New Zealand,5/4/20,1486,20,-1,0,47
New Zealand,5/5/20,1488,21,2,1,48
New Zealand,5/6/20,1489,21,1,0,49
New Zealand,5/7/20,1490,21,1,0,50
New Zealand,5/8/20,1492,21,2,0,51
New Zealand,5/9/20,1494,21,2,0,52
New Zealand,5/10/20,1497,21,3,0,53
New Zealand,5/11/20,1497,21,0,0,54
New Zealand,5/12/20,1497,21,0,0,55
New Zealand,5/13/20,1497,21,0,0,56
New Zealand,5/14/20,1498,21,1,0,57
New Zealand,5/15/20,1498,21,0,0,58
New Zealand,5/16/20,1499,21,1,0,59
New Zealand,5/17/20,1499,21,0,0,60
New Zealand,5/18/20,1499,21,0,0,61
New Zealand,5/19/20,1503,21,4,0,62
New Zealand,5/20/20,1503,21,0,0,63
New Zealand,5/21/20,1504,21,1,0,64
New Zealand,5/22/20,1504,21,0,0,65
New Zealand,5/23/20,1504,21,0,0,66
New Zealand,5/24/20,1504,21,0,0,67
New Zealand,5/25/20,1504,21,0,0,68
New Zealand,5/26/20,1504,21,0,0,69
New Zealand,5/27/20,1504,22,0,1,70
New Zealand,5/28/20,1504,22,0,0,71
New Zealand,5/29/20,1504,22,0,0,72
New Zealand,5/30/20,1504,22,0,0,73
New Zealand,5/31/20,1504,22,0,0,74
New Zealand,6/1/20,1504,22,0,0,75
New Zealand,6/2/20,1504,22,0,0,76
New Zealand,6/3/20,1504,22,0,0,77
New Zealand,6/4/20,1504,22,0,0,78
New Zealand,6/5/20,1504,22,0,0,79
New Zealand,6/6/20,1504,22,0,0,80
New Zealand,6/7/20,1504,22,0,0,81
New Zealand,6/8/20,1504,22,0,0,82
New Zealand,6/9/20,1504,22,0,0,83
New Zealand,6/10/20,1504,22,0,0,84
New Zealand,6/11/20,1504,22,0,0,85
New Zealand,6/12/20,1504,22,0,0,86
New Zealand,6/13/20,1504,22,0,0,87
New Zealand,6/14/20,1504,22,0,0,88
New Zealand,6/15/20,1506,22,2,0,89
New Zealand,6/16/20,1506,22,0,0,90
New Zealand,6/17/20,1507,22,1,0,91
New Zealand,6/18/20,1507,22,0,0,92
New Zealand,6/19/20,1509,22,2,0,93
New Zealand,6/20/20,1511,22,2,0,94
New Zealand,6/21/20,1513,22,2,0,95
New Zealand,6/22/20,1515,22,2,0,96
New Zealand,6/23/20,1516,22,1,0,97
New Zealand,6/24/20,1519,22,3,0,98
New Zealand,6/25/20,1520,22,1,0,99
New Zealand,6/26/20,1522,22,2,0,100
New Zealand,6/27/20,1526,22,4,0,101
New Zealand,6/28/20,1528,22,2,0,102
New Zealand,6/29/20,1528,22,0,0,103
New Zealand,6/30/20,1528,22,0,0,104
New Zealand,7/1/20,1530,22,2,0,105
New Zealand,7/2/20,1530,22,0,0,106
New Zealand,7/3/20,1530,22,0,0,107
New Zealand,7/4/20,1533,22,3,0,108
New Zealand,7/5/20,1534,22,1,0,109
New Zealand,7/6/20,1536,22,2,0,110
New Zealand,7/7/20,1537,22,1,0,111
New Zealand,7/8/20,1540,22,3,0,112
New Zealand,7/9/20,1542,22,2,0,113
New Zealand,7/10/20,1543,22,1,0,114
New Zealand,7/11/20,1544,22,1,0,115
New Zealand,7/12/20,1544,22,0,0,116
New Zealand,7/13/20,1545,22,1,0,117
New Zealand,7/14/20,1547,22,2,0,118
New Zealand,7/15/20,1548,22,1,0,119
New Zealand,7/16/20,1549,22,1,0,120
New Zealand,7/17/20,1550,22,1,0,121
New Zealand,7/18/20,1553,22,3,0,122
New Zealand,7/19/20,1554,22,1,0,123
New Zealand,7/20/20,1555,22,1,0,124
New Zealand,7/21/20,1555,22,0,0,125
New Zealand,7/22/20,1555,22,0,0,126
New Zealand,7/23/20,1556,22,1,0,127
New Zealand,7/24/20,1556,22,0,0,128
New Zealand,7/25/20,1556,22,0,0,129
New Zealand,7/26/20,1556,22,0,0,130
New Zealand,7/27/20,1557,22,1,0,131
New Zealand,7/28/20,1559,22,2,0,132
New Zealand,7/29/20,1560,22,1,0,133
New Zealand,7/30/20,1560,22,0,0,134
New Zealand,7/31/20,1562,22,2,0,135
New Zealand,8/1/20,1565,22,3,0,136
New Zealand,8/2/20,1567,22,2,0,137
New Zealand,8/3/20,1567,22,0,0,138
New Zealand,8/4/20,1569,22,2,0,139
New Zealand,8/5/20,1569,22,0,0,140
New Zealand,8/6/20,1569,22,0,0,141
New Zealand,8/7/20,1569,22,0,0,142
New Zealand,8/8/20,1569,22,0,0,143
New Zealand,8/9/20,1569,22,0,0,144
New Zealand,8/10/20,1570,22,1,0,145
New Zealand,8/11/20,1570,22,0,0,146
New Zealand,8/12/20,1589,22,19,0,147
New Zealand,8/13/20,1602,22,13,0,148
New Zealand,8/14/20,1609,22,7,0,149
New Zealand,8/15/20,1622,22,13,0,150
New Zealand,8/16/20,1631,22,9,0,151
New Zealand,8/17/20,1643,22,12,0,152
New Zealand,8/18/20,1649,22,6,0,153
New Zealand,8/19/20,1654,22,5,0,154
New Zealand,8/20/20,1665,22,11,0,155
New Zealand,8/21/20,1671,22,6,0,156
New Zealand,8/22/20,1674,22,3,0,157
New Zealand,8/23/20,1683,22,9,0,158
New Zealand,8/24/20,1690,22,7,0,159
New Zealand,8/25/20,1695,22,5,0,160
New Zealand,8/26/20,1702,22,7,0,161
New Zealand,8/27/20,1714,22,12,0,162
New Zealand,8/28/20,1727,22,13,0,163
New Zealand,8/29/20,1729,22,2,0,164
New Zealand,8/30/20,1738,22,9,0,165
New Zealand,8/31/20,1752,22,14,0,166
New Zealand,9/1/20,1757,22,5,0,167
New Zealand,9/2/20,1759,22,2,0,168
New Zealand,9/3/20,1764,22,5,0,169
New Zealand,9/4/20,1767,24,3,2,170
New Zealand,9/5/20,1772,24,5,0,171
New Zealand,9/6/20,1776,24,4,0,172
New Zealand,9/7/20,1782,24,6,0,173
New Zealand,9/8/20,1788,24,6,0,174
New Zealand,9/9/20,1792,24,4,0,175
New Zealand,9/10/20,1793,24,1,0,176
New Zealand,9/11/20,1795,24,2,0,177
New Zealand,9/12/20,1797,24,2,0,178
New Zealand,9/13/20,1798,24,1,0,179
New Zealand,9/14/20,1801,24,3,0,180
New Zealand,9/15/20,1802,25,1,1,181
New Zealand,9/16/20,1809,25,7,0,182
New Zealand,9/17/20,1809,25,0,0,183
New Zealand,9/18/20,1811,25,2,0,184
New Zealand,9/19/20,1815,25,4,0,185
New Zealand,9/20/20,1815,25,0,0,186
New Zealand,9/21/20,1815,25,0,0,187
New Zealand,9/22/20,1824,25,9,0,188
New Zealand,9/23/20,1827,25,3,0,189
New Zealand,9/24/20,1829,25,2,0,190
New Zealand,9/25/20,1831,25,2,0,191
New Zealand,9/26/20,1833,25,2,0,192
New Zealand,9/27/20,1833,25,0,0,193
New Zealand,9/28/20,1835,25,2,0,194
New Zealand,9/29/20,1836,25,1,0,195
New Zealand,9/30/20,1848,25,12,0,196
New Zealand,10/1/20,1848,25,0,0,197
New Zealand,10/2/20,1849,25,1,0,198
New Zealand,10/3/20,1854,25,5,0,199
New Zealand,10/4/20,1855,25,1,0,200
New Zealand,10/5/20,1858,25,3,0,201
New Zealand,10/6/20,1861,25,3,0,202
New Zealand,10/7/20,1864,25,3,0,203
New Zealand,10/8/20,1866,25,2,0,204
New Zealand,10/9/20,1870,25,4,0,205
New Zealand,10/10/20,1871,25,1,0,206
New Zealand,10/11/20,1871,25,0,0,207
New Zealand,10/12/20,1872,25,1,0,208
New Zealand,10/13/20,1874,25,2,0,209
New Zealand,10/14/20,1876,25,2,0,210
New Zealand,10/15/20,1880,25,4,0,211
New Zealand,10/16/20,1883,25,3,0,212
New Zealand,10/17/20,1886,25,3,0,213
New Zealand,10/18/20,1886,25,0,0,214
New Zealand,10/19/20,1887,25,1,0,215
New Zealand,10/20/20,1912,25,25,0,216
New Zealand,10/21/20,1914,25,2,0,217
New Zealand,10/22/20,1923,25,9,0,218
New Zealand,10/23/20,1934,25,11,0,219
New Zealand,10/24/20,1935,25,1,0,220
New Zealand,10/25/20,1940,25,5,0,221
New Zealand,10/26/20,1941,25,1,0,222
New Zealand,10/27/20,1943,25,2,0,223
New Zealand,10/28/20,1949,25,6,0,224
New Zealand,10/29/20,1950,25,1,0,225
New Zealand,10/30/20,1957,25,7,0,226
New Zealand,10/31/20,1959,25,2,0,227
New Zealand,11/1/20,1963,25,4,0,228
New Zealand,11/2/20,1968,25,5,0,229
New Zealand,11/3/20,1971,25,3,0,230
New Zealand,11/4/20,1973,25,2,0,231
New Zealand,11/5/20,1974,25,1,0,232
New Zealand,11/6/20,1976,25,2,0,233
New Zealand,11/7/20,1982,25,6,0,234
New Zealand,11/8/20,1986,25,4,0,235
New Zealand,11/9/20,1987,25,1,0,236
New Zealand,11/10/20,1988,25,1,0,237
New Zealand,11/11/20,1991,25,3,0,238
New Zealand,11/12/20,1995,25,4,0,239
New Zealand,11/13/20,1998,25,3,0,240
New Zealand,11/14/20,2001,25,3,0,241
New Zealand,11/15/20,2001,25,0,0,242
New Zealand,11/16/20,2005,25,4,0,243
New Zealand,11/17/20,2008,25,3,0,244
New Zealand,11/18/20,2010,25,2,0,245
New Zealand,11/19/20,2013,25,3,0,246
New Zealand,11/20/20,2019,25,6,0,247
New Zealand,11/21/20,2028,25,9,0,248
New Zealand,11/22/20,2030,25,2,0,249
New Zealand,11/23/20,2031,25,1,0,250
New Zealand,11/24/20,2039,25,8,0,251
New Zealand,11/25/20,2040,25,1,0,252
New Zealand,11/26/20,2047,25,7,0,253
New Zealand,11/27/20,2050,25,3,0,254
New Zealand,11/28/20,2050,25,0,0,255
New Zealand,11/29/20,2056,25,6,0,256
New Zealand,11/30/20,2059,25,3,0,257
New Zealand,12/1/20,2060,25,1,0,258
New Zealand,12/2/20,2069,25,9,0,259
New Zealand,12/3/20,2069,25,0,0,260
New Zealand,12/4/20,2078,25,9,0,261
New Zealand,12/5/20,2078,25,0,0,262
New Zealand,12/6/20,2079,25,1,0,263
New Zealand,12/7/20,2085,25,6,0,264
New Zealand,12/8/20,2088,25,3,0,265
New Zealand,12/9/20,2088,25,0,0,266
New Zealand,12/10/20,2092,25,4,0,267
New Zealand,12/11/20,2092,25,0,0,268
New Zealand,12/12/20,2096,25,4,0,269
New Zealand,12/13/20,2096,25,0,0,270
New Zealand,12/14/20,2096,25,0,0,271
New Zealand,12/15/20,2100,25,4,0,272
New Zealand,12/16/20,2100,25,0,0,273
New Zealand,12/17/20,2110,25,10,0,274
New Zealand,12/18/20,2110,25,0,0,275
New Zealand,12/19/20,2116,25,6,0,276
New Zealand,12/20/20,2121,25,5,0,277
New Zealand,12/21/20,2121,25,0,0,278
New Zealand,12/22/20,2128,25,7,0,279
New Zealand,12/23/20,2128,25,0,0,280
New Zealand,12/24/20,2128,25,0,0,281
New Zealand,12/25/20,2128,25,0,0,282
New Zealand,12/26/20,2144,25,16,0,283
New Zealand,12/27/20,2144,25,0,0,284
New Zealand,12/28/20,2151,25,7,0,285
New Zealand,12/29/20,2151,25,0,0,286
New Zealand,12/30/20,2162,25,11,0,287
New Zealand,12/31/20,2162,25,0,0,288
New Zealand,1/1/21,2162,25,0,0,289
New Zealand,1/2/21,2181,25,19,0,290
New Zealand,1/3/21,2181,25,0,0,291
New Zealand,1/4/21,2186,25,5,0,292
New Zealand,1/5/21,2186,25,0,0,293
New Zealand,1/6/21,2188,25,2,0,294
New Zealand,1/7/21,2188,25,0,0,295
New Zealand,1/8/21,2188,25,0,0,296
New Zealand,1/9/21,2219,25,31,0,297
New Zealand,1/10/21,2222,25,3,0,298
New Zealand,1/11/21,2222,25,0,0,299
New Zealand,1/12/21,2228,25,6,0,300
New Zealand,1/13/21,2228,25,0,0,301
New Zealand,1/14/21,2246,25,18,0,302
New Zealand,1/15/21,2246,25,0,0,303
New Zealand,1/16/21,2256,25,10,0,304
New Zealand,1/17/21,2262,25,6,0,305
New Zealand,1/18/21,2262,25,0,0,306
New Zealand,1/19/21,2267,25,5,0,307
New Zealand,1/20/21,2267,25,0,0,308
New Zealand,1/21/21,2276,25,9,0,309
New Zealand,1/22/21,2276,25,0,0,310
New Zealand,1/23/21,2283,25,7,0,311
New Zealand,1/24/21,2288,25,5,0,312
New Zealand,1/25/21,2290,25,2,0,313
New Zealand,1/26/21,2295,25,5,0,314
New Zealand,1/27/21,2299,25,4,0,315
New Zealand,1/28/21,2305,25,6,0,316
New Zealand,1/29/21,2303,25,-2,0,317
New Zealand,1/30/21,2304,25,1,0,318
New Zealand,1/31/21,2304,25,0,0,319
New Zealand,2/1/21,2307,25,3,0,320
New Zealand,2/2/21,2308,25,1,0,321
New Zealand,2/3/21,2313,25,5,0,322
New Zealand,2/4/21,2315,25,2,0,323
New Zealand,2/5/21,2315,25,0,0,324
New Zealand,2/6/21,2320,25,5,0,325
New Zealand,2/7/21,2320,25,0,0,326
New Zealand,2/8/21,2322,25,2,0,327
New Zealand,2/9/21,2324,25,2,0,328
New Zealand,2/10/21,2324,25,0,0,329
New Zealand,2/11/21,2326,25,2,0,330
New Zealand,2/12/21,2328,25,2,0,331
New Zealand,2/13/21,2330,25,2,0,332
New Zealand,2/14/21,2336,25,6,0,333
New Zealand,2/15/21,2337,26,1,1,334
New Zealand,2/16/21,2340,26,3,0,335
New Zealand,2/17/21,2344,26,4,0,336
New Zealand,2/18/21,2348,26,4,0,337
New Zealand,2/19/21,2350,26,2,0,338
New Zealand,2/20/21,2350,26,0,0,339
New Zealand,2/21/21,2357,26,7,0,340
New Zealand,2/22/21,2363,26,6,0,341
New Zealand,2/23/21,2365,26,2,0,342
New Zealand,2/24/21,2368,26,3,0,343
New Zealand,2/25/21,2371,26,3,0,344
New Zealand,2/26/21,2372,26,1,0,345
New Zealand,2/27/21,2376,26,4,0,346
New Zealand,2/28/21,2378,26,2,0,347
New Zealand,3/1/21,2382,26,4,0,348
New Zealand,3/2/21,2384,26,2,0,349
New Zealand,3/3/21,2389,26,5,0,350
New Zealand,3/4/21,2389,26,0,0,351
New Zealand,3/5/21,2398,26,9,0,352
New Zealand,3/6/21,2399,26,1,0,353
New Zealand,3/7/21,2405,26,6,0,354
New Zealand,3/8/21,2409,26,4,0,355
New Zealand,3/9/21,2410,26,1,0,356
New Zealand,3/10/21,2416,26,6,0,357
New Zealand,3/11/21,2417,26,1,0,358
New Zealand,3/12/21,2422,26,5,0,359
New Zealand,3/13/21,2423,26,1,0,360
New Zealand,3/14/21,2430,26,7,0,361
New Zealand,3/15/21,2432,26,2,0,362
New Zealand,3/16/21,2434,26,2,0,363
New Zealand,3/17/21,2434,26,0,0,364
New Zealand,3/18/21,2444,26,10,0,365
New Zealand,3/19/21,2444,26,0,0,366
New Zealand,3/20/21,2453,26,9,0,367
New Zealand,3/21/21,2462,26,9,0,368
New Zealand,3/22/21,2462,26,0,0,369
New Zealand,3/23/21,2470,26,8,0,370
New Zealand,3/24/21,2476,26,6,0,371
New Zealand,3/25/21,2479,26,3,0,372
New Zealand,3/26/21,2481,26,2,0,373
New Zealand,3/27/21,2482,26,1,0,374
New Zealand,3/28/21,2493,26,11,0,375
New Zealand,3/29/21,2495,26,2,0,376
New Zealand,3/30/21,2497,26,2,0,377
New Zealand,3/31/21,2501,26,4,0,378
New Zealand,4/1/21,2501,26,0,0,379
New Zealand,4/2/21,2501,26,0,0,380
New Zealand,4/3/21,2501,26,0,0,381
New Zealand,4/4/21,2507,26,6,0,382
New Zealand,4/5/21,2524,26,17,0,383
New Zealand,4/6/21,2531,26,7,0,384
New Zealand,4/7/21,2555,26,24,0,385
New Zealand,4/8/21,2561,26,6,0,386
New Zealand,4/9/21,2571,26,10,0,387
New Zealand,4/10/21,2574,26,3,0,388
New Zealand,4/11/21,2583,26,9,0,389
New Zealand,4/12/21,2587,26,4,0,390
New Zealand,4/13/21,2589,26,2,0,391
New Zealand,4/14/21,2591,26,2,0,392
New Zealand,4/15/21,2591,26,0,0,393
New Zealand,4/16/21,2591,26,0,0,394
New Zealand,4/17/21,2595,26,4,0,395
New Zealand,4/18/21,2596,26,1,0,396
New Zealand,4/19/21,2597,26,1,0,397
New Zealand,4/20/21,2599,26,2,0,398
New Zealand,4/21/21,2600,26,1,0,399
New Zealand,4/22/21,2600,26,0,0,400
New Zealand,4/23/21,2600,26,0,0,401
New Zealand,4/24/21,2601,26,1,0,402
New Zealand,4/25/21,2601,26,0,0,403
New Zealand,4/26/21,2609,26,8,0,404
New Zealand,4/27/21,2609,26,0,0,405
New Zealand,4/28/21,2613,26,4,0,406
New Zealand,4/29/21,2613,26,0,0,407
New Zealand,4/30/21,2613,26,0,0,408
New Zealand,5/1/21,2618,26,5,0,409
New Zealand,5/2/21,2622,26,4,0,410
New Zealand,5/3/21,2623,26,1,0,411
New Zealand,5/4/21,2629,26,6,0,412
New Zealand,5/5/21,2633,26,4,0,413
New Zealand,5/6/21,2634,26,1,0,414
New Zealand,5/7/21,2634,26,0,0,415
New Zealand,5/8/21,2642,26,8,0,416
New Zealand,5/9/21,2644,26,2,0,417
New Zealand,5/10/21,2644,26,0,0,418
New Zealand,5/11/21,2643,26,-1,0,419
New Zealand,5/12/21,2644,26,1,0,420
New Zealand,5/13/21,2645,26,1,0,421
New Zealand,5/14/21,2645,26,0,0,422
New Zealand,5/15/21,2646,26,1,0,423
New Zealand,5/16/21,2651,26,5,0,424
New Zealand,5/17/21,2653,26,2,0,425
New Zealand,5/18/21,2658,26,5,0,426
New Zealand,5/19/21,2659,26,1,0,427
New Zealand,5/20/21,2662,26,3,0,428
New Zealand,5/21/21,2662,26,0,0,429
New Zealand,5/22/21,2668,26,6,0,430
New Zealand,5/23/21,2668,26,0,0,431
New Zealand,5/24/21,2669,26,1,0,432
New Zealand,5/25/21,2669,26,0,0,433
New Zealand,5/26/21,2670,26,1,0,434
New Zealand,5/27/21,2670,26,0,0,435
New Zealand,5/28/21,2670,26,0,0,436
New Zealand,5/29/21,2672,26,2,0,437
New Zealand,5/30/21,2673,26,1,0,438
New Zealand,5/31/21,2673,26,0,0,439
New Zealand,6/1/21,2679,26,6,0,440
New Zealand,6/2/21,2681,26,2,0,441
New Zealand,6/3/21,2682,26,1,0,442
New Zealand,6/4/21,2682,26,0,0,443
New Zealand,6/5/21,2682,26,0,0,444
New Zealand,6/6/21,2682,26,0,0,445
New Zealand,6/7/21,2692,26,10,0,446
New Zealand,6/8/21,2696,26,4,0,447
New Zealand,6/9/21,2697,26,1,0,448
New Zealand,6/10/21,2702,26,5,0,449
New Zealand,6/11/21,2702,26,0,0,450
New Zealand,6/12/21,2708,26,6,0,451
New Zealand,6/13/21,2709,26,1,0,452
