country,date,confirmed,deaths,new_confirmed,new_deaths,tagged_day
Pakistan,3/12/20,28,0,8,0,1
Pakistan,3/13/20,31,0,3,0,2
Pakistan,3/14/20,53,0,22,0,3
Pakistan,3/15/20,136,0,83,0,4
Pakistan,3/16/20,236,0,100,0,5
Pakistan,3/17/20,299,0,63,0,6
Pakistan,3/18/20,454,2,155,2,7
Pakistan,3/19/20,501,3,47,1,8
Pakistan,3/20/20,730,3,229,0,9
Pakistan,3/21/20,776,5,46,2,10
Pakistan,3/22/20,875,6,99,1,11
Pakistan,3/23/20,972,7,97,1,12
Pakistan,3/24/20,1063,8,91,1,13
Pakistan,3/25/20,1201,9,138,1,14
Pakistan,3/26/20,1373,11,172,2,15
Pakistan,3/27/20,1495,12,122,1,16
Pakistan,3/28/20,1597,14,102,2,17
Pakistan,3/29/20,1717,21,120,7,18
Pakistan,3/30/20,1938,26,221,5,19
Pakistan,3/31/20,2118,27,180,1,20
Pakistan,4/1/20,2421,34,303,7,21
Pakistan,4/2/20,2686,40,265,6,22
Pakistan,4/3/20,2818,41,132,1,23
Pakistan,4/4/20,3157,47,339,6,24
Pakistan,4/5/20,3766,53,609,6,25
Pakistan,4/6/20,4035,57,269,4,26
Pakistan,4/7/20,4263,61,228,4,27
Pakistan,4/8/20,4489,65,226,4,28
Pakistan,4/9/20,4695,66,206,1,29
Pakistan,4/10/20,5011,86,316,20,30
Pakistan,4/11/20,5230,91,219,5,31
Pakistan,4/12/20,5496,93,266,2,32
Pakistan,4/13/20,5837,96,341,3,33
Pakistan,4/14/20,6383,111,546,15,34
Pakistan,4/15/20,6919,128,536,17,35
Pakistan,4/16/20,7025,135,106,7,36
Pakistan,4/17/20,7638,143,613,8,37
Pakistan,4/18/20,8348,168,710,25,38
Pakistan,4/19/20,8418,176,70,8,39
Pakistan,4/20/20,9565,201,1147,25,40
Pakistan,4/21/20,10076,212,511,11,41
Pakistan,4/22/20,11155,237,1079,25,42
Pakistan,4/23/20,11940,253,785,16,43
Pakistan,4/24/20,12723,269,783,16,44
Pakistan,4/25/20,13328,281,605,12,45
Pakistan,4/26/20,13915,292,587,11,46
Pakistan,4/27/20,14612,312,697,20,47
Pakistan,4/28/20,15525,343,913,31,48
Pakistan,4/29/20,16817,385,1292,42,49
Pakistan,4/30/20,18114,417,1297,32,50
Pakistan,5/1/20,19103,440,989,23,51
Pakistan,5/2/20,20084,457,981,17,52
Pakistan,5/3/20,20941,476,857,19,53
Pakistan,5/4/20,22049,514,1108,38,54
Pakistan,5/5/20,24073,564,2024,50,55
Pakistan,5/6/20,24644,585,571,21,56
Pakistan,5/7/20,26435,599,1791,14,57
Pakistan,5/8/20,28736,636,2301,37,58
Pakistan,5/9/20,30334,659,1598,23,59
Pakistan,5/10/20,32081,706,1747,47,60
Pakistan,5/11/20,34336,737,2255,31,61
Pakistan,5/12/20,35298,761,962,24,62
Pakistan,5/13/20,35788,770,490,9,63
Pakistan,5/14/20,38799,834,3011,64,64
Pakistan,5/15/20,38799,834,0,0,65
Pakistan,5/16/20,40151,873,1352,39,66
Pakistan,5/17/20,42125,903,1974,30,67
Pakistan,5/18/20,43966,939,1841,36,68
Pakistan,5/19/20,45898,985,1932,46,69
Pakistan,5/20/20,48091,1017,2193,32,70
Pakistan,5/21/20,50694,1067,2603,50,71
Pakistan,5/22/20,52437,1101,1743,34,72
Pakistan,5/23/20,54601,1133,2164,32,73
Pakistan,5/24/20,56349,1167,1748,34,74
Pakistan,5/25/20,57705,1197,1356,30,75
Pakistan,5/26/20,59151,1225,1446,28,76
Pakistan,5/27/20,61227,1260,2076,35,77
Pakistan,5/28/20,64028,1317,2801,57,78
Pakistan,5/29/20,66457,1395,2429,78,79
Pakistan,5/30/20,69496,1483,3039,88,80
Pakistan,5/31/20,72460,1543,2964,60,81
Pakistan,6/1/20,76398,1621,3938,78,82
Pakistan,6/2/20,80463,1688,4065,67,83
Pakistan,6/3/20,85264,1770,4801,82,84
Pakistan,6/4/20,89249,1838,3985,68,85
Pakistan,6/5/20,93983,1935,4734,97,86
Pakistan,6/6/20,98943,2002,4960,67,87
Pakistan,6/7/20,103671,2067,4728,65,88
Pakistan,6/8/20,108317,2172,4646,105,89
Pakistan,6/9/20,113702,2255,5385,83,90
Pakistan,6/10/20,119536,2356,5834,101,91
Pakistan,6/11/20,125933,2463,6397,107,92
Pakistan,6/12/20,125933,2463,0,0,93
Pakistan,6/13/20,132405,2551,6472,88,94
Pakistan,6/14/20,144478,2729,12073,178,95
Pakistan,6/15/20,148921,2839,4443,110,96
Pakistan,6/16/20,154760,2975,5839,136,97
Pakistan,6/17/20,160118,3093,5358,118,98
Pakistan,6/18/20,165062,3229,4944,136,99
Pakistan,6/19/20,171666,3382,6604,153,100
Pakistan,6/20/20,176617,3501,4951,119,101
Pakistan,6/21/20,181088,3590,4471,89,102
Pakistan,6/22/20,185034,3695,3946,105,103
Pakistan,6/23/20,188926,3755,3892,60,104
Pakistan,6/24/20,192970,3903,4044,148,105
Pakistan,6/25/20,195745,3962,2775,59,106
Pakistan,6/26/20,198883,4035,3138,73,107
Pakistan,6/27/20,202955,4118,4072,83,108
Pakistan,6/28/20,206512,4167,3557,49,109
Pakistan,6/29/20,209337,4304,2825,137,110
Pakistan,6/30/20,213470,4395,4133,91,111
Pakistan,7/1/20,217809,4473,4339,78,112
Pakistan,7/2/20,221896,4551,4087,78,113
Pakistan,7/3/20,221896,4551,0,0,114
Pakistan,7/4/20,225283,4619,3387,68,115
Pakistan,7/5/20,231818,4762,6535,143,116
Pakistan,7/6/20,234509,4839,2691,77,117
Pakistan,7/7/20,237489,4922,2980,83,118
Pakistan,7/8/20,240848,4983,3359,61,119
Pakistan,7/9/20,243599,5058,2751,75,120
Pakistan,7/10/20,246351,5123,2752,65,121
Pakistan,7/11/20,248872,5197,2521,74,122
Pakistan,7/12/20,251625,5266,2753,69,123
Pakistan,7/13/20,253604,5320,1979,54,124
Pakistan,7/14/20,255769,5386,2165,66,125
Pakistan,7/15/20,257914,5426,2145,40,126
Pakistan,7/16/20,257914,5426,0,0,127
Pakistan,7/17/20,261917,5522,4003,96,128
Pakistan,7/18/20,263496,5568,1579,46,129
Pakistan,7/19/20,265083,5599,1587,31,130
Pakistan,7/20/20,266096,5639,1013,40,131
Pakistan,7/21/20,267428,5677,1332,38,132
Pakistan,7/22/20,269191,5709,1763,32,133
Pakistan,7/23/20,270400,5763,1209,54,134
Pakistan,7/24/20,271887,5787,1487,24,135
Pakistan,7/25/20,273113,5822,1226,35,136
Pakistan,7/26/20,273113,5822,0,0,137
Pakistan,7/27/20,274289,5842,1176,20,138
Pakistan,7/28/20,275225,5865,936,23,139
Pakistan,7/29/20,276288,5892,1063,27,140
Pakistan,7/30/20,277402,5924,1114,32,141
Pakistan,7/31/20,278305,5951,903,27,142
Pakistan,8/1/20,278305,5951,0,0,143
Pakistan,8/2/20,279699,5976,1394,25,144
Pakistan,8/3/20,280461,5999,762,23,145
Pakistan,8/4/20,280461,5999,0,0,146
Pakistan,8/5/20,281136,6014,675,15,147
Pakistan,8/6/20,281863,6035,727,21,148
Pakistan,8/7/20,282645,6052,782,17,149
Pakistan,8/8/20,283487,6068,842,16,150
Pakistan,8/9/20,284121,6082,634,14,151
Pakistan,8/10/20,284660,6097,539,15,152
Pakistan,8/11/20,285191,6112,531,15,153
Pakistan,8/12/20,285921,6129,730,17,154
Pakistan,8/13/20,286674,6139,753,10,155
Pakistan,8/14/20,287300,6153,626,14,156
Pakistan,8/15/20,288047,6162,747,9,157
Pakistan,8/16/20,289215,6175,1168,13,158
Pakistan,8/17/20,289215,6175,0,0,159
Pakistan,8/18/20,289832,6190,617,15,160
Pakistan,8/19/20,290445,6201,613,11,161
Pakistan,8/20/20,290958,6209,513,8,162
Pakistan,8/21/20,291588,6219,630,10,163
Pakistan,8/22/20,292174,6231,586,12,164
Pakistan,8/23/20,293261,6244,1087,13,165
Pakistan,8/24/20,293261,6244,0,0,166
Pakistan,8/25/20,293711,6255,450,11,167
Pakistan,8/26/20,294193,6267,482,12,168
Pakistan,8/27/20,294638,6274,445,7,169
Pakistan,8/28/20,295053,6283,415,9,170
Pakistan,8/29/20,295372,6284,319,1,171
Pakistan,8/30/20,295636,6288,264,4,172
Pakistan,8/31/20,295849,6294,213,6,173
Pakistan,9/1/20,296149,6298,300,4,174
Pakistan,9/2/20,297014,6328,865,30,175
Pakistan,9/3/20,297512,6335,498,7,176
Pakistan,9/4/20,298025,6340,513,5,177
Pakistan,9/5/20,298025,6340,0,0,178
Pakistan,9/6/20,298903,6345,878,5,179
Pakistan,9/7/20,299233,6350,330,5,180
Pakistan,9/8/20,299659,6359,426,9,181
Pakistan,9/9/20,300030,6365,371,6,182
Pakistan,9/10/20,300371,6370,341,5,183
Pakistan,9/11/20,300955,6373,584,3,184
Pakistan,9/12/20,301481,6379,526,6,185
Pakistan,9/13/20,302020,6383,539,4,186
Pakistan,9/14/20,302424,6389,404,6,187
Pakistan,9/15/20,303089,6393,665,4,188
Pakistan,9/16/20,303634,6399,545,6,189
Pakistan,9/17/20,304386,6408,752,9,190
Pakistan,9/18/20,305031,6415,645,7,191
Pakistan,9/19/20,305671,6416,640,1,192
Pakistan,9/20/20,306304,6420,633,4,193
Pakistan,9/21/20,306886,6424,582,4,194
Pakistan,9/22/20,307418,6432,532,8,195
Pakistan,9/23/20,308217,6437,799,5,196
Pakistan,9/24/20,309015,6444,798,7,197
Pakistan,9/25/20,309581,6451,566,7,198
Pakistan,9/26/20,310275,6457,694,6,199
Pakistan,9/27/20,310841,6466,566,9,200
Pakistan,9/28/20,311516,6474,675,8,201
Pakistan,9/29/20,312263,6479,747,5,202
Pakistan,9/30/20,312806,6484,543,5,203
Pakistan,10/1/20,313431,6499,625,15,204
Pakistan,10/2/20,313984,6507,553,8,205
Pakistan,10/3/20,314616,6513,632,6,206
Pakistan,10/4/20,314616,6513,0,0,207
Pakistan,10/5/20,315727,6523,1111,10,208
Pakistan,10/6/20,316351,6535,624,12,209
Pakistan,10/7/20,316934,6544,583,9,210
Pakistan,10/8/20,317595,6552,661,8,211
Pakistan,10/9/20,318266,6558,671,6,212
Pakistan,10/10/20,318932,6570,666,12,213
Pakistan,10/11/20,319317,6580,385,10,214
Pakistan,10/12/20,319848,6588,531,8,215
Pakistan,10/13/20,320463,6601,615,13,216
Pakistan,10/14/20,321218,6614,755,13,217
Pakistan,10/15/20,321877,6621,659,7,218
Pakistan,10/16/20,322452,6638,575,17,219
Pakistan,10/17/20,323019,6654,567,16,220
Pakistan,10/18/20,323452,6659,433,5,221
Pakistan,10/19/20,324034,6673,582,14,222
Pakistan,10/20/20,324744,6692,710,19,223
Pakistan,10/21/20,325480,6702,736,10,224
Pakistan,10/22/20,326216,6715,736,13,225
Pakistan,10/23/20,327063,6727,847,12,226
Pakistan,10/24/20,327895,6736,832,9,227
Pakistan,10/25/20,328602,6739,707,3,228
Pakistan,10/26/20,329375,6745,773,6,229
Pakistan,10/27/20,330200,6759,825,14,230
Pakistan,10/28/20,331108,6775,908,16,231
Pakistan,10/29/20,332186,6795,1078,20,232
Pakistan,10/30/20,332993,6806,807,11,233
Pakistan,10/31/20,333970,6823,977,17,234
Pakistan,11/1/20,335093,6835,1123,12,235
Pakistan,11/2/20,336260,6849,1167,14,236
Pakistan,11/3/20,337573,6867,1313,18,237
Pakistan,11/4/20,338875,6893,1302,26,238
Pakistan,11/5/20,340251,6923,1376,30,239
Pakistan,11/6/20,341753,6943,1502,20,240
Pakistan,11/7/20,343189,6968,1436,25,241
Pakistan,11/8/20,344839,6977,1650,9,242
Pakistan,11/9/20,346476,7000,1637,23,243
Pakistan,11/10/20,348184,7021,1708,21,244
Pakistan,11/11/20,349992,7055,1808,34,245
Pakistan,11/12/20,352296,7092,2304,37,246
Pakistan,11/13/20,354461,7109,2165,17,247
Pakistan,11/14/20,356904,7141,2443,32,248
Pakistan,11/15/20,359032,7160,2128,19,249
Pakistan,11/16/20,361082,7193,2050,33,250
Pakistan,11/17/20,363380,7230,2298,37,251
Pakistan,11/18/20,365927,7248,2547,18,252
Pakistan,11/19/20,368665,7561,2738,313,253
Pakistan,11/20/20,371508,7603,2843,42,254
Pakistan,11/21/20,374173,7662,2665,59,255
Pakistan,11/22/20,376929,7696,2756,34,256
Pakistan,11/23/20,379883,7744,2954,48,257
Pakistan,11/24/20,382892,7803,3009,59,258
Pakistan,11/25/20,386198,7843,3306,40,259
Pakistan,11/26/20,389311,7897,3113,54,260
Pakistan,11/27/20,392356,7942,3045,45,261
Pakistan,11/28/20,395185,7985,2829,43,262
Pakistan,11/29/20,398024,8025,2839,40,263
Pakistan,11/30/20,400482,8091,2458,66,264
Pakistan,12/1/20,403311,8166,2829,75,265
Pakistan,12/2/20,406810,8205,3499,39,266
Pakistan,12/3/20,410072,8260,3262,55,267
Pakistan,12/4/20,413191,8303,3119,43,268
Pakistan,12/5/20,416499,8361,3308,58,269
Pakistan,12/6/20,420294,8398,3795,37,270
Pakistan,12/7/20,423179,8487,2885,89,271
Pakistan,12/8/20,426142,8547,2963,60,272
Pakistan,12/9/20,429280,8603,3138,56,273
Pakistan,12/10/20,432327,8653,3047,50,274
Pakistan,12/11/20,435056,8724,2729,71,275
Pakistan,12/12/20,438425,8796,3369,72,276
Pakistan,12/13/20,440787,8832,2362,36,277
Pakistan,12/14/20,443246,8905,2459,73,278
Pakistan,12/15/20,445977,9010,2731,105,279
Pakistan,12/16/20,448522,9080,2545,70,280
Pakistan,12/17/20,451494,9164,2972,84,281
Pakistan,12/18/20,454673,9250,3179,86,282
Pakistan,12/19/20,457288,9330,2615,80,283
Pakistan,12/20/20,458968,9392,1680,62,284
Pakistan,12/21/20,460672,9474,1704,82,285
Pakistan,12/22/20,462814,9557,2142,83,286
Pakistan,12/23/20,465070,9668,2256,111,287
Pakistan,12/24/20,467222,9753,2152,85,288
Pakistan,12/25/20,469482,9816,2260,63,289
Pakistan,12/26/20,471335,9874,1853,58,290
Pakistan,12/27/20,473309,9929,1974,55,291
Pakistan,12/28/20,475085,9992,1776,63,292
Pakistan,12/29/20,477240,10047,2155,55,293
Pakistan,12/30/20,479715,10105,2475,58,294
Pakistan,12/31/20,482178,10176,2463,71,295
Pakistan,1/1/21,484362,10258,2184,82,296
Pakistan,1/2/21,486634,10311,2272,53,297
Pakistan,1/3/21,488529,10350,1895,39,298
Pakistan,1/4/21,490476,10409,1947,59,299
Pakistan,1/5/21,492594,10461,2118,52,300
Pakistan,1/6/21,495075,10511,2481,50,301
Pakistan,1/7/21,497510,10558,2435,47,302
Pakistan,1/8/21,499517,10598,2007,40,303
Pakistan,1/9/21,502416,10644,2899,46,304
Pakistan,1/10/21,504293,10676,1877,32,305
Pakistan,1/11/21,506701,10717,2408,41,306
Pakistan,1/12/21,508824,10772,2123,55,307
Pakistan,1/13/21,511921,10818,3097,46,308
Pakistan,1/14/21,514338,10863,2417,45,309
Pakistan,1/15/21,516770,10908,2432,45,310
Pakistan,1/16/21,519291,10951,2521,43,311
Pakistan,1/17/21,521211,10997,1920,46,312
Pakistan,1/18/21,523011,11055,1800,58,313
Pakistan,1/19/21,524783,11103,1772,48,314
Pakistan,1/20/21,527146,11157,2363,54,315
Pakistan,1/21/21,528891,11204,1745,47,316
Pakistan,1/22/21,530818,11247,1927,43,317
Pakistan,1/23/21,532412,11295,1594,48,318
Pakistan,1/24/21,534041,11318,1629,23,319
Pakistan,1/25/21,535914,11376,1873,58,320
Pakistan,1/26/21,537477,11450,1563,74,321
Pakistan,1/27/21,539387,11514,1910,64,322
Pakistan,1/28/21,541031,11560,1644,46,323
Pakistan,1/29/21,543214,11623,2183,63,324
Pakistan,1/30/21,544813,11657,1599,34,325
Pakistan,1/31/21,546428,11683,1615,26,326
Pakistan,2/1/21,547648,11746,1220,63,327
Pakistan,2/2/21,549032,11802,1384,56,328
Pakistan,2/3/21,550540,11833,1508,31,329
Pakistan,2/4/21,551842,11886,1302,53,330
Pakistan,2/5/21,553128,11914,1286,28,331
Pakistan,2/6/21,554474,11967,1346,53,332
Pakistan,2/7/21,555511,12026,1037,59,333
Pakistan,2/8/21,556519,12066,1008,40,334
Pakistan,2/9/21,557591,12128,1072,62,335
Pakistan,2/10/21,559093,12185,1502,57,336
Pakistan,2/11/21,560363,12218,1270,33,337
Pakistan,2/12/21,561625,12276,1262,58,338
Pakistan,2/13/21,563029,12307,1404,31,339
Pakistan,2/14/21,564077,12333,1048,26,340
Pakistan,2/15/21,564077,12333,0,0,341
Pakistan,2/16/21,565989,12436,1912,103,342
Pakistan,2/17/21,567261,12488,1272,52,343
Pakistan,2/18/21,568506,12527,1245,39,344
Pakistan,2/19/21,569846,12563,1340,36,345
Pakistan,2/20/21,571174,12601,1328,38,346
Pakistan,2/21/21,572334,12617,1160,16,347
Pakistan,2/22/21,573384,12658,1050,41,348
Pakistan,2/23/21,574580,12708,1196,50,349
Pakistan,2/24/21,575941,12772,1361,64,350
Pakistan,2/25/21,577482,12804,1541,32,351
Pakistan,2/26/21,578797,12837,1315,33,352
Pakistan,2/27/21,579973,12860,1176,23,353
Pakistan,2/28/21,581365,12896,1392,36,354
Pakistan,3/1/21,582528,12938,1163,42,355
Pakistan,3/2/21,583916,13013,1388,75,356
Pakistan,3/3/21,585435,13076,1519,63,357
Pakistan,3/4/21,587014,13128,1579,52,358
Pakistan,3/5/21,588728,13166,1714,38,359
Pakistan,3/6/21,590508,13205,1780,39,360
Pakistan,3/7/21,592100,13227,1592,22,361
Pakistan,3/8/21,593453,13281,1353,54,362
Pakistan,3/9/21,595239,13324,1786,43,363
Pakistan,3/10/21,597497,13377,2258,53,364
Pakistan,3/11/21,600198,13430,2701,53,365
Pakistan,3/12/21,602536,13476,2338,46,366
Pakistan,3/13/21,605200,13508,2664,32,367
Pakistan,3/14/21,607453,13537,2253,29,368
Pakistan,3/15/21,609964,13595,2511,58,369
Pakistan,3/16/21,612315,13656,2351,61,370
Pakistan,3/17/21,615810,13717,3495,61,371
Pakistan,3/18/21,619259,13757,3449,40,372
Pakistan,3/19/21,623135,13799,3876,42,373
Pakistan,3/20/21,626802,13843,3667,44,374
Pakistan,3/21/21,630471,13863,3669,20,375
Pakistan,3/22/21,633741,13935,3270,72,376
Pakistan,3/23/21,637042,13965,3301,30,377
Pakistan,3/24/21,640988,14028,3946,63,378
Pakistan,3/25/21,645356,14091,4368,63,379
Pakistan,3/26/21,649824,14158,4468,67,380
Pakistan,3/27/21,654591,14215,4767,57,381
Pakistan,3/28/21,659116,14256,4525,41,382
Pakistan,3/29/21,663200,14356,4084,100,383
Pakistan,3/30/21,667957,14434,4757,78,384
Pakistan,3/31/21,672931,14530,4974,96,385
Pakistan,4/1/21,678165,14613,5234,83,386
Pakistan,4/2/21,682888,14697,4723,84,387
Pakistan,4/3/21,687908,14778,5020,81,388
Pakistan,4/4/21,692231,14821,4323,43,389
Pakistan,4/5/21,696184,14924,3953,103,390
Pakistan,4/6/21,700188,15026,4004,102,391
Pakistan,4/7/21,705517,15124,5329,98,392
Pakistan,4/8/21,710829,15229,5312,105,393
Pakistan,4/9/21,715968,15329,5139,100,394
Pakistan,4/10/21,721018,15443,5050,114,395
Pakistan,4/11/21,725602,15501,4584,58,396
Pakistan,4/12/21,729920,15619,4318,118,397
Pakistan,4/13/21,734423,15754,4503,135,398
Pakistan,4/14/21,739818,15872,5395,118,399
Pakistan,4/15/21,745182,15982,5364,110,400
Pakistan,4/16/21,750158,16094,4976,112,401
Pakistan,4/17/21,756285,16243,6127,149,402
Pakistan,4/18/21,761437,16316,5152,73,403
Pakistan,4/19/21,766882,16453,5445,137,404
Pakistan,4/20/21,772381,16600,5499,147,405
Pakistan,4/21/21,778238,16698,5857,98,406
Pakistan,4/22/21,784108,16842,5870,144,407
Pakistan,4/23/21,790016,16999,5908,157,408
Pakistan,4/24/21,795627,17117,5611,118,409
Pakistan,4/25/21,800452,17187,4825,70,410
Pakistan,4/26/21,804939,17329,4487,142,411
Pakistan,4/27/21,810231,17530,5292,201,412
Pakistan,4/28/21,815711,17680,5480,150,413
Pakistan,4/29/21,820823,17811,5112,131,414
Pakistan,4/30/21,825519,17957,4696,146,415
Pakistan,5/1/21,829933,18070,4414,113,416
Pakistan,5/2/21,834146,18149,4213,79,417
Pakistan,5/3/21,837523,18310,3377,161,418
Pakistan,5/4/21,837523,18310,0,0,419
Pakistan,5/5/21,841636,18429,4113,119,420
Pakistan,5/6/21,850131,18677,8495,248,421
Pakistan,5/7/21,854240,18797,4109,120,422
Pakistan,5/8/21,858026,18915,3786,118,423
Pakistan,5/9/21,861473,18993,3447,78,424
Pakistan,5/10/21,864557,19106,3084,113,425
Pakistan,5/11/21,867438,19210,2881,104,426
Pakistan,5/12/21,870703,19336,3265,126,427
Pakistan,5/13/21,873220,19384,2517,48,428
Pakistan,5/14/21,874751,19467,1531,83,429
Pakistan,5/15/21,877130,19543,2379,76,430
Pakistan,5/16/21,880362,19617,3232,74,431
Pakistan,5/17/21,882928,19752,2566,135,432
Pakistan,5/18/21,886184,19856,3256,104,433
Pakistan,5/19/21,890391,19987,4207,131,434
Pakistan,5/20/21,893461,20089,3070,102,435
Pakistan,5/21/21,897468,20177,4007,88,436
Pakistan,5/22/21,900552,20251,3084,74,437
Pakistan,5/23/21,903599,20308,3047,57,438
Pakistan,5/24/21,905852,20400,2253,92,439
Pakistan,5/25/21,908576,20465,2724,65,440
Pakistan,5/26/21,911302,20540,2726,75,441
Pakistan,5/27/21,913784,20607,2482,67,442
Pakistan,5/28/21,916239,20680,2455,73,443
Pakistan,5/29/21,918936,20736,2697,56,444
Pakistan,5/30/21,921053,20779,2117,43,445
Pakistan,5/31/21,922824,20850,1771,71,446
Pakistan,6/1/21,924667,20930,1843,80,447
Pakistan,6/2/21,926695,21022,2028,92,448
Pakistan,6/3/21,928588,21105,1893,83,449
Pakistan,6/4/21,930511,21189,1923,84,450
Pakistan,6/5/21,932140,21265,1629,76,451
Pakistan,6/6/21,933630,21323,1490,58,452
Pakistan,6/7/21,935013,21376,1383,53,453
Pakistan,6/8/21,936131,21453,1118,77,454
Pakistan,6/9/21,937434,21529,1303,76,455
Pakistan,6/10/21,938737,21576,1303,47,456
Pakistan,6/11/21,939931,21633,1194,57,457
Pakistan,6/12/21,941170,21689,1239,56,458
Pakistan,6/13/21,942189,21723,1019,34,459
