country,date,confirmed,deaths,new_confirmed,new_deaths,tagged_day
Papua New Guinea,7/21/20,27,1,8,0,1
Papua New Guinea,7/22/20,30,0,3,-1,2
Papua New Guinea,7/23/20,31,0,1,0,3
Papua New Guinea,7/24/20,32,0,1,0,4
Papua New Guinea,7/25/20,39,0,7,0,5
Papua New Guinea,7/26/20,62,0,23,0,6
Papua New Guinea,7/27/20,62,0,0,0,7
Papua New Guinea,7/28/20,63,0,1,0,8
Papua New Guinea,7/29/20,63,1,0,1,9
Papua New Guinea,7/30/20,63,2,0,1,10
Papua New Guinea,7/31/20,72,2,9,0,11
Papua New Guinea,8/1/20,91,2,19,0,12
Papua New Guinea,8/2/20,110,2,19,0,13
Papua New Guinea,8/3/20,111,2,1,0,14
Papua New Guinea,8/4/20,114,2,3,0,15
Papua New Guinea,8/5/20,153,2,39,0,16
Papua New Guinea,8/6/20,163,3,10,1,17
Papua New Guinea,8/7/20,188,3,25,0,18
Papua New Guinea,8/8/20,188,3,0,0,19
Papua New Guinea,8/9/20,214,3,26,0,20
Papua New Guinea,8/10/20,214,3,0,0,21
Papua New Guinea,8/11/20,214,3,0,0,22
Papua New Guinea,8/12/20,287,3,73,0,23
Papua New Guinea,8/13/20,271,3,-16,0,24
Papua New Guinea,8/14/20,271,3,0,0,25
Papua New Guinea,8/15/20,271,3,0,0,26
Papua New Guinea,8/16/20,323,3,52,0,27
Papua New Guinea,8/17/20,333,3,10,0,28
Papua New Guinea,8/18/20,347,3,14,0,29
Papua New Guinea,8/19/20,347,3,0,0,30
Papua New Guinea,8/20/20,361,4,14,1,31
Papua New Guinea,8/21/20,361,4,0,0,32
Papua New Guinea,8/22/20,361,4,0,0,33
Papua New Guinea,8/23/20,401,4,40,0,34
Papua New Guinea,8/24/20,401,4,0,0,35
Papua New Guinea,8/25/20,419,4,18,0,36
Papua New Guinea,8/26/20,419,4,0,0,37
Papua New Guinea,8/27/20,424,4,5,0,38
Papua New Guinea,8/28/20,453,5,29,1,39
Papua New Guinea,8/29/20,453,5,0,0,40
Papua New Guinea,8/30/20,459,5,6,0,41
Papua New Guinea,8/31/20,459,5,0,0,42
Papua New Guinea,9/1/20,460,5,1,0,43
Papua New Guinea,9/2/20,471,5,11,0,44
Papua New Guinea,9/3/20,471,5,0,0,45
Papua New Guinea,9/4/20,479,5,8,0,46
Papua New Guinea,9/5/20,488,5,9,0,47
Papua New Guinea,9/6/20,497,5,9,0,48
Papua New Guinea,9/7/20,497,5,0,0,49
Papua New Guinea,9/8/20,503,5,6,0,50
Papua New Guinea,9/9/20,504,5,1,0,51
Papua New Guinea,9/10/20,507,5,3,0,52
Papua New Guinea,9/11/20,508,5,1,0,53
Papua New Guinea,9/12/20,508,5,0,0,54
Papua New Guinea,9/13/20,510,6,2,1,55
Papua New Guinea,9/14/20,511,6,1,0,56
Papua New Guinea,9/15/20,511,6,0,0,57
Papua New Guinea,9/16/20,516,6,5,0,58
Papua New Guinea,9/17/20,516,6,0,0,59
Papua New Guinea,9/18/20,516,6,0,0,60
Papua New Guinea,9/19/20,516,6,0,0,61
Papua New Guinea,9/20/20,517,7,1,1,62
Papua New Guinea,9/21/20,517,7,0,0,63
Papua New Guinea,9/22/20,527,7,10,0,64
Papua New Guinea,9/23/20,527,7,0,0,65
Papua New Guinea,9/24/20,531,7,4,0,66
Papua New Guinea,9/25/20,532,7,1,0,67
Papua New Guinea,9/26/20,532,7,0,0,68
Papua New Guinea,9/27/20,532,7,0,0,69
Papua New Guinea,9/28/20,532,7,0,0,70
Papua New Guinea,9/29/20,534,7,2,0,71
Papua New Guinea,9/30/20,534,7,0,0,72
Papua New Guinea,10/1/20,539,7,5,0,73
Papua New Guinea,10/2/20,539,7,0,0,74
Papua New Guinea,10/3/20,540,7,1,0,75
Papua New Guinea,10/4/20,540,7,0,0,76
Papua New Guinea,10/5/20,540,7,0,0,77
Papua New Guinea,10/6/20,541,7,1,0,78
Papua New Guinea,10/7/20,541,7,0,0,79
Papua New Guinea,10/8/20,549,7,8,0,80
Papua New Guinea,10/9/20,549,7,0,0,81
Papua New Guinea,10/10/20,549,7,0,0,82
Papua New Guinea,10/11/20,554,7,5,0,83
Papua New Guinea,10/12/20,565,7,11,0,84
Papua New Guinea,10/13/20,565,7,0,0,85
Papua New Guinea,10/14/20,578,7,13,0,86
Papua New Guinea,10/15/20,578,7,0,0,87
Papua New Guinea,10/16/20,578,7,0,0,88
Papua New Guinea,10/17/20,581,7,3,0,89
Papua New Guinea,10/18/20,581,7,0,0,90
Papua New Guinea,10/19/20,581,7,0,0,91
Papua New Guinea,10/20/20,581,7,0,0,92
Papua New Guinea,10/21/20,581,7,0,0,93
Papua New Guinea,10/22/20,583,7,2,0,94
Papua New Guinea,10/23/20,583,7,0,0,95
Papua New Guinea,10/24/20,583,7,0,0,96
Papua New Guinea,10/25/20,583,7,0,0,97
Papua New Guinea,10/26/20,588,7,5,0,98
Papua New Guinea,10/27/20,588,7,0,0,99
Papua New Guinea,10/28/20,588,7,0,0,100
Papua New Guinea,10/29/20,589,7,1,0,101
Papua New Guinea,10/30/20,589,7,0,0,102
Papua New Guinea,10/31/20,589,7,0,0,103
Papua New Guinea,11/1/20,589,7,0,0,104
Papua New Guinea,11/2/20,590,7,1,0,105
Papua New Guinea,11/3/20,597,7,7,0,106
Papua New Guinea,11/4/20,597,7,0,0,107
Papua New Guinea,11/5/20,597,7,0,0,108
Papua New Guinea,11/6/20,597,7,0,0,109
Papua New Guinea,11/7/20,597,7,0,0,110
Papua New Guinea,11/8/20,599,7,2,0,111
Papua New Guinea,11/9/20,599,7,0,0,112
Papua New Guinea,11/10/20,599,7,0,0,113
Papua New Guinea,11/11/20,599,7,0,0,114
Papua New Guinea,11/12/20,599,7,0,0,115
Papua New Guinea,11/13/20,600,7,1,0,116
Papua New Guinea,11/14/20,600,7,0,0,117
Papua New Guinea,11/15/20,602,7,2,0,118
Papua New Guinea,11/16/20,602,7,0,0,119
Papua New Guinea,11/17/20,602,7,0,0,120
Papua New Guinea,11/18/20,604,7,2,0,121
Papua New Guinea,11/19/20,604,7,0,0,122
Papua New Guinea,11/20/20,604,7,0,0,123
Papua New Guinea,11/21/20,604,7,0,0,124
Papua New Guinea,11/22/20,604,7,0,0,125
Papua New Guinea,11/23/20,630,7,26,0,126
Papua New Guinea,11/24/20,630,7,0,0,127
Papua New Guinea,11/25/20,645,7,15,0,128
Papua New Guinea,11/26/20,645,7,0,0,129
Papua New Guinea,11/27/20,645,7,0,0,130
Papua New Guinea,11/28/20,645,7,0,0,131
Papua New Guinea,11/29/20,645,7,0,0,132
Papua New Guinea,11/30/20,656,7,11,0,133
Papua New Guinea,12/1/20,669,7,13,0,134
Papua New Guinea,12/2/20,669,7,0,0,135
Papua New Guinea,12/3/20,671,7,2,0,136
Papua New Guinea,12/4/20,671,7,0,0,137
Papua New Guinea,12/5/20,671,7,0,0,138
Papua New Guinea,12/6/20,671,7,0,0,139
Papua New Guinea,12/7/20,671,7,0,0,140
Papua New Guinea,12/8/20,684,7,13,0,141
Papua New Guinea,12/9/20,684,7,0,0,142
Papua New Guinea,12/10/20,684,7,0,0,143
Papua New Guinea,12/11/20,720,8,36,1,144
Papua New Guinea,12/12/20,720,8,0,0,145
Papua New Guinea,12/13/20,725,8,5,0,146
Papua New Guinea,12/14/20,725,8,0,0,147
Papua New Guinea,12/15/20,729,8,4,0,148
Papua New Guinea,12/16/20,729,8,0,0,149
Papua New Guinea,12/17/20,760,8,31,0,150
Papua New Guinea,12/18/20,760,8,0,0,151
Papua New Guinea,12/19/20,760,8,0,0,152
Papua New Guinea,12/20/20,760,8,0,0,153
Papua New Guinea,12/21/20,761,9,1,1,154
Papua New Guinea,12/22/20,761,9,0,0,155
Papua New Guinea,12/23/20,761,9,0,0,156
Papua New Guinea,12/24/20,780,9,19,0,157
Papua New Guinea,12/25/20,780,9,0,0,158
Papua New Guinea,12/26/20,780,9,0,0,159
Papua New Guinea,12/27/20,780,9,0,0,160
Papua New Guinea,12/28/20,780,9,0,0,161
Papua New Guinea,12/29/20,780,9,0,0,162
Papua New Guinea,12/30/20,780,9,0,0,163
Papua New Guinea,12/31/20,780,9,0,0,164
Papua New Guinea,1/1/21,780,9,0,0,165
Papua New Guinea,1/2/21,780,9,0,0,166
Papua New Guinea,1/3/21,799,9,19,0,167
Papua New Guinea,1/4/21,799,9,0,0,168
Papua New Guinea,1/5/21,799,9,0,0,169
Papua New Guinea,1/6/21,799,9,0,0,170
Papua New Guinea,1/7/21,799,9,0,0,171
Papua New Guinea,1/8/21,811,9,12,0,172
Papua New Guinea,1/9/21,811,9,0,0,173
Papua New Guinea,1/10/21,811,9,0,0,174
Papua New Guinea,1/11/21,819,9,8,0,175
Papua New Guinea,1/12/21,823,9,4,0,176
Papua New Guinea,1/13/21,833,9,10,0,177
Papua New Guinea,1/14/21,834,9,1,0,178
Papua New Guinea,1/15/21,834,9,0,0,179
Papua New Guinea,1/16/21,834,9,0,0,180
Papua New Guinea,1/17/21,834,9,0,0,181
Papua New Guinea,1/18/21,834,9,0,0,182
Papua New Guinea,1/19/21,834,9,0,0,183
Papua New Guinea,1/20/21,835,9,1,0,184
Papua New Guinea,1/21/21,835,9,0,0,185
Papua New Guinea,1/22/21,835,9,0,0,186
Papua New Guinea,1/23/21,835,9,0,0,187
Papua New Guinea,1/24/21,835,9,0,0,188
Papua New Guinea,1/25/21,835,9,0,0,189
Papua New Guinea,1/26/21,850,9,15,0,190
Papua New Guinea,1/27/21,851,9,1,0,191
Papua New Guinea,1/28/21,851,9,0,0,192
Papua New Guinea,1/29/21,851,9,0,0,193
Papua New Guinea,1/30/21,851,9,0,0,194
Papua New Guinea,1/31/21,851,9,0,0,195
Papua New Guinea,2/1/21,867,9,16,0,196
Papua New Guinea,2/2/21,867,9,0,0,197
Papua New Guinea,2/3/21,867,9,0,0,198
Papua New Guinea,2/4/21,867,9,0,0,199
Papua New Guinea,2/5/21,891,9,24,0,200
Papua New Guinea,2/6/21,891,9,0,0,201
Papua New Guinea,2/7/21,895,9,4,0,202
Papua New Guinea,2/8/21,900,9,5,0,203
Papua New Guinea,2/9/21,900,9,0,0,204
Papua New Guinea,2/10/21,900,9,0,0,205
Papua New Guinea,2/11/21,914,9,14,0,206
Papua New Guinea,2/12/21,914,9,0,0,207
Papua New Guinea,2/13/21,914,9,0,0,208
Papua New Guinea,2/14/21,914,9,0,0,209
Papua New Guinea,2/15/21,914,9,0,0,210
Papua New Guinea,2/16/21,955,10,41,1,211
Papua New Guinea,2/17/21,955,10,0,0,212
Papua New Guinea,2/18/21,955,10,0,0,213
Papua New Guinea,2/19/21,955,10,0,0,214
Papua New Guinea,2/20/21,970,10,15,0,215
Papua New Guinea,2/21/21,970,10,0,0,216
Papua New Guinea,2/22/21,1056,10,86,0,217
Papua New Guinea,2/23/21,1111,10,55,0,218
Papua New Guinea,2/24/21,1139,11,28,1,219
Papua New Guinea,2/25/21,1228,12,89,1,220
Papua New Guinea,2/26/21,1228,12,0,0,221
Papua New Guinea,2/27/21,1275,12,47,0,222
Papua New Guinea,2/28/21,1275,12,0,0,223
Papua New Guinea,3/1/21,1365,14,90,2,224
Papua New Guinea,3/2/21,1365,14,0,0,225
Papua New Guinea,3/3/21,1365,14,0,0,226
Papua New Guinea,3/4/21,1365,14,0,0,227
Papua New Guinea,3/5/21,1492,16,127,2,228
Papua New Guinea,3/6/21,1492,16,0,0,229
Papua New Guinea,3/7/21,1583,16,91,0,230
Papua New Guinea,3/8/21,1670,16,87,0,231
Papua New Guinea,3/9/21,1741,16,71,0,232
Papua New Guinea,3/10/21,1741,16,0,0,233
Papua New Guinea,3/11/21,1819,21,78,5,234
Papua New Guinea,3/12/21,1819,21,0,0,235
Papua New Guinea,3/13/21,1819,21,0,0,236
Papua New Guinea,3/14/21,2173,21,354,0,237
Papua New Guinea,3/15/21,2269,26,96,5,238
Papua New Guinea,3/16/21,2351,26,82,0,239
Papua New Guinea,3/17/21,2351,26,0,0,240
Papua New Guinea,3/18/21,2479,31,128,5,241
Papua New Guinea,3/19/21,2658,36,179,5,242
Papua New Guinea,3/20/21,3085,36,427,0,243
Papua New Guinea,3/21/21,3085,36,0,0,244
Papua New Guinea,3/22/21,3359,36,274,0,245
Papua New Guinea,3/23/21,3758,37,399,1,246
Papua New Guinea,3/24/21,4109,39,351,2,247
Papua New Guinea,3/25/21,4109,39,0,0,248
Papua New Guinea,3/26/21,4660,39,551,0,249
Papua New Guinea,3/27/21,4660,39,0,0,250
Papua New Guinea,3/28/21,5184,45,524,6,251
Papua New Guinea,3/29/21,5349,49,165,4,252
Papua New Guinea,3/30/21,5620,56,271,7,253
Papua New Guinea,3/31/21,5991,60,371,4,254
Papua New Guinea,4/1/21,6112,60,121,0,255
Papua New Guinea,4/2/21,6475,60,363,0,256
Papua New Guinea,4/3/21,6619,60,144,0,257
Papua New Guinea,4/4/21,7038,61,419,1,258
Papua New Guinea,4/5/21,7406,67,368,6,259
Papua New Guinea,4/6/21,7406,67,0,0,260
Papua New Guinea,4/7/21,7634,68,228,1,261
Papua New Guinea,4/8/21,7839,68,205,0,262
Papua New Guinea,4/9/21,7839,68,0,0,263
Papua New Guinea,4/10/21,8342,68,503,0,264
Papua New Guinea,4/11/21,8442,68,100,0,265
Papua New Guinea,4/12/21,8602,69,160,1,266
Papua New Guinea,4/13/21,8821,69,219,0,267
Papua New Guinea,4/14/21,8984,71,163,2,268
Papua New Guinea,4/15/21,9188,82,204,11,269
Papua New Guinea,4/16/21,9343,82,155,0,270
Papua New Guinea,4/17/21,9343,82,0,0,271
Papua New Guinea,4/18/21,9738,89,395,7,272
Papua New Guinea,4/19/21,9952,91,214,2,273
Papua New Guinea,4/20/21,9952,91,0,0,274
Papua New Guinea,4/21/21,9952,91,0,0,275
Papua New Guinea,4/22/21,10338,99,386,8,276
Papua New Guinea,4/23/21,10338,99,0,0,277
Papua New Guinea,4/24/21,10602,102,264,3,278
Papua New Guinea,4/25/21,10670,102,68,0,279
Papua New Guinea,4/26/21,10835,105,165,3,280
Papua New Guinea,4/27/21,10835,105,0,0,281
Papua New Guinea,4/28/21,10915,107,80,2,282
Papua New Guinea,4/29/21,10997,107,82,0,283
Papua New Guinea,4/30/21,10997,107,0,0,284
Papua New Guinea,5/1/21,11119,115,122,8,285
Papua New Guinea,5/2/21,11206,115,87,0,286
Papua New Guinea,5/3/21,11262,115,56,0,287
Papua New Guinea,5/4/21,11273,121,11,6,288
Papua New Guinea,5/5/21,11273,121,0,0,289
Papua New Guinea,5/6/21,11630,121,357,0,290
Papua New Guinea,5/7/21,11630,121,0,0,291
Papua New Guinea,5/8/21,11630,121,0,0,292
Papua New Guinea,5/9/21,11630,121,0,0,293
Papua New Guinea,5/10/21,12086,121,456,0,294
Papua New Guinea,5/11/21,12493,130,407,9,295
Papua New Guinea,5/12/21,12997,130,504,0,296
Papua New Guinea,5/13/21,13242,133,245,3,297
Papua New Guinea,5/14/21,13707,136,465,3,298
Papua New Guinea,5/15/21,13707,136,0,0,299
Papua New Guinea,5/16/21,13707,136,0,0,300
Papua New Guinea,5/17/21,13707,136,0,0,301
Papua New Guinea,5/18/21,14206,136,499,0,302
Papua New Guinea,5/19/21,14639,141,433,5,303
Papua New Guinea,5/20/21,14910,154,271,13,304
Papua New Guinea,5/21/21,14910,154,0,0,305
Papua New Guinea,5/22/21,14910,154,0,0,306
Papua New Guinea,5/23/21,14910,154,0,0,307
Papua New Guinea,5/24/21,15187,156,277,2,308
Papua New Guinea,5/25/21,15222,156,35,0,309
Papua New Guinea,5/26/21,15368,159,146,3,310
Papua New Guinea,5/27/21,15415,162,47,3,311
Papua New Guinea,5/28/21,15772,162,357,0,312
Papua New Guinea,5/29/21,15772,162,0,0,313
Papua New Guinea,5/30/21,15848,162,76,0,314
Papua New Guinea,5/31/21,15910,162,62,0,315
Papua New Guinea,6/1/21,15910,162,0,0,316
Papua New Guinea,6/2/21,15910,162,0,0,317
Papua New Guinea,6/3/21,16185,162,275,0,318
Papua New Guinea,6/4/21,16185,162,0,0,319
Papua New Guinea,6/5/21,16258,164,73,2,320
Papua New Guinea,6/6/21,16327,164,69,0,321
Papua New Guinea,6/7/21,16374,164,47,0,322
Papua New Guinea,6/8/21,16398,164,24,0,323
Papua New Guinea,6/9/21,16580,164,182,0,324
Papua New Guinea,6/10/21,16621,164,41,0,325
Papua New Guinea,6/11/21,16621,164,0,0,326
Papua New Guinea,6/12/21,16661,164,40,0,327
Papua New Guinea,6/13/21,16682,165,21,1,328
