country,date,confirmed,deaths,new_confirmed,new_deaths,tagged_day
Saint Lucia,7/3/20,22,0,3,0,1
Saint Lucia,7/4/20,22,0,0,0,2
Saint Lucia,7/5/20,22,0,0,0,3
Saint Lucia,7/6/20,22,0,0,0,4
Saint Lucia,7/7/20,22,0,0,0,5
Saint Lucia,7/8/20,22,0,0,0,6
Saint Lucia,7/9/20,22,0,0,0,7
Saint Lucia,7/10/20,22,0,0,0,8
Saint Lucia,7/11/20,22,0,0,0,9
Saint Lucia,7/12/20,22,0,0,0,10
Saint Lucia,7/13/20,22,0,0,0,11
Saint Lucia,7/14/20,22,0,0,0,12
Saint Lucia,7/15/20,22,0,0,0,13
Saint Lucia,7/16/20,23,0,1,0,14
Saint Lucia,7/17/20,23,0,0,0,15
Saint Lucia,7/18/20,23,0,0,0,16
Saint Lucia,7/19/20,23,0,0,0,17
Saint Lucia,7/20/20,23,0,0,0,18
Saint Lucia,7/21/20,23,0,0,0,19
Saint Lucia,7/22/20,23,0,0,0,20
Saint Lucia,7/23/20,24,0,1,0,21
Saint Lucia,7/24/20,24,0,0,0,22
Saint Lucia,7/25/20,24,0,0,0,23
Saint Lucia,7/26/20,24,0,0,0,24
Saint Lucia,7/27/20,24,0,0,0,25
Saint Lucia,7/28/20,24,0,0,0,26
Saint Lucia,7/29/20,24,0,0,0,27
Saint Lucia,7/30/20,25,0,1,0,28
Saint Lucia,7/31/20,25,0,0,0,29
Saint Lucia,8/1/20,25,0,0,0,30
Saint Lucia,8/2/20,25,0,0,0,31
Saint Lucia,8/3/20,25,0,0,0,32
Saint Lucia,8/4/20,25,0,0,0,33
Saint Lucia,8/5/20,25,0,0,0,34
Saint Lucia,8/6/20,25,0,0,0,35
Saint Lucia,8/7/20,25,0,0,0,36
Saint Lucia,8/8/20,25,0,0,0,37
Saint Lucia,8/9/20,25,0,0,0,38
Saint Lucia,8/10/20,25,0,0,0,39
Saint Lucia,8/11/20,25,0,0,0,40
Saint Lucia,8/12/20,25,0,0,0,41
Saint Lucia,8/13/20,25,0,0,0,42
Saint Lucia,8/14/20,25,0,0,0,43
Saint Lucia,8/15/20,25,0,0,0,44
Saint Lucia,8/16/20,25,0,0,0,45
Saint Lucia,8/17/20,25,0,0,0,46
Saint Lucia,8/18/20,26,0,1,0,47
Saint Lucia,8/19/20,26,0,0,0,48
Saint Lucia,8/20/20,26,0,0,0,49
Saint Lucia,8/21/20,26,0,0,0,50
Saint Lucia,8/22/20,26,0,0,0,51
Saint Lucia,8/23/20,26,0,0,0,52
Saint Lucia,8/24/20,26,0,0,0,53
Saint Lucia,8/25/20,26,0,0,0,54
Saint Lucia,8/26/20,26,0,0,0,55
Saint Lucia,8/27/20,26,0,0,0,56
Saint Lucia,8/28/20,26,0,0,0,57
Saint Lucia,8/29/20,26,0,0,0,58
Saint Lucia,8/30/20,26,0,0,0,59
Saint Lucia,8/31/20,26,0,0,0,60
Saint Lucia,9/1/20,26,0,0,0,61
Saint Lucia,9/2/20,26,0,0,0,62
Saint Lucia,9/3/20,26,0,0,0,63
Saint Lucia,9/4/20,26,0,0,0,64
Saint Lucia,9/5/20,26,0,0,0,65
Saint Lucia,9/6/20,26,0,0,0,66
Saint Lucia,9/7/20,26,0,0,0,67
Saint Lucia,9/8/20,26,0,0,0,68
Saint Lucia,9/9/20,27,0,1,0,69
Saint Lucia,9/10/20,27,0,0,0,70
Saint Lucia,9/11/20,27,0,0,0,71
Saint Lucia,9/12/20,27,0,0,0,72
Saint Lucia,9/13/20,27,0,0,0,73
Saint Lucia,9/14/20,27,0,0,0,74
Saint Lucia,9/15/20,27,0,0,0,75
Saint Lucia,9/16/20,27,0,0,0,76
Saint Lucia,9/17/20,27,0,0,0,77
Saint Lucia,9/18/20,27,0,0,0,78
Saint Lucia,9/19/20,27,0,0,0,79
Saint Lucia,9/20/20,27,0,0,0,80
Saint Lucia,9/21/20,27,0,0,0,81
Saint Lucia,9/22/20,27,0,0,0,82
Saint Lucia,9/23/20,27,0,0,0,83
Saint Lucia,9/24/20,27,0,0,0,84
Saint Lucia,9/25/20,27,0,0,0,85
Saint Lucia,9/26/20,27,0,0,0,86
Saint Lucia,9/27/20,27,0,0,0,87
Saint Lucia,9/28/20,27,0,0,0,88
Saint Lucia,9/29/20,27,0,0,0,89
Saint Lucia,9/30/20,27,0,0,0,90
Saint Lucia,10/1/20,27,0,0,0,91
Saint Lucia,10/2/20,27,0,0,0,92
Saint Lucia,10/3/20,27,0,0,0,93
Saint Lucia,10/4/20,27,0,0,0,94
Saint Lucia,10/5/20,27,0,0,0,95
Saint Lucia,10/6/20,27,0,0,0,96
Saint Lucia,10/7/20,27,0,0,0,97
Saint Lucia,10/8/20,28,0,1,0,98
Saint Lucia,10/9/20,28,0,0,0,99
Saint Lucia,10/10/20,29,0,1,0,100
Saint Lucia,10/11/20,29,0,0,0,101
Saint Lucia,10/12/20,29,0,0,0,102
Saint Lucia,10/13/20,29,0,0,0,103
Saint Lucia,10/14/20,31,0,2,0,104
Saint Lucia,10/15/20,31,0,0,0,105
Saint Lucia,10/16/20,32,0,1,0,106
Saint Lucia,10/17/20,33,0,1,0,107
Saint Lucia,10/18/20,33,0,0,0,108
Saint Lucia,10/19/20,36,0,3,0,109
Saint Lucia,10/20/20,36,0,0,0,110
Saint Lucia,10/21/20,38,0,2,0,111
Saint Lucia,10/22/20,42,0,4,0,112
Saint Lucia,10/23/20,48,0,6,0,113
Saint Lucia,10/24/20,52,0,4,0,114
Saint Lucia,10/25/20,54,0,2,0,115
Saint Lucia,10/26/20,63,0,9,0,116
Saint Lucia,10/27/20,65,0,2,0,117
Saint Lucia,10/28/20,67,0,2,0,118
Saint Lucia,10/29/20,76,0,9,0,119
Saint Lucia,10/30/20,78,0,2,0,120
Saint Lucia,10/31/20,78,0,0,0,121
Saint Lucia,11/1/20,84,0,6,0,122
Saint Lucia,11/2/20,84,0,0,0,123
Saint Lucia,11/3/20,97,0,13,0,124
Saint Lucia,11/4/20,105,0,8,0,125
Saint Lucia,11/5/20,106,0,1,0,126
Saint Lucia,11/6/20,110,0,4,0,127
Saint Lucia,11/7/20,123,0,13,0,128
Saint Lucia,11/8/20,131,0,8,0,129
Saint Lucia,11/9/20,141,0,10,0,130
Saint Lucia,11/10/20,148,1,7,1,131
Saint Lucia,11/11/20,148,2,0,1,132
Saint Lucia,11/12/20,148,2,0,0,133
Saint Lucia,11/13/20,156,2,8,0,134
Saint Lucia,11/14/20,160,2,4,0,135
Saint Lucia,11/15/20,162,2,2,0,136
Saint Lucia,11/16/20,171,2,9,0,137
Saint Lucia,11/17/20,178,2,7,0,138
Saint Lucia,11/18/20,183,2,5,0,139
Saint Lucia,11/19/20,203,2,20,0,140
Saint Lucia,11/20/20,203,2,0,0,141
Saint Lucia,11/21/20,204,2,1,0,142
Saint Lucia,11/22/20,220,2,16,0,143
Saint Lucia,11/23/20,223,2,3,0,144
Saint Lucia,11/24/20,226,2,3,0,145
Saint Lucia,11/25/20,235,2,9,0,146
Saint Lucia,11/26/20,238,2,3,0,147
Saint Lucia,11/27/20,246,2,8,0,148
Saint Lucia,11/28/20,252,2,6,0,149
Saint Lucia,11/29/20,257,2,5,0,150
Saint Lucia,11/30/20,259,2,2,0,151
Saint Lucia,12/1/20,259,2,0,0,152
Saint Lucia,12/2/20,261,2,2,0,153
Saint Lucia,12/3/20,262,2,1,0,154
Saint Lucia,12/4/20,262,2,0,0,155
Saint Lucia,12/5/20,265,2,3,0,156
Saint Lucia,12/6/20,265,2,0,0,157
Saint Lucia,12/7/20,270,2,5,0,158
Saint Lucia,12/8/20,270,2,0,0,159
Saint Lucia,12/9/20,270,2,0,0,160
Saint Lucia,12/10/20,270,2,0,0,161
Saint Lucia,12/11/20,274,4,4,2,162
Saint Lucia,12/12/20,274,4,0,0,163
Saint Lucia,12/13/20,275,4,1,0,164
Saint Lucia,12/14/20,278,4,3,0,165
Saint Lucia,12/15/20,278,4,0,0,166
Saint Lucia,12/16/20,278,4,0,0,167
Saint Lucia,12/17/20,279,5,1,1,168
Saint Lucia,12/18/20,280,5,1,0,169
Saint Lucia,12/19/20,282,5,2,0,170
Saint Lucia,12/20/20,287,5,5,0,171
Saint Lucia,12/21/20,287,5,0,0,172
Saint Lucia,12/22/20,303,5,16,0,173
Saint Lucia,12/23/20,305,5,2,0,174
Saint Lucia,12/24/20,305,5,0,0,175
Saint Lucia,12/25/20,305,5,0,0,176
Saint Lucia,12/26/20,305,5,0,0,177
Saint Lucia,12/27/20,305,5,0,0,178
Saint Lucia,12/28/20,331,5,26,0,179
Saint Lucia,12/29/20,331,5,0,0,180
Saint Lucia,12/30/20,340,5,9,0,181
Saint Lucia,12/31/20,353,5,13,0,182
Saint Lucia,1/1/21,353,5,0,0,183
Saint Lucia,1/2/21,353,5,0,0,184
Saint Lucia,1/3/21,353,5,0,0,185
Saint Lucia,1/4/21,360,5,7,0,186
Saint Lucia,1/5/21,380,5,20,0,187
Saint Lucia,1/6/21,382,5,2,0,188
Saint Lucia,1/7/21,383,5,1,0,189
Saint Lucia,1/8/21,395,5,12,0,190
Saint Lucia,1/9/21,438,5,43,0,191
Saint Lucia,1/10/21,438,5,0,0,192
Saint Lucia,1/11/21,462,5,24,0,193
Saint Lucia,1/12/21,490,5,28,0,194
Saint Lucia,1/13/21,502,6,12,1,195
Saint Lucia,1/14/21,543,6,41,0,196
Saint Lucia,1/15/21,576,6,33,0,197
Saint Lucia,1/16/21,611,8,35,2,198
Saint Lucia,1/17/21,611,8,0,0,199
Saint Lucia,1/18/21,621,8,10,0,200
Saint Lucia,1/19/21,656,8,35,0,201
Saint Lucia,1/20/21,713,8,57,0,202
Saint Lucia,1/21/21,718,9,5,1,203
Saint Lucia,1/22/21,755,10,37,1,204
Saint Lucia,1/23/21,770,10,15,0,205
Saint Lucia,1/24/21,810,11,40,1,206
Saint Lucia,1/25/21,886,11,76,0,207
Saint Lucia,1/26/21,921,13,35,2,208
Saint Lucia,1/27/21,969,13,48,0,209
Saint Lucia,1/28/21,1029,13,60,0,210
Saint Lucia,1/29/21,1195,13,166,0,211
Saint Lucia,1/30/21,1195,13,0,0,212
Saint Lucia,1/31/21,1195,13,0,0,213
Saint Lucia,2/1/21,1411,15,216,2,214
Saint Lucia,2/2/21,1470,16,59,1,215
Saint Lucia,2/3/21,1479,16,9,0,216
Saint Lucia,2/4/21,1556,18,77,2,217
Saint Lucia,2/5/21,1556,18,0,0,218
Saint Lucia,2/6/21,1813,18,257,0,219
Saint Lucia,2/7/21,1813,18,0,0,220
Saint Lucia,2/8/21,2027,19,214,1,221
Saint Lucia,2/9/21,2027,19,0,0,222
Saint Lucia,2/10/21,2027,19,0,0,223
Saint Lucia,2/11/21,2415,22,388,3,224
Saint Lucia,2/12/21,2487,23,72,1,225
Saint Lucia,2/13/21,2487,23,0,0,226
Saint Lucia,2/14/21,2519,23,32,0,227
Saint Lucia,2/15/21,2519,23,0,0,228
Saint Lucia,2/16/21,2549,23,30,0,229
Saint Lucia,2/17/21,2576,24,27,1,230
Saint Lucia,2/18/21,2620,25,44,1,231
Saint Lucia,2/19/21,2620,25,0,0,232
Saint Lucia,2/20/21,2860,28,240,3,233
Saint Lucia,2/21/21,3078,31,218,3,234
Saint Lucia,2/22/21,3135,32,57,1,235
Saint Lucia,2/23/21,3142,32,7,0,236
Saint Lucia,2/24/21,3149,34,7,2,237
Saint Lucia,2/25/21,3149,34,0,0,238
Saint Lucia,2/26/21,3356,35,207,1,239
Saint Lucia,2/27/21,3356,35,0,0,240
Saint Lucia,2/28/21,3390,35,34,0,241
Saint Lucia,3/1/21,3390,36,0,1,242
Saint Lucia,3/2/21,3779,37,389,1,243
Saint Lucia,3/3/21,3803,39,24,2,244
Saint Lucia,3/4/21,3814,43,11,4,245
Saint Lucia,3/5/21,3814,43,0,0,246
Saint Lucia,3/6/21,3843,43,29,0,247
Saint Lucia,3/7/21,3866,43,23,0,248
Saint Lucia,3/8/21,3871,46,5,3,249
Saint Lucia,3/9/21,3902,46,31,0,250
Saint Lucia,3/10/21,3941,47,39,1,251
Saint Lucia,3/11/21,3966,47,25,0,252
Saint Lucia,3/12/21,3989,48,23,1,253
Saint Lucia,3/13/21,3989,48,0,0,254
Saint Lucia,3/14/21,4031,51,42,3,255
Saint Lucia,3/15/21,4053,55,22,4,256
Saint Lucia,3/16/21,4069,55,16,0,257
Saint Lucia,3/17/21,4083,55,14,0,258
Saint Lucia,3/18/21,4097,55,14,0,259
Saint Lucia,3/19/21,4113,55,16,0,260
Saint Lucia,3/20/21,4113,55,0,0,261
Saint Lucia,3/21/21,4121,55,8,0,262
Saint Lucia,3/22/21,4132,55,11,0,263
Saint Lucia,3/23/21,4149,57,17,2,264
Saint Lucia,3/24/21,4161,58,12,1,265
Saint Lucia,3/25/21,4172,58,11,0,266
Saint Lucia,3/26/21,4191,58,19,0,267
Saint Lucia,3/27/21,4191,58,0,0,268
Saint Lucia,3/28/21,4191,58,0,0,269
Saint Lucia,3/29/21,4202,58,11,0,270
Saint Lucia,3/30/21,4228,59,26,1,271
Saint Lucia,3/31/21,4238,60,10,1,272
Saint Lucia,4/1/21,4245,61,7,1,273
Saint Lucia,4/2/21,4265,61,20,0,274
Saint Lucia,4/3/21,4273,61,8,0,275
Saint Lucia,4/4/21,4273,61,0,0,276
Saint Lucia,4/5/21,4273,61,0,0,277
Saint Lucia,4/6/21,4297,63,24,2,278
Saint Lucia,4/7/21,4304,63,7,0,279
Saint Lucia,4/8/21,4312,63,8,0,280
Saint Lucia,4/9/21,4329,64,17,1,281
Saint Lucia,4/10/21,4347,64,18,0,282
Saint Lucia,4/11/21,4348,64,1,0,283
Saint Lucia,4/12/21,4355,64,7,0,284
Saint Lucia,4/13/21,4355,64,0,0,285
Saint Lucia,4/14/21,4355,64,0,0,286
Saint Lucia,4/15/21,4355,64,0,0,287
Saint Lucia,4/16/21,4398,65,43,1,288
Saint Lucia,4/17/21,4401,67,3,2,289
Saint Lucia,4/18/21,4401,67,0,0,290
Saint Lucia,4/19/21,4419,69,18,2,291
Saint Lucia,4/20/21,4419,69,0,0,292
Saint Lucia,4/21/21,4444,70,25,1,293
Saint Lucia,4/22/21,4455,70,11,0,294
Saint Lucia,4/23/21,4455,70,0,0,295
Saint Lucia,4/24/21,4463,70,8,0,296
Saint Lucia,4/25/21,4486,70,23,0,297
Saint Lucia,4/26/21,4502,73,16,3,298
Saint Lucia,4/27/21,4508,74,6,1,299
Saint Lucia,4/28/21,4508,74,0,0,300
Saint Lucia,4/29/21,4534,74,26,0,301
Saint Lucia,4/30/21,4552,74,18,0,302
Saint Lucia,5/1/21,4560,74,8,0,303
Saint Lucia,5/2/21,4560,74,0,0,304
Saint Lucia,5/3/21,4560,74,0,0,305
Saint Lucia,5/4/21,4573,74,13,0,306
Saint Lucia,5/5/21,4585,74,12,0,307
Saint Lucia,5/6/21,4607,75,22,1,308
Saint Lucia,5/7/21,4607,75,0,0,309
Saint Lucia,5/8/21,4654,75,47,0,310
Saint Lucia,5/9/21,4654,75,0,0,311
Saint Lucia,5/10/21,4690,75,36,0,312
Saint Lucia,5/11/21,4700,75,10,0,313
Saint Lucia,5/12/21,4725,75,25,0,314
Saint Lucia,5/13/21,4725,75,0,0,315
Saint Lucia,5/14/21,4788,75,63,0,316
Saint Lucia,5/15/21,4818,75,30,0,317
Saint Lucia,5/16/21,4818,75,0,0,318
Saint Lucia,5/17/21,4818,76,0,1,319
Saint Lucia,5/18/21,4871,77,53,1,320
Saint Lucia,5/19/21,4906,77,35,0,321
Saint Lucia,5/20/21,4923,77,17,0,322
Saint Lucia,5/21/21,4935,77,12,0,323
Saint Lucia,5/22/21,4935,77,0,0,324
Saint Lucia,5/23/21,4945,77,10,0,325
Saint Lucia,5/24/21,4945,77,0,0,326
Saint Lucia,5/25/21,4968,77,23,0,327
Saint Lucia,5/26/21,4980,77,12,0,328
Saint Lucia,5/27/21,5002,77,22,0,329
Saint Lucia,5/28/21,5035,77,33,0,330
Saint Lucia,5/29/21,5035,77,0,0,331
Saint Lucia,5/30/21,5053,77,18,0,332
Saint Lucia,5/31/21,5067,79,14,2,333
Saint Lucia,6/1/21,5072,79,5,0,334
Saint Lucia,6/2/21,5072,80,0,1,335
Saint Lucia,6/3/21,5102,80,30,0,336
Saint Lucia,6/4/21,5108,80,6,0,337
Saint Lucia,6/5/21,5108,80,0,0,338
Saint Lucia,6/6/21,5133,80,25,0,339
Saint Lucia,6/7/21,5138,80,5,0,340
Saint Lucia,6/8/21,5148,80,10,0,341
Saint Lucia,6/9/21,5156,80,8,0,342
Saint Lucia,6/10/21,5160,80,4,0,343
Saint Lucia,6/11/21,5168,80,8,0,344
Saint Lucia,6/12/21,5179,80,11,0,345
Saint Lucia,6/13/21,5179,80,0,0,346
