country,date,confirmed,deaths,new_confirmed,new_deaths,tagged_day
Serbia,3/13/20,35,0,16,0,1
Serbia,3/14/20,46,0,11,0,2
Serbia,3/15/20,48,0,2,0,3
Serbia,3/16/20,55,0,7,0,4
Serbia,3/17/20,65,0,10,0,5
Serbia,3/18/20,83,0,18,0,6
Serbia,3/19/20,103,0,20,0,7
Serbia,3/20/20,135,1,32,1,8
Serbia,3/21/20,171,1,36,0,9
Serbia,3/22/20,222,2,51,1,10
Serbia,3/23/20,249,3,27,1,11
Serbia,3/24/20,303,3,54,0,12
Serbia,3/25/20,384,4,81,1,13
Serbia,3/26/20,384,1,0,-3,14
Serbia,3/27/20,457,1,73,0,15
Serbia,3/28/20,659,10,202,9,16
Serbia,3/29/20,741,13,82,3,17
Serbia,3/30/20,785,16,44,3,18
Serbia,3/31/20,900,16,115,0,19
Serbia,4/1/20,1060,28,160,12,20
Serbia,4/2/20,1171,31,111,3,21
Serbia,4/3/20,1476,39,305,8,22
Serbia,4/4/20,1624,44,148,5,23
Serbia,4/5/20,1908,51,284,7,24
Serbia,4/6/20,2200,58,292,7,25
Serbia,4/7/20,2447,61,247,3,26
Serbia,4/8/20,2666,65,219,4,27
Serbia,4/9/20,2867,66,201,1,28
Serbia,4/10/20,3105,71,238,5,29
Serbia,4/11/20,3380,74,275,3,30
Serbia,4/12/20,3630,80,250,6,31
Serbia,4/13/20,4054,85,424,5,32
Serbia,4/14/20,4465,94,411,9,33
Serbia,4/15/20,4873,99,408,5,34
Serbia,4/16/20,5318,103,445,4,35
Serbia,4/17/20,5690,110,372,7,36
Serbia,4/18/20,5994,117,304,7,37
Serbia,4/19/20,6318,122,324,5,38
Serbia,4/20/20,6630,125,312,3,39
Serbia,4/21/20,6890,130,260,5,40
Serbia,4/22/20,7144,134,254,4,41
Serbia,4/23/20,7276,139,132,5,42
Serbia,4/24/20,7483,144,207,5,43
Serbia,4/25/20,7779,151,296,7,44
Serbia,4/26/20,8042,156,263,5,45
Serbia,4/27/20,8275,162,233,6,46
Serbia,4/28/20,8497,168,222,6,47
Serbia,4/29/20,8724,173,227,5,48
Serbia,4/30/20,9009,179,285,6,49
Serbia,5/1/20,9009,179,0,0,50
Serbia,5/2/20,9362,189,353,10,51
Serbia,5/3/20,9464,193,102,4,52
Serbia,5/4/20,9557,197,93,4,53
Serbia,5/5/20,9677,200,120,3,54
Serbia,5/6/20,9791,203,114,3,55
Serbia,5/7/20,9848,206,57,3,56
Serbia,5/8/20,9943,209,95,3,57
Serbia,5/9/20,10032,215,89,6,58
Serbia,5/10/20,10032,215,0,0,59
Serbia,5/11/20,10176,218,144,3,60
Serbia,5/12/20,10243,220,67,2,61
Serbia,5/13/20,10295,222,52,2,62
Serbia,5/14/20,10374,224,79,2,63
Serbia,5/15/20,10438,225,64,1,64
Serbia,5/16/20,10496,228,58,3,65
Serbia,5/17/20,10610,230,114,2,66
Serbia,5/18/20,10699,231,89,1,67
Serbia,5/19/20,10733,234,34,3,68
Serbia,5/20/20,10833,235,100,1,69
Serbia,5/21/20,10919,237,86,2,70
Serbia,5/22/20,11024,237,105,0,71
Serbia,5/23/20,11092,238,68,1,72
Serbia,5/24/20,11159,238,67,0,73
Serbia,5/25/20,11193,239,34,1,74
Serbia,5/26/20,11227,239,34,0,75
Serbia,5/27/20,11275,240,48,1,76
Serbia,5/28/20,11300,241,25,1,77
Serbia,5/29/20,11354,242,54,1,78
Serbia,5/30/20,11381,242,27,0,79
Serbia,5/31/20,11412,243,31,1,80
Serbia,6/1/20,11430,244,18,1,81
Serbia,6/2/20,11454,245,24,1,82
Serbia,6/3/20,11523,245,69,0,83
Serbia,6/4/20,11571,246,48,1,84
Serbia,6/5/20,11667,247,96,1,85
Serbia,6/6/20,11741,248,74,1,86
Serbia,6/7/20,11823,249,82,1,87
Serbia,6/8/20,11896,250,73,1,88
Serbia,6/9/20,11965,250,69,0,89
Serbia,6/10/20,12031,251,66,1,90
Serbia,6/11/20,12102,252,71,1,91
Serbia,6/12/20,12175,252,73,0,92
Serbia,6/13/20,12251,253,76,1,93
Serbia,6/14/20,12310,254,59,1,94
Serbia,6/15/20,12367,255,57,1,95
Serbia,6/16/20,12426,256,59,1,96
Serbia,6/17/20,12522,257,96,1,97
Serbia,6/18/20,12616,258,94,1,98
Serbia,6/19/20,12709,259,93,1,99
Serbia,6/20/20,12803,260,94,1,100
Serbia,6/21/20,12894,261,91,1,101
Serbia,6/22/20,12990,262,96,1,102
Serbia,6/23/20,13092,263,102,1,103
Serbia,6/24/20,13235,263,143,0,104
Serbia,6/25/20,13372,264,137,1,105
Serbia,6/26/20,13565,265,193,1,106
Serbia,6/27/20,13792,267,227,2,107
Serbia,6/28/20,14046,270,254,3,108
Serbia,6/29/20,14288,274,242,4,109
Serbia,6/30/20,14564,277,276,3,110
Serbia,7/1/20,14836,281,272,4,111
Serbia,7/2/20,15195,287,359,6,112
Serbia,7/3/20,15504,298,309,11,113
Serbia,7/4/20,15829,306,325,8,114
Serbia,7/5/20,16131,311,302,5,115
Serbia,7/6/20,16420,317,289,6,116
Serbia,7/7/20,16719,330,299,13,117
Serbia,7/8/20,17076,341,357,11,118
Serbia,7/9/20,17342,352,266,11,119
Serbia,7/10/20,17728,370,386,18,120
Serbia,7/11/20,18073,382,345,12,121
Serbia,7/12/20,18360,393,287,11,122
Serbia,7/13/20,18639,405,279,12,123
Serbia,7/14/20,18983,418,344,13,124
Serbia,7/15/20,19334,429,351,11,125
Serbia,7/16/20,19717,442,383,13,126
Serbia,7/17/20,20109,452,392,10,127
Serbia,7/18/20,20498,461,389,9,128
Serbia,7/19/20,20894,472,396,11,129
Serbia,7/20/20,21253,482,359,10,130
Serbia,7/21/20,21605,491,352,9,131
Serbia,7/22/20,22031,499,426,8,132
Serbia,7/23/20,22443,508,412,9,133
Serbia,7/24/20,22852,518,409,10,134
Serbia,7/25/20,22852,518,0,0,135
Serbia,7/26/20,23730,534,878,16,136
Serbia,7/27/20,24141,543,411,9,137
Serbia,7/28/20,24520,551,379,8,138
Serbia,7/29/20,24892,558,372,7,139
Serbia,7/30/20,25213,565,321,7,140
Serbia,7/31/20,25552,573,339,8,141
Serbia,8/1/20,25882,582,330,9,142
Serbia,8/2/20,26193,590,311,8,143
Serbia,8/3/20,26451,598,258,8,144
Serbia,8/4/20,26738,605,287,7,145
Serbia,8/5/20,27033,614,295,9,146
Serbia,8/6/20,27332,621,299,7,147
Serbia,8/7/20,27608,626,276,5,148
Serbia,8/8/20,27863,632,255,6,149
Serbia,8/9/20,28099,641,236,9,150
Serbia,8/10/20,28262,646,163,5,151
Serbia,8/11/20,28497,652,235,6,152
Serbia,8/12/20,28751,658,254,6,153
Serbia,8/13/20,28998,661,247,3,154
Serbia,8/14/20,29233,665,235,4,155
Serbia,8/15/20,29471,670,238,5,156
Serbia,8/16/20,29682,674,211,4,157
Serbia,8/17/20,29782,677,100,3,158
Serbia,8/18/20,29890,681,108,4,159
Serbia,8/19/20,30048,684,158,3,160
Serbia,8/20/20,30209,689,161,5,161
Serbia,8/21/20,30378,692,169,3,162
Serbia,8/22/20,30548,695,170,3,163
Serbia,8/23/20,30657,698,109,3,164
Serbia,8/24/20,30714,701,57,3,165
Serbia,8/25/20,30820,705,106,4,166
Serbia,8/26/20,30974,707,154,2,167
Serbia,8/27/20,31099,707,125,0,168
Serbia,8/28/20,31207,709,108,2,169
Serbia,8/29/20,31282,710,75,1,170
Serbia,8/30/20,31365,711,83,1,171
Serbia,8/31/20,31406,713,41,2,172
Serbia,9/1/20,31482,715,76,2,173
Serbia,9/2/20,31581,716,99,1,174
Serbia,9/3/20,31676,718,95,2,175
Serbia,9/4/20,31772,721,96,3,176
Serbia,9/5/20,31849,723,77,2,177
Serbia,9/6/20,31905,724,56,1,178
Serbia,9/7/20,31941,725,36,1,179
Serbia,9/8/20,31994,727,53,2,180
Serbia,9/9/20,32078,728,84,1,181
Serbia,9/10/20,32136,729,58,1,182
Serbia,9/11/20,32228,730,92,1,183
Serbia,9/12/20,32300,731,72,1,184
Serbia,9/13/20,32408,733,108,2,185
Serbia,9/14/20,32437,733,29,0,186
Serbia,9/15/20,32511,735,74,2,187
Serbia,9/16/20,32613,736,102,1,188
Serbia,9/17/20,32695,738,82,2,189
Serbia,9/18/20,32757,739,62,1,190
Serbia,9/19/20,32840,740,83,1,191
Serbia,9/20/20,32908,741,68,1,192
Serbia,9/21/20,32938,743,30,2,193
Serbia,9/22/20,32999,743,61,0,194
Serbia,9/23/20,33080,744,81,1,195
Serbia,9/24/20,33163,745,83,1,196
Serbia,9/25/20,33238,746,75,1,197
Serbia,9/26/20,33312,746,74,0,198
Serbia,9/27/20,33384,747,72,1,199
Serbia,9/28/20,33414,748,30,1,200
Serbia,9/29/20,33479,749,65,1,201
Serbia,9/30/20,33551,749,72,0,202
Serbia,10/1/20,33662,750,111,1,203
Serbia,10/2/20,33735,751,73,1,204
Serbia,10/3/20,33842,753,107,2,205
Serbia,10/4/20,33901,754,59,1,206
Serbia,10/5/20,33952,756,51,2,207
Serbia,10/6/20,34072,757,120,1,208
Serbia,10/7/20,34193,758,121,1,209
Serbia,10/8/20,34344,760,151,2,210
Serbia,10/9/20,34517,761,173,1,211
Serbia,10/10/20,34685,762,168,1,212
Serbia,10/11/20,34787,763,102,1,213
Serbia,10/12/20,34854,765,67,2,214
Serbia,10/13/20,35006,767,152,2,215
Serbia,10/14/20,35251,768,245,1,216
Serbia,10/15/20,35454,770,203,2,217
Serbia,10/16/20,35719,772,265,2,218
Serbia,10/17/20,35946,774,227,2,219
Serbia,10/18/20,36160,776,214,2,220
Serbia,10/19/20,36282,778,122,2,221
Serbia,10/20/20,36608,780,326,2,222
Serbia,10/21/20,37120,780,512,0,223
Serbia,10/22/20,37536,783,416,3,224
Serbia,10/23/20,38115,786,579,3,225
Serbia,10/24/20,38872,789,757,3,226
Serbia,10/25/20,39486,792,614,3,227
Serbia,10/26/20,39827,793,341,1,228
Serbia,10/27/20,40880,798,1053,5,229
Serbia,10/28/20,42208,803,1328,5,230
Serbia,10/29/20,43592,809,1384,6,231
Serbia,10/30/20,45137,814,1545,5,232
Serbia,10/31/20,46954,820,1817,6,233
Serbia,11/1/20,48403,826,1449,6,234
Serbia,11/2/20,49205,833,802,7,235
Serbia,11/3/20,51083,844,1878,11,236
Serbia,11/4/20,53495,850,2412,6,237
Serbia,11/5/20,55676,861,2181,11,238
Serbia,11/6/20,57958,871,2282,10,239
Serbia,11/7/20,60635,880,2677,9,240
Serbia,11/8/20,62747,890,2112,10,241
Serbia,11/9/20,64065,901,1318,11,242
Serbia,11/10/20,66888,915,2823,14,243
Serbia,11/11/20,70424,936,3536,21,244
Serbia,11/12/20,73765,955,3341,19,245
Serbia,11/13/20,77264,972,3499,17,246
Serbia,11/14/20,81086,989,3822,17,247
Serbia,11/15/20,84568,1009,3482,20,248
Serbia,11/16/20,87381,1030,2813,21,249
Serbia,11/17/20,92375,1054,4994,24,250
Serbia,11/18/20,97988,1081,5613,27,251
Serbia,11/19/20,104097,1110,6109,29,252
Serbia,11/20/20,110351,1140,6254,30,253
Serbia,11/21/20,116125,1168,5774,28,254
Serbia,11/22/20,121120,1199,4995,31,255
Serbia,11/23/20,126187,1237,5067,38,256
Serbia,11/24/20,133029,1274,6842,37,257
Serbia,11/25/20,140608,1315,7579,41,258
Serbia,11/26/20,148214,1366,7606,51,259
Serbia,11/27/20,155994,1423,7780,57,260
Serbia,11/28/20,163035,1484,7041,61,261
Serbia,11/29/20,169214,1549,6179,65,262
Serbia,11/30/20,175438,1604,6224,55,263
Serbia,12/1/20,183437,1652,7999,48,264
Serbia,12/2/20,191356,1704,7919,52,265
Serbia,12/3/20,199158,1765,7802,61,266
Serbia,12/4/20,206940,1834,7782,69,267
Serbia,12/5/20,213843,1891,6903,57,268
Serbia,12/6/20,219652,1949,5809,58,269
Serbia,12/7/20,226209,2005,6557,56,270
Serbia,12/8/20,234027,2062,7818,57,271
Serbia,12/9/20,241831,2116,7804,54,272
Serbia,12/10/20,249224,2172,7393,56,273
Serbia,12/11/20,255758,2227,6534,55,274
Serbia,12/12/20,261437,2275,5679,48,275
Serbia,12/13/20,266432,2331,4995,56,276
Serbia,12/14/20,271364,2380,4932,49,277
Serbia,12/15/20,277248,2433,5884,53,278
Serbia,12/16/20,282601,2482,5353,49,279
Serbia,12/17/20,287730,2529,5129,47,280
Serbia,12/18/20,292640,2580,4910,51,281
Serbia,12/19/20,296528,2632,3888,52,282
Serbia,12/20/20,300062,2686,3534,54,283
Serbia,12/21/20,303747,2733,3685,47,284
Serbia,12/22/20,307827,2782,4080,49,285
Serbia,12/23/20,312253,2833,4426,51,286
Serbia,12/24/20,316344,2882,4091,49,287
Serbia,12/25/20,320167,2931,3823,49,288
Serbia,12/26/20,323367,2983,3200,52,289
Serbia,12/27/20,326060,3030,2693,47,290
Serbia,12/28/20,328619,3073,2559,43,291
Serbia,12/29/20,331755,3119,3136,46,292
Serbia,12/30/20,334991,3163,3236,44,293
Serbia,12/31/20,337923,3211,2932,48,294
Serbia,1/1/21,339997,3250,2074,39,295
Serbia,1/2/21,341904,3288,1907,38,296
Serbia,1/3/21,343870,3325,1966,37,297
Serbia,1/4/21,346585,3364,2715,39,298
Serbia,1/5/21,349238,3405,2653,41,299
Serbia,1/6/21,352120,3444,2882,39,300
Serbia,1/7/21,353907,3479,1787,35,301
Serbia,1/8/21,356125,3513,2218,34,302
Serbia,1/9/21,356125,3513,0,0,303
Serbia,1/10/21,359689,3582,3564,69,304
Serbia,1/11/21,361782,3610,2093,28,305
Serbia,1/12/21,363924,3639,2142,29,306
Serbia,1/13/21,366191,3664,2267,25,307
Serbia,1/14/21,368072,3687,1881,23,308
Serbia,1/15/21,369823,3708,1751,21,309
Serbia,1/16/21,371216,3730,1393,22,310
Serbia,1/17/21,372533,3750,1317,20,311
Serbia,1/18/21,374111,3771,1578,21,312
Serbia,1/19/21,375799,3791,1688,20,313
Serbia,1/20/21,377445,3810,1646,19,314
Serbia,1/21/21,379093,3830,1648,20,315
Serbia,1/22/21,380802,3849,1709,19,316
Serbia,1/23/21,382285,3868,1483,19,317
Serbia,1/24/21,383603,3886,1318,18,318
Serbia,1/25/21,385126,3905,1523,19,319
Serbia,1/26/21,387206,3924,2080,19,320
Serbia,1/27/21,389045,3944,1839,20,321
Serbia,1/28/21,390637,3965,1592,21,322
Serbia,1/29/21,392354,3983,1717,18,323
Serbia,1/30/21,393897,4000,1543,17,324
Serbia,1/31/21,395263,4020,1366,20,325
Serbia,2/1/21,397002,4038,1739,18,326
Serbia,2/2/21,398905,4056,1903,18,327
Serbia,2/3/21,400837,4071,1932,15,328
Serbia,2/4/21,402700,4085,1863,14,329
Serbia,2/5/21,404668,4099,1968,14,330
Serbia,2/6/21,406352,4112,1684,13,331
Serbia,2/7/21,407881,4126,1529,14,332
Serbia,2/8/21,409841,4139,1960,13,333
Serbia,2/9/21,411855,4154,2014,15,334
Serbia,2/10/21,413943,4168,2088,14,335
Serbia,2/11/21,415943,4183,2000,15,336
Serbia,2/12/21,417871,4199,1928,16,337
Serbia,2/13/21,419493,4214,1622,15,338
Serbia,2/14/21,420879,4230,1386,16,339
Serbia,2/15/21,422210,4245,1331,15,340
Serbia,2/16/21,424020,4261,1810,16,341
Serbia,2/17/21,426487,4277,2467,16,342
Serbia,2/18/21,429048,4292,2561,15,343
Serbia,2/19/21,431680,4306,2632,14,344
Serbia,2/20/21,434122,4321,2442,15,345
Serbia,2/21/21,436640,4337,2518,16,346
Serbia,2/22/21,439596,4351,2956,14,347
Serbia,2/23/21,442853,4366,3257,15,348
Serbia,2/24/21,446313,4383,3460,17,349
Serbia,2/25/21,449901,4398,3588,15,350
Serbia,2/26/21,453240,4414,3339,16,351
Serbia,2/27/21,456450,4429,3210,15,352
Serbia,2/28/21,459259,4443,2809,14,353
Serbia,3/1/21,462728,4459,3469,16,354
Serbia,3/2/21,466885,4475,4157,16,355
Serbia,3/3/21,470941,4491,4056,16,356
Serbia,3/4/21,474807,4508,3866,17,357
Serbia,3/5/21,478878,4525,4071,17,358
Serbia,3/6/21,482397,4542,3519,17,359
Serbia,3/7/21,485439,4562,3042,20,360
Serbia,3/8/21,489530,4579,4091,17,361
Serbia,3/9/21,494106,4599,4576,20,362
Serbia,3/10/21,498696,4620,4590,21,363
Serbia,3/11/21,503291,4644,4595,24,364
Serbia,3/12/21,507959,4670,4668,26,365
Serbia,3/13/21,512051,4694,4092,24,366
Serbia,3/14/21,516277,4719,4226,25,367
Serbia,3/15/21,520911,4747,4634,28,368
Serbia,3/16/21,526112,4778,5201,31,369
Serbia,3/17/21,531558,4810,5446,32,370
Serbia,3/18/21,536904,4840,5346,30,371
Serbia,3/19/21,542209,4869,5305,29,372
Serbia,3/20/21,546896,4900,4687,31,373
Serbia,3/21/21,551128,4934,4232,34,374
Serbia,3/22/21,555897,4966,4769,32,375
Serbia,3/23/21,561372,5002,5475,36,376
Serbia,3/24/21,566669,5039,5297,37,377
Serbia,3/25/21,571895,5075,5226,36,378
Serbia,3/26/21,571895,5075,0,0,379
Serbia,3/27/21,581617,5151,9722,76,380
Serbia,3/28/21,585506,5190,3889,39,381
Serbia,3/29/21,585506,5190,0,0,382
Serbia,3/30/21,595489,5270,9983,80,383
Serbia,3/31/21,600596,5308,5107,38,384
Serbia,4/1/21,605406,5345,4810,37,385
Serbia,4/2/21,610232,5384,4826,39,386
Serbia,4/3/21,614365,5422,4133,38,387
Serbia,4/4/21,617669,5458,3304,36,388
Serbia,4/5/21,621375,5497,3706,39,389
Serbia,4/6/21,625773,5537,4398,40,390
Serbia,4/7/21,629388,5579,3615,42,391
Serbia,4/8/21,633013,5620,3625,41,392
Serbia,4/9/21,636418,5659,3405,39,393
Serbia,4/10/21,639476,5700,3058,41,394
Serbia,4/11/21,642208,5735,2732,35,395
Serbia,4/12/21,645173,5773,2965,38,396
Serbia,4/13/21,648745,5808,3572,35,397
Serbia,4/14/21,651899,5846,3154,38,398
Serbia,4/15/21,654870,5881,2971,35,399
Serbia,4/16/21,657716,5920,2846,39,400
Serbia,4/17/21,660299,5954,2583,34,401
Serbia,4/18/21,662368,5991,2069,37,402
Serbia,4/19/21,664972,6026,2604,35,403
Serbia,4/20/21,667937,6058,2965,32,404
Serbia,4/21/21,670801,6095,2864,37,405
Serbia,4/22/21,673520,6130,2719,35,406
Serbia,4/23/21,675904,6164,2384,34,407
Serbia,4/24/21,677972,6196,2068,32,408
Serbia,4/25/21,679667,6227,1695,31,409
Serbia,4/26/21,681654,6257,1987,30,410
Serbia,4/27/21,683799,6286,2145,29,411
Serbia,4/28/21,685937,6312,2138,26,412
Serbia,4/29/21,687944,6337,2007,25,413
Serbia,4/30/21,689557,6362,1613,25,414
Serbia,5/1/21,690931,6386,1374,24,415
Serbia,5/2/21,691920,6409,989,23,416
Serbia,5/3/21,693169,6432,1249,23,417
Serbia,5/4/21,694473,6456,1304,24,418
Serbia,5/5/21,695875,6478,1402,22,419
Serbia,5/6/21,697241,6499,1366,21,420
Serbia,5/7/21,698518,6519,1277,20,421
Serbia,5/8/21,698518,6519,0,0,422
Serbia,5/9/21,700408,6558,1890,39,423
Serbia,5/10/21,701326,6576,918,18,424
Serbia,5/11/21,702451,6594,1125,18,425
Serbia,5/12/21,703497,6611,1046,17,426
Serbia,5/13/21,703497,6611,0,0,427
Serbia,5/14/21,705185,6646,1688,35,428
Serbia,5/15/21,705890,6664,705,18,429
Serbia,5/16/21,706458,6681,568,17,430
Serbia,5/17/21,707033,6696,575,15,431
Serbia,5/18/21,707719,6710,686,14,432
Serbia,5/19/21,708328,6725,609,15,433
Serbia,5/20/21,708878,6739,550,14,434
Serbia,5/21/21,709269,6752,391,13,435
Serbia,5/22/21,709673,6766,404,14,436
Serbia,5/23/21,709939,6777,266,11,437
Serbia,5/24/21,710315,6788,376,11,438
Serbia,5/25/21,710729,6801,414,13,439
Serbia,5/26/21,711116,6811,387,10,440
Serbia,5/27/21,711442,6823,326,12,441
Serbia,5/28/21,711772,6834,330,11,442
Serbia,5/29/21,712046,6844,274,10,443
Serbia,5/30/21,712224,6854,178,10,444
Serbia,5/31/21,712472,6865,248,11,445
Serbia,6/1/21,712702,6872,230,7,446
Serbia,6/2/21,712989,6881,287,9,447
Serbia,6/3/21,713207,6890,218,9,448
Serbia,6/4/21,713417,6900,210,10,449
Serbia,6/5/21,713562,6909,145,9,450
Serbia,6/6/21,713678,6917,116,8,451
Serbia,6/7/21,713840,6924,162,7,452
Serbia,6/8/21,714054,6930,214,6,453
Serbia,6/9/21,714252,6938,198,8,454
Serbia,6/10/21,714462,6945,210,7,455
Serbia,6/11/21,714634,6951,172,6,456
Serbia,6/12/21,714753,6958,119,7,457
Serbia,6/13/21,714891,6962,138,4,458
