country,date,confirmed,deaths,new_confirmed,new_deaths,tagged_day
Sierra Leone,4/17/20,26,0,11,0,1
Sierra Leone,4/18/20,30,0,4,0,2
Sierra Leone,4/19/20,35,0,5,0,3
Sierra Leone,4/20/20,43,0,8,0,4
Sierra Leone,4/21/20,50,0,7,0,5
Sierra Leone,4/22/20,61,0,11,0,6
Sierra Leone,4/23/20,64,1,3,1,7
Sierra Leone,4/24/20,82,2,18,1,8
Sierra Leone,4/25/20,82,2,0,0,9
Sierra Leone,4/26/20,93,4,11,2,10
Sierra Leone,4/27/20,93,4,0,0,11
Sierra Leone,4/28/20,104,4,11,0,12
Sierra Leone,4/29/20,104,4,0,0,13
Sierra Leone,4/30/20,124,7,20,3,14
Sierra Leone,5/1/20,136,7,12,0,15
Sierra Leone,5/2/20,155,8,19,1,16
Sierra Leone,5/3/20,166,8,11,0,17
Sierra Leone,5/4/20,178,9,12,1,18
Sierra Leone,5/5/20,199,11,21,2,19
Sierra Leone,5/6/20,225,14,26,3,20
Sierra Leone,5/7/20,231,16,6,2,21
Sierra Leone,5/8/20,257,17,26,1,22
Sierra Leone,5/9/20,291,18,34,1,23
Sierra Leone,5/10/20,307,18,16,0,24
Sierra Leone,5/11/20,338,19,31,1,25
Sierra Leone,5/12/20,338,19,0,0,26
Sierra Leone,5/13/20,387,26,49,7,27
Sierra Leone,5/14/20,408,26,21,0,28
Sierra Leone,5/15/20,447,27,39,1,29
Sierra Leone,5/16/20,462,29,15,2,30
Sierra Leone,5/17/20,505,32,43,3,31
Sierra Leone,5/18/20,519,33,14,1,32
Sierra Leone,5/19/20,534,33,15,0,33
Sierra Leone,5/20/20,570,34,36,1,34
Sierra Leone,5/21/20,585,35,15,1,35
Sierra Leone,5/22/20,606,38,21,3,36
Sierra Leone,5/23/20,621,39,15,1,37
Sierra Leone,5/24/20,707,40,86,1,38
Sierra Leone,5/25/20,735,42,28,2,39
Sierra Leone,5/26/20,754,44,19,2,40
Sierra Leone,5/27/20,782,45,28,1,41
Sierra Leone,5/28/20,812,45,30,0,42
Sierra Leone,5/29/20,829,45,17,0,43
Sierra Leone,5/30/20,852,46,23,1,44
Sierra Leone,5/31/20,861,46,9,0,45
Sierra Leone,6/1/20,865,46,4,0,46
Sierra Leone,6/2/20,896,46,31,0,47
Sierra Leone,6/3/20,909,47,13,1,48
Sierra Leone,6/4/20,914,47,5,0,49
Sierra Leone,6/5/20,929,47,15,0,50
Sierra Leone,6/6/20,946,48,17,1,51
Sierra Leone,6/7/20,969,48,23,0,52
Sierra Leone,6/8/20,1001,49,32,1,53
Sierra Leone,6/9/20,1025,50,24,1,54
Sierra Leone,6/10/20,1062,50,37,0,55
Sierra Leone,6/11/20,1085,50,23,0,56
Sierra Leone,6/12/20,1103,51,18,1,57
Sierra Leone,6/13/20,1132,51,29,0,58
Sierra Leone,6/14/20,1169,51,37,0,59
Sierra Leone,6/15/20,1176,51,7,0,60
Sierra Leone,6/16/20,1225,51,49,0,61
Sierra Leone,6/17/20,1249,51,24,0,62
Sierra Leone,6/18/20,1272,51,23,0,63
Sierra Leone,6/19/20,1298,53,26,2,64
Sierra Leone,6/20/20,1309,53,11,0,65
Sierra Leone,6/21/20,1327,55,18,2,66
Sierra Leone,6/22/20,1340,55,13,0,67
Sierra Leone,6/23/20,1347,55,7,0,68
Sierra Leone,6/24/20,1354,55,7,0,69
Sierra Leone,6/25/20,1354,56,0,1,70
Sierra Leone,6/26/20,1394,59,40,3,71
Sierra Leone,6/27/20,1410,59,16,0,72
Sierra Leone,6/28/20,1427,60,17,1,73
Sierra Leone,6/29/20,1450,60,23,0,74
Sierra Leone,6/30/20,1462,60,12,0,75
Sierra Leone,7/1/20,1498,60,36,0,76
Sierra Leone,7/2/20,1518,60,20,0,77
Sierra Leone,7/3/20,1524,62,6,2,78
Sierra Leone,7/4/20,1533,62,9,0,79
Sierra Leone,7/5/20,1542,62,9,0,80
Sierra Leone,7/6/20,1547,62,5,0,81
Sierra Leone,7/7/20,1572,63,25,1,82
Sierra Leone,7/8/20,1584,63,12,0,83
Sierra Leone,7/9/20,1598,63,14,0,84
Sierra Leone,7/10/20,1613,63,15,0,85
Sierra Leone,7/11/20,1618,63,5,0,86
Sierra Leone,7/12/20,1635,63,17,0,87
Sierra Leone,7/13/20,1642,63,7,0,88
Sierra Leone,7/14/20,1651,64,9,1,89
Sierra Leone,7/15/20,1668,64,17,0,90
Sierra Leone,7/16/20,1678,64,10,0,91
Sierra Leone,7/17/20,1688,65,10,1,92
Sierra Leone,7/18/20,1701,65,13,0,93
Sierra Leone,7/19/20,1711,65,10,0,94
Sierra Leone,7/20/20,1711,66,0,1,95
Sierra Leone,7/21/20,1727,66,16,0,96
Sierra Leone,7/22/20,1731,66,4,0,97
Sierra Leone,7/23/20,1752,66,21,0,98
Sierra Leone,7/24/20,1765,66,13,0,99
Sierra Leone,7/25/20,1768,66,3,0,100
Sierra Leone,7/26/20,1783,66,15,0,101
Sierra Leone,7/27/20,1783,66,0,0,102
Sierra Leone,7/28/20,1786,66,3,0,103
Sierra Leone,7/29/20,1803,67,17,1,104
Sierra Leone,7/30/20,1818,67,15,0,105
Sierra Leone,7/31/20,1823,67,5,0,106
Sierra Leone,8/1/20,1823,67,0,0,107
Sierra Leone,8/2/20,1843,67,20,0,108
Sierra Leone,8/3/20,1848,67,5,0,109
Sierra Leone,8/4/20,1855,67,7,0,110
Sierra Leone,8/5/20,1860,67,5,0,111
Sierra Leone,8/6/20,1877,67,17,0,112
Sierra Leone,8/7/20,1887,68,10,1,113
Sierra Leone,8/8/20,1895,68,8,0,114
Sierra Leone,8/9/20,1916,68,21,0,115
Sierra Leone,8/10/20,1917,69,1,1,116
Sierra Leone,8/11/20,1932,69,15,0,117
Sierra Leone,8/12/20,1937,69,5,0,118
Sierra Leone,8/13/20,1940,69,3,0,119
Sierra Leone,8/14/20,1947,69,7,0,120
Sierra Leone,8/15/20,1954,69,7,0,121
Sierra Leone,8/16/20,1956,69,2,0,122
Sierra Leone,8/17/20,1956,69,0,0,123
Sierra Leone,8/18/20,1959,69,3,0,124
Sierra Leone,8/19/20,1961,69,2,0,125
Sierra Leone,8/20/20,1969,69,8,0,126
Sierra Leone,8/21/20,1972,69,3,0,127
Sierra Leone,8/22/20,1980,69,8,0,128
Sierra Leone,8/23/20,1992,69,12,0,129
Sierra Leone,8/24/20,1997,69,5,0,130
Sierra Leone,8/25/20,2001,69,4,0,131
Sierra Leone,8/26/20,2003,69,2,0,132
Sierra Leone,8/27/20,2013,70,10,1,133
Sierra Leone,8/28/20,2013,70,0,0,134
Sierra Leone,8/29/20,2019,70,6,0,135
Sierra Leone,8/30/20,2022,70,3,0,136
Sierra Leone,8/31/20,2022,70,0,0,137
Sierra Leone,9/1/20,2028,71,6,1,138
Sierra Leone,9/2/20,2029,71,1,0,139
Sierra Leone,9/3/20,2035,71,6,0,140
Sierra Leone,9/4/20,2041,71,6,0,141
Sierra Leone,9/5/20,2041,71,0,0,142
Sierra Leone,9/6/20,2054,71,13,0,143
Sierra Leone,9/7/20,2055,71,1,0,144
Sierra Leone,9/8/20,2064,72,9,1,145
Sierra Leone,9/9/20,2067,72,3,0,146
Sierra Leone,9/10/20,2069,72,2,0,147
Sierra Leone,9/11/20,2087,72,18,0,148
Sierra Leone,9/12/20,2096,72,9,0,149
Sierra Leone,9/13/20,2109,72,13,0,150
Sierra Leone,9/14/20,2111,72,2,0,151
Sierra Leone,9/15/20,2126,72,15,0,152
Sierra Leone,9/16/20,2133,72,7,0,153
Sierra Leone,9/17/20,2133,72,0,0,154
Sierra Leone,9/18/20,2153,72,20,0,155
Sierra Leone,9/19/20,2159,72,6,0,156
Sierra Leone,9/20/20,2168,72,9,0,157
Sierra Leone,9/21/20,2168,72,0,0,158
Sierra Leone,9/22/20,2174,72,6,0,159
Sierra Leone,9/23/20,2183,72,9,0,160
Sierra Leone,9/24/20,2188,72,5,0,161
Sierra Leone,9/25/20,2199,72,11,0,162
Sierra Leone,9/26/20,2208,72,9,0,163
Sierra Leone,9/27/20,2215,72,7,0,164
Sierra Leone,9/28/20,2215,72,0,0,165
Sierra Leone,9/29/20,2222,72,7,0,166
Sierra Leone,9/30/20,2231,72,9,0,167
Sierra Leone,10/1/20,2238,72,7,0,168
Sierra Leone,10/2/20,2252,72,14,0,169
Sierra Leone,10/3/20,2259,72,7,0,170
Sierra Leone,10/4/20,2269,72,10,0,171
Sierra Leone,10/5/20,2269,72,0,0,172
Sierra Leone,10/6/20,2277,72,8,0,173
Sierra Leone,10/7/20,2287,72,10,0,174
Sierra Leone,10/8/20,2293,72,6,0,175
Sierra Leone,10/9/20,2295,72,2,0,176
Sierra Leone,10/10/20,2300,72,5,0,177
Sierra Leone,10/11/20,2306,72,6,0,178
Sierra Leone,10/12/20,2306,72,0,0,179
Sierra Leone,10/13/20,2309,72,3,0,180
Sierra Leone,10/14/20,2315,73,6,1,181
Sierra Leone,10/15/20,2323,73,8,0,182
Sierra Leone,10/16/20,2325,73,2,0,183
Sierra Leone,10/17/20,2327,73,2,0,184
Sierra Leone,10/18/20,2330,73,3,0,185
Sierra Leone,10/19/20,2331,73,1,0,186
Sierra Leone,10/20/20,2336,73,5,0,187
Sierra Leone,10/21/20,2337,73,1,0,188
Sierra Leone,10/22/20,2340,73,3,0,189
Sierra Leone,10/23/20,2343,74,3,1,190
Sierra Leone,10/24/20,2345,74,2,0,191
Sierra Leone,10/25/20,2346,74,1,0,192
Sierra Leone,10/26/20,2346,74,0,0,193
Sierra Leone,10/27/20,2350,74,4,0,194
Sierra Leone,10/28/20,2354,74,4,0,195
Sierra Leone,10/29/20,2362,74,8,0,196
Sierra Leone,10/30/20,2365,74,3,0,197
Sierra Leone,10/31/20,2366,74,1,0,198
Sierra Leone,11/1/20,2366,74,0,0,199
Sierra Leone,11/2/20,2366,74,0,0,200
Sierra Leone,11/3/20,2368,74,2,0,201
Sierra Leone,11/4/20,2369,74,1,0,202
Sierra Leone,11/5/20,2371,74,2,0,203
Sierra Leone,11/6/20,2373,74,2,0,204
Sierra Leone,11/7/20,2381,74,8,0,205
Sierra Leone,11/8/20,2381,74,0,0,206
Sierra Leone,11/9/20,2385,74,4,0,207
Sierra Leone,11/10/20,2386,74,1,0,208
Sierra Leone,11/11/20,2386,74,0,0,209
Sierra Leone,11/12/20,2387,74,1,0,210
Sierra Leone,11/13/20,2389,74,2,0,211
Sierra Leone,11/14/20,2391,74,2,0,212
Sierra Leone,11/15/20,2391,74,0,0,213
Sierra Leone,11/16/20,2391,74,0,0,214
Sierra Leone,11/17/20,2392,74,1,0,215
Sierra Leone,11/18/20,2397,74,5,0,216
Sierra Leone,11/19/20,2397,74,0,0,217
Sierra Leone,11/20/20,2399,74,2,0,218
Sierra Leone,11/21/20,2405,74,6,0,219
Sierra Leone,11/22/20,2405,74,0,0,220
Sierra Leone,11/23/20,2406,74,1,0,221
Sierra Leone,11/24/20,2406,74,0,0,222
Sierra Leone,11/25/20,2408,74,2,0,223
Sierra Leone,11/26/20,2409,74,1,0,224
Sierra Leone,11/27/20,2410,74,1,0,225
Sierra Leone,11/28/20,2410,74,0,0,226
Sierra Leone,11/29/20,2411,74,1,0,227
Sierra Leone,11/30/20,2412,74,1,0,228
Sierra Leone,12/1/20,2413,74,1,0,229
Sierra Leone,12/2/20,2416,74,3,0,230
Sierra Leone,12/3/20,2416,74,0,0,231
Sierra Leone,12/4/20,2420,74,4,0,232
Sierra Leone,12/5/20,2420,74,0,0,233
Sierra Leone,12/6/20,2426,74,6,0,234
Sierra Leone,12/7/20,2428,74,2,0,235
Sierra Leone,12/8/20,2428,74,0,0,236
Sierra Leone,12/9/20,2434,74,6,0,237
Sierra Leone,12/10/20,2435,74,1,0,238
Sierra Leone,12/11/20,2438,75,3,1,239
Sierra Leone,12/12/20,2440,75,2,0,240
Sierra Leone,12/13/20,2440,75,0,0,241
Sierra Leone,12/14/20,2445,75,5,0,242
Sierra Leone,12/15/20,2451,75,6,0,243
Sierra Leone,12/16/20,2460,75,9,0,244
Sierra Leone,12/17/20,2464,75,4,0,245
Sierra Leone,12/18/20,2486,75,22,0,246
Sierra Leone,12/19/20,2497,75,11,0,247
Sierra Leone,12/20/20,2509,75,12,0,248
Sierra Leone,12/21/20,2509,75,0,0,249
Sierra Leone,12/22/20,2518,75,9,0,250
Sierra Leone,12/23/20,2524,76,6,1,251
Sierra Leone,12/24/20,2531,76,7,0,252
Sierra Leone,12/25/20,2549,76,18,0,253
Sierra Leone,12/26/20,2549,76,0,0,254
Sierra Leone,12/27/20,2560,76,11,0,255
Sierra Leone,12/28/20,2560,76,0,0,256
Sierra Leone,12/29/20,2569,76,9,0,257
Sierra Leone,12/30/20,2583,76,14,0,258
Sierra Leone,12/31/20,2611,76,28,0,259
Sierra Leone,1/1/21,2635,76,24,0,260
Sierra Leone,1/2/21,2646,76,11,0,261
Sierra Leone,1/3/21,2673,76,27,0,262
Sierra Leone,1/4/21,2673,76,0,0,263
Sierra Leone,1/5/21,2724,76,51,0,264
Sierra Leone,1/6/21,2739,76,15,0,265
Sierra Leone,1/7/21,2757,77,18,1,266
Sierra Leone,1/8/21,2782,77,25,0,267
Sierra Leone,1/9/21,2803,77,21,0,268
Sierra Leone,1/10/21,2834,77,31,0,269
Sierra Leone,1/11/21,2846,77,12,0,270
Sierra Leone,1/12/21,2864,77,18,0,271
Sierra Leone,1/13/21,2887,77,23,0,272
Sierra Leone,1/14/21,2933,77,46,0,273
Sierra Leone,1/15/21,2959,77,26,0,274
Sierra Leone,1/16/21,2970,77,11,0,275
Sierra Leone,1/17/21,3006,77,36,0,276
Sierra Leone,1/18/21,3014,77,8,0,277
Sierra Leone,1/19/21,3030,77,16,0,278
Sierra Leone,1/20/21,3030,77,0,0,279
Sierra Leone,1/21/21,3081,77,51,0,280
Sierra Leone,1/22/21,3093,77,12,0,281
Sierra Leone,1/23/21,3120,77,27,0,282
Sierra Leone,1/24/21,3139,77,19,0,283
Sierra Leone,1/25/21,3173,77,34,0,284
Sierra Leone,1/26/21,3194,77,21,0,285
Sierra Leone,1/27/21,3236,77,42,0,286
Sierra Leone,1/28/21,3282,77,46,0,287
Sierra Leone,1/29/21,3382,79,100,2,288
Sierra Leone,1/30/21,3528,79,146,0,289
Sierra Leone,1/31/21,3593,79,65,0,290
Sierra Leone,2/1/21,3634,79,41,0,291
Sierra Leone,2/2/21,3660,79,26,0,292
Sierra Leone,2/3/21,3699,79,39,0,293
Sierra Leone,2/4/21,3728,79,29,0,294
Sierra Leone,2/5/21,3759,79,31,0,295
Sierra Leone,2/6/21,3772,79,13,0,296
Sierra Leone,2/7/21,3785,79,13,0,297
Sierra Leone,2/8/21,3789,79,4,0,298
Sierra Leone,2/9/21,3801,79,12,0,299
Sierra Leone,2/10/21,3803,79,2,0,300
Sierra Leone,2/11/21,3813,79,10,0,301
Sierra Leone,2/12/21,3817,79,4,0,302
Sierra Leone,2/13/21,3821,79,4,0,303
Sierra Leone,2/14/21,3821,79,0,0,304
Sierra Leone,2/15/21,3823,79,2,0,305
Sierra Leone,2/16/21,3825,79,2,0,306
Sierra Leone,2/17/21,3825,79,0,0,307
Sierra Leone,2/18/21,3829,79,4,0,308
Sierra Leone,2/19/21,3841,79,12,0,309
Sierra Leone,2/20/21,3849,79,8,0,310
Sierra Leone,2/21/21,3855,79,6,0,311
Sierra Leone,2/22/21,3857,79,2,0,312
Sierra Leone,2/23/21,3862,79,5,0,313
Sierra Leone,2/24/21,3880,79,18,0,314
Sierra Leone,2/25/21,3884,79,4,0,315
Sierra Leone,2/26/21,3884,79,0,0,316
Sierra Leone,2/27/21,3887,79,3,0,317
Sierra Leone,2/28/21,3887,79,0,0,318
Sierra Leone,3/1/21,3887,79,0,0,319
Sierra Leone,3/2/21,3889,79,2,0,320
Sierra Leone,3/3/21,3900,79,11,0,321
Sierra Leone,3/4/21,3900,79,0,0,322
Sierra Leone,3/5/21,3909,79,9,0,323
Sierra Leone,3/6/21,3918,79,9,0,324
Sierra Leone,3/7/21,3920,79,2,0,325
Sierra Leone,3/8/21,3921,79,1,0,326
Sierra Leone,3/9/21,3922,79,1,0,327
Sierra Leone,3/10/21,3928,79,6,0,328
Sierra Leone,3/11/21,3932,79,4,0,329
Sierra Leone,3/12/21,3934,79,2,0,330
Sierra Leone,3/13/21,3937,79,3,0,331
Sierra Leone,3/14/21,3937,79,0,0,332
Sierra Leone,3/15/21,3938,79,1,0,333
Sierra Leone,3/16/21,3939,79,1,0,334
Sierra Leone,3/17/21,3942,79,3,0,335
Sierra Leone,3/18/21,3947,79,5,0,336
Sierra Leone,3/19/21,3947,79,0,0,337
Sierra Leone,3/20/21,3948,79,1,0,338
Sierra Leone,3/21/21,3948,79,0,0,339
Sierra Leone,3/22/21,3948,79,0,0,340
Sierra Leone,3/23/21,3949,79,1,0,341
Sierra Leone,3/24/21,3953,79,4,0,342
Sierra Leone,3/25/21,3953,79,0,0,343
Sierra Leone,3/26/21,3962,79,9,0,344
Sierra Leone,3/27/21,3962,79,0,0,345
Sierra Leone,3/28/21,3970,79,8,0,346
Sierra Leone,3/29/21,3970,79,0,0,347
Sierra Leone,3/30/21,3970,79,0,0,348
Sierra Leone,3/31/21,3980,79,10,0,349
Sierra Leone,4/1/21,3981,79,1,0,350
Sierra Leone,4/2/21,3987,79,6,0,351
Sierra Leone,4/3/21,3987,79,0,0,352
Sierra Leone,4/4/21,3988,79,1,0,353
Sierra Leone,4/5/21,3989,79,1,0,354
Sierra Leone,4/6/21,3990,79,1,0,355
Sierra Leone,4/7/21,3993,79,3,0,356
Sierra Leone,4/8/21,3993,79,0,0,357
Sierra Leone,4/9/21,3995,79,2,0,358
Sierra Leone,4/10/21,3995,79,0,0,359
Sierra Leone,4/11/21,4005,79,10,0,360
Sierra Leone,4/12/21,4008,79,3,0,361
Sierra Leone,4/13/21,4009,79,1,0,362
Sierra Leone,4/14/21,4013,79,4,0,363
Sierra Leone,4/15/21,4016,79,3,0,364
Sierra Leone,4/16/21,4016,79,0,0,365
Sierra Leone,4/17/21,4020,79,4,0,366
Sierra Leone,4/18/21,4028,79,8,0,367
Sierra Leone,4/19/21,4038,79,10,0,368
Sierra Leone,4/20/21,4041,79,3,0,369
Sierra Leone,4/21/21,4042,79,1,0,370
Sierra Leone,4/22/21,4044,79,2,0,371
Sierra Leone,4/23/21,4044,79,0,0,372
Sierra Leone,4/24/21,4044,79,0,0,373
Sierra Leone,4/25/21,4044,79,0,0,374
Sierra Leone,4/26/21,4046,79,2,0,375
Sierra Leone,4/27/21,4046,79,0,0,376
Sierra Leone,4/28/21,4049,79,3,0,377
Sierra Leone,4/29/21,4053,79,4,0,378
Sierra Leone,4/30/21,4054,79,1,0,379
Sierra Leone,5/1/21,4057,79,3,0,380
Sierra Leone,5/2/21,4062,79,5,0,381
Sierra Leone,5/3/21,4062,79,0,0,382
Sierra Leone,5/4/21,4068,79,6,0,383
Sierra Leone,5/5/21,4068,79,0,0,384
Sierra Leone,5/6/21,4068,79,0,0,385
Sierra Leone,5/7/21,4068,79,0,0,386
Sierra Leone,5/8/21,4068,79,0,0,387
Sierra Leone,5/9/21,4068,79,0,0,388
Sierra Leone,5/10/21,4089,79,21,0,389
Sierra Leone,5/11/21,4089,79,0,0,390
Sierra Leone,5/12/21,4089,79,0,0,391
Sierra Leone,5/13/21,4096,79,7,0,392
Sierra Leone,5/14/21,4103,79,7,0,393
Sierra Leone,5/15/21,4103,79,0,0,394
Sierra Leone,5/16/21,4107,79,4,0,395
Sierra Leone,5/17/21,4107,79,0,0,396
Sierra Leone,5/18/21,4107,79,0,0,397
Sierra Leone,5/19/21,4107,79,0,0,398
Sierra Leone,5/20/21,4115,79,8,0,399
Sierra Leone,5/21/21,4115,79,0,0,400
Sierra Leone,5/22/21,4121,79,6,0,401
Sierra Leone,5/23/21,4121,79,0,0,402
Sierra Leone,5/24/21,4121,79,0,0,403
Sierra Leone,5/25/21,4121,79,0,0,404
Sierra Leone,5/26/21,4121,79,0,0,405
Sierra Leone,5/27/21,4133,79,12,0,406
Sierra Leone,5/28/21,4140,79,7,0,407
Sierra Leone,5/29/21,4141,79,1,0,408
Sierra Leone,5/30/21,4147,79,6,0,409
Sierra Leone,5/31/21,4147,79,0,0,410
Sierra Leone,6/1/21,4148,79,1,0,411
Sierra Leone,6/2/21,4156,79,8,0,412
Sierra Leone,6/3/21,4162,79,6,0,413
Sierra Leone,6/4/21,4168,79,6,0,414
Sierra Leone,6/5/21,4188,79,20,0,415
Sierra Leone,6/6/21,4201,79,13,0,416
Sierra Leone,6/7/21,4208,79,7,0,417
Sierra Leone,6/8/21,4219,82,11,3,418
Sierra Leone,6/9/21,4251,82,32,0,419
Sierra Leone,6/10/21,4289,82,38,0,420
Sierra Leone,6/11/21,4312,82,23,0,421
Sierra Leone,6/12/21,4349,82,37,0,422
Sierra Leone,6/13/21,4388,82,39,0,423
