country,date,confirmed,deaths,new_confirmed,new_deaths,tagged_day
Singapore,2/4/20,24,0,6,0,1
Singapore,2/5/20,28,0,4,0,2
Singapore,2/6/20,28,0,0,0,3
Singapore,2/7/20,30,0,2,0,4
Singapore,2/8/20,33,0,3,0,5
Singapore,2/9/20,40,0,7,0,6
Singapore,2/10/20,45,0,5,0,7
Singapore,2/11/20,47,0,2,0,8
Singapore,2/12/20,50,0,3,0,9
Singapore,2/13/20,58,0,8,0,10
Singapore,2/14/20,67,0,9,0,11
Singapore,2/15/20,72,0,5,0,12
Singapore,2/16/20,75,0,3,0,13
Singapore,2/17/20,77,0,2,0,14
Singapore,2/18/20,81,0,4,0,15
Singapore,2/19/20,84,0,3,0,16
Singapore,2/20/20,84,0,0,0,17
Singapore,2/21/20,85,0,1,0,18
Singapore,2/22/20,85,0,0,0,19
Singapore,2/23/20,89,0,4,0,20
Singapore,2/24/20,89,0,0,0,21
Singapore,2/25/20,91,0,2,0,22
Singapore,2/26/20,93,0,2,0,23
Singapore,2/27/20,93,0,0,0,24
Singapore,2/28/20,93,0,0,0,25
Singapore,2/29/20,102,0,9,0,26
Singapore,3/1/20,106,0,4,0,27
Singapore,3/2/20,108,0,2,0,28
Singapore,3/3/20,110,0,2,0,29
Singapore,3/4/20,110,0,0,0,30
Singapore,3/5/20,117,0,7,0,31
Singapore,3/6/20,130,0,13,0,32
Singapore,3/7/20,138,0,8,0,33
Singapore,3/8/20,150,0,12,0,34
Singapore,3/9/20,150,0,0,0,35
Singapore,3/10/20,160,0,10,0,36
Singapore,3/11/20,178,0,18,0,37
Singapore,3/12/20,178,0,0,0,38
Singapore,3/13/20,200,0,22,0,39
Singapore,3/14/20,212,0,12,0,40
Singapore,3/15/20,226,0,14,0,41
Singapore,3/16/20,243,0,17,0,42
Singapore,3/17/20,266,0,23,0,43
Singapore,3/18/20,313,0,47,0,44
Singapore,3/19/20,345,0,32,0,45
Singapore,3/20/20,385,0,40,0,46
Singapore,3/21/20,432,2,47,2,47
Singapore,3/22/20,455,2,23,0,48
Singapore,3/23/20,509,2,54,0,49
Singapore,3/24/20,558,2,49,0,50
Singapore,3/25/20,631,2,73,0,51
Singapore,3/26/20,683,2,52,0,52
Singapore,3/27/20,732,2,49,0,53
Singapore,3/28/20,802,2,70,0,54
Singapore,3/29/20,844,3,42,1,55
Singapore,3/30/20,879,3,35,0,56
Singapore,3/31/20,926,3,47,0,57
Singapore,4/1/20,1000,3,74,0,58
Singapore,4/2/20,1049,4,49,1,59
Singapore,4/3/20,1114,5,65,1,60
Singapore,4/4/20,1189,6,75,1,61
Singapore,4/5/20,1309,6,120,0,62
Singapore,4/6/20,1375,6,66,0,63
Singapore,4/7/20,1481,6,106,0,64
Singapore,4/8/20,1623,6,142,0,65
Singapore,4/9/20,1910,6,287,0,66
Singapore,4/10/20,2108,7,198,1,67
Singapore,4/11/20,2299,8,191,1,68
Singapore,4/12/20,2532,8,233,0,69
Singapore,4/13/20,2918,9,386,1,70
Singapore,4/14/20,3252,10,334,1,71
Singapore,4/15/20,3699,10,447,0,72
Singapore,4/16/20,4427,10,728,0,73
Singapore,4/17/20,5050,11,623,1,74
Singapore,4/18/20,5992,11,942,0,75
Singapore,4/19/20,6588,11,596,0,76
Singapore,4/20/20,8014,11,1426,0,77
Singapore,4/21/20,9125,11,1111,0,78
Singapore,4/22/20,10141,12,1016,1,79
Singapore,4/23/20,11178,12,1037,0,80
Singapore,4/24/20,12075,12,897,0,81
Singapore,4/25/20,12693,12,618,0,82
Singapore,4/26/20,13624,12,931,0,83
Singapore,4/27/20,14423,14,799,2,84
Singapore,4/28/20,14951,14,528,0,85
Singapore,4/29/20,15641,14,690,0,86
Singapore,4/30/20,16169,15,528,1,87
Singapore,5/1/20,17101,16,932,1,88
Singapore,5/2/20,17548,17,447,1,89
Singapore,5/3/20,18205,18,657,1,90
Singapore,5/4/20,18778,18,573,0,91
Singapore,5/5/20,19410,18,632,0,92
Singapore,5/6/20,20198,20,788,2,93
Singapore,5/7/20,20939,20,741,0,94
Singapore,5/8/20,21707,20,768,0,95
Singapore,5/9/20,22460,20,753,0,96
Singapore,5/10/20,23336,20,876,0,97
Singapore,5/11/20,23822,21,486,1,98
Singapore,5/12/20,24671,21,849,0,99
Singapore,5/13/20,25346,21,675,0,100
Singapore,5/14/20,26098,21,752,0,101
Singapore,5/15/20,26891,21,793,0,102
Singapore,5/16/20,27356,22,465,1,103
Singapore,5/17/20,28038,22,682,0,104
Singapore,5/18/20,28343,22,305,0,105
Singapore,5/19/20,28794,22,451,0,106
Singapore,5/20/20,29364,22,570,0,107
Singapore,5/21/20,29812,23,448,1,108
Singapore,5/22/20,30426,23,614,0,109
Singapore,5/23/20,31068,23,642,0,110
Singapore,5/24/20,31616,23,548,0,111
Singapore,5/25/20,31960,23,344,0,112
Singapore,5/26/20,32343,23,383,0,113
Singapore,5/27/20,32876,23,533,0,114
Singapore,5/28/20,33249,23,373,0,115
Singapore,5/29/20,33860,23,611,0,116
Singapore,5/30/20,34366,23,506,0,117
Singapore,5/31/20,34884,23,518,0,118
Singapore,6/1/20,35292,24,408,1,119
Singapore,6/2/20,35836,24,544,0,120
Singapore,6/3/20,36405,24,569,0,121
Singapore,6/4/20,36922,24,517,0,122
Singapore,6/5/20,37183,24,261,0,123
Singapore,6/6/20,37527,25,344,1,124
Singapore,6/7/20,37910,25,383,0,125
Singapore,6/8/20,38296,25,386,0,126
Singapore,6/9/20,38514,25,218,0,127
Singapore,6/10/20,38965,25,451,0,128
Singapore,6/11/20,39387,25,422,0,129
Singapore,6/12/20,39850,25,463,0,130
Singapore,6/13/20,40197,26,347,1,131
Singapore,6/14/20,40604,26,407,0,132
Singapore,6/15/20,40818,26,214,0,133
Singapore,6/16/20,40969,26,151,0,134
Singapore,6/17/20,41216,26,247,0,135
Singapore,6/18/20,41473,26,257,0,136
Singapore,6/19/20,41615,26,142,0,137
Singapore,6/20/20,41833,26,218,0,138
Singapore,6/21/20,42095,26,262,0,139
Singapore,6/22/20,42313,26,218,0,140
Singapore,6/23/20,42432,26,119,0,141
Singapore,6/24/20,42623,26,191,0,142
Singapore,6/25/20,42736,26,113,0,143
Singapore,6/26/20,42955,26,219,0,144
Singapore,6/27/20,43246,26,291,0,145
Singapore,6/28/20,43459,26,213,0,146
Singapore,6/29/20,43661,26,202,0,147
Singapore,6/30/20,43907,26,246,0,148
Singapore,7/1/20,44122,26,215,0,149
Singapore,7/2/20,44310,26,188,0,150
Singapore,7/3/20,44479,26,169,0,151
Singapore,7/4/20,44664,26,185,0,152
Singapore,7/5/20,44800,26,136,0,153
Singapore,7/6/20,44983,26,183,0,154
Singapore,7/7/20,45140,26,157,0,155
Singapore,7/8/20,45298,26,158,0,156
Singapore,7/9/20,45423,26,125,0,157
Singapore,7/10/20,45614,26,191,0,158
Singapore,7/11/20,45783,26,169,0,159
Singapore,7/12/20,45961,26,178,0,160
Singapore,7/13/20,46283,26,322,0,161
Singapore,7/14/20,46630,27,347,1,162
Singapore,7/15/20,46878,27,248,0,163
Singapore,7/16/20,47126,27,248,0,164
Singapore,7/17/20,47453,27,327,0,165
Singapore,7/18/20,47655,27,202,0,166
Singapore,7/19/20,47912,27,257,0,167
Singapore,7/20/20,48035,27,123,0,168
Singapore,7/21/20,48434,27,399,0,169
Singapore,7/22/20,48744,27,310,0,170
Singapore,7/23/20,49098,27,354,0,171
Singapore,7/24/20,49375,27,277,0,172
Singapore,7/25/20,49888,27,513,0,173
Singapore,7/26/20,50369,27,481,0,174
Singapore,7/27/20,50838,27,469,0,175
Singapore,7/28/20,51197,27,359,0,176
Singapore,7/29/20,51531,27,334,0,177
Singapore,7/30/20,51809,27,278,0,178
Singapore,7/31/20,52205,27,396,0,179
Singapore,8/1/20,52512,27,307,0,180
Singapore,8/2/20,52825,27,313,0,181
Singapore,8/3/20,53051,27,226,0,182
Singapore,8/4/20,53346,27,295,0,183
Singapore,8/5/20,54254,27,908,0,184
Singapore,8/6/20,54555,27,301,0,185
Singapore,8/7/20,54797,27,242,0,186
Singapore,8/8/20,54929,27,132,0,187
Singapore,8/9/20,55104,27,175,0,188
Singapore,8/10/20,55292,27,188,0,189
Singapore,8/11/20,55353,27,61,0,190
Singapore,8/12/20,55395,27,42,0,191
Singapore,8/13/20,55497,27,102,0,192
Singapore,8/14/20,55580,27,83,0,193
Singapore,8/15/20,55661,27,81,0,194
Singapore,8/16/20,55747,27,86,0,195
Singapore,8/17/20,55838,27,91,0,196
Singapore,8/18/20,55938,27,100,0,197
Singapore,8/19/20,56031,27,93,0,198
Singapore,8/20/20,56099,27,68,0,199
Singapore,8/21/20,56216,27,117,0,200
Singapore,8/22/20,56266,27,50,0,201
Singapore,8/23/20,56353,27,87,0,202
Singapore,8/24/20,56404,27,51,0,203
Singapore,8/25/20,56435,27,31,0,204
Singapore,8/26/20,56495,27,60,0,205
Singapore,8/27/20,56572,27,77,0,206
Singapore,8/28/20,56666,27,94,0,207
Singapore,8/29/20,56717,27,51,0,208
Singapore,8/30/20,56771,27,54,0,209
Singapore,8/31/20,56812,27,41,0,210
Singapore,9/1/20,56852,27,40,0,211
Singapore,9/2/20,56860,27,8,0,212
Singapore,9/3/20,56908,27,48,0,213
Singapore,9/4/20,56948,27,40,0,214
Singapore,9/5/20,56982,27,34,0,215
Singapore,9/6/20,57022,27,40,0,216
Singapore,9/7/20,57044,27,22,0,217
Singapore,9/8/20,57091,27,47,0,218
Singapore,9/9/20,57166,27,75,0,219
Singapore,9/10/20,57229,27,63,0,220
Singapore,9/11/20,57315,27,86,0,221
Singapore,9/12/20,57357,27,42,0,222
Singapore,9/13/20,57406,27,49,0,223
Singapore,9/14/20,57454,27,48,0,224
Singapore,9/15/20,57488,27,34,0,225
Singapore,9/16/20,57514,27,26,0,226
Singapore,9/17/20,57532,27,18,0,227
Singapore,9/18/20,57543,27,11,0,228
Singapore,9/19/20,57558,27,15,0,229
Singapore,9/20/20,57576,27,18,0,230
Singapore,9/21/20,57606,27,30,0,231
Singapore,9/22/20,57627,27,21,0,232
Singapore,9/23/20,57639,27,12,0,233
Singapore,9/24/20,57654,27,15,0,234
Singapore,9/25/20,57665,27,11,0,235
Singapore,9/26/20,57685,27,20,0,236
Singapore,9/27/20,57700,27,15,0,237
Singapore,9/28/20,57715,27,15,0,238
Singapore,9/29/20,57742,27,27,0,239
Singapore,9/30/20,57765,27,23,0,240
Singapore,10/1/20,57784,27,19,0,241
Singapore,10/2/20,57794,27,10,0,242
Singapore,10/3/20,57800,27,6,0,243
Singapore,10/4/20,57812,27,12,0,244
Singapore,10/5/20,57819,27,7,0,245
Singapore,10/6/20,57830,27,11,0,246
Singapore,10/7/20,57840,27,10,0,247
Singapore,10/8/20,57849,27,9,0,248
Singapore,10/9/20,57859,27,10,0,249
Singapore,10/10/20,57866,27,7,0,250
Singapore,10/11/20,57876,27,10,0,251
Singapore,10/12/20,57880,28,4,1,252
Singapore,10/13/20,57884,28,4,0,253
Singapore,10/14/20,57889,28,5,0,254
Singapore,10/15/20,57892,28,3,0,255
Singapore,10/16/20,57901,28,9,0,256
Singapore,10/17/20,57904,28,3,0,257
Singapore,10/18/20,57911,28,7,0,258
Singapore,10/19/20,57915,28,4,0,259
Singapore,10/20/20,57921,28,6,0,260
Singapore,10/21/20,57933,28,12,0,261
Singapore,10/22/20,57941,28,8,0,262
Singapore,10/23/20,57951,28,10,0,263
Singapore,10/24/20,57965,28,14,0,264
Singapore,10/25/20,57970,28,5,0,265
Singapore,10/26/20,57973,28,3,0,266
Singapore,10/27/20,57980,28,7,0,267
Singapore,10/28/20,57987,28,7,0,268
Singapore,10/29/20,57994,28,7,0,269
Singapore,10/30/20,58003,28,9,0,270
Singapore,10/31/20,58015,28,12,0,271
Singapore,11/1/20,58019,28,4,0,272
Singapore,11/2/20,58020,28,1,0,273
Singapore,11/3/20,58029,28,9,0,274
Singapore,11/4/20,58036,28,7,0,275
Singapore,11/5/20,58043,28,7,0,276
Singapore,11/6/20,58047,28,4,0,277
Singapore,11/7/20,58054,28,7,0,278
Singapore,11/8/20,58056,28,2,0,279
Singapore,11/9/20,58064,28,8,0,280
Singapore,11/10/20,58073,28,9,0,281
Singapore,11/11/20,58091,28,18,0,282
Singapore,11/12/20,58102,28,11,0,283
Singapore,11/13/20,58114,28,12,0,284
Singapore,11/14/20,58116,28,2,0,285
Singapore,11/15/20,58119,28,3,0,286
Singapore,11/16/20,58124,28,5,0,287
Singapore,11/17/20,58130,28,6,0,288
Singapore,11/18/20,58135,28,5,0,289
Singapore,11/19/20,58139,28,4,0,290
Singapore,11/20/20,58143,28,4,0,291
Singapore,11/21/20,58148,28,5,0,292
Singapore,11/22/20,58160,28,12,0,293
Singapore,11/23/20,58165,28,5,0,294
Singapore,11/24/20,58183,28,18,0,295
Singapore,11/25/20,58190,28,7,0,296
Singapore,11/26/20,58195,28,5,0,297
Singapore,11/27/20,58199,28,4,0,298
Singapore,11/28/20,58205,29,6,1,299
Singapore,11/29/20,58213,29,8,0,300
Singapore,11/30/20,58218,29,5,0,301
Singapore,12/1/20,58228,29,10,0,302
Singapore,12/2/20,58230,29,2,0,303
Singapore,12/3/20,58239,29,9,0,304
Singapore,12/4/20,58242,29,3,0,305
Singapore,12/5/20,58255,29,13,0,306
Singapore,12/6/20,58260,29,5,0,307
Singapore,12/7/20,58273,29,13,0,308
Singapore,12/8/20,58285,29,12,0,309
Singapore,12/9/20,58291,29,6,0,310
Singapore,12/10/20,58297,29,6,0,311
Singapore,12/11/20,58305,29,8,0,312
Singapore,12/12/20,58313,29,8,0,313
Singapore,12/13/20,58320,29,7,0,314
Singapore,12/14/20,58325,29,5,0,315
Singapore,12/15/20,58341,29,16,0,316
Singapore,12/16/20,58353,29,12,0,317
Singapore,12/17/20,58377,29,24,0,318
Singapore,12/18/20,58386,29,9,0,319
Singapore,12/19/20,58403,29,17,0,320
Singapore,12/20/20,58422,29,19,0,321
Singapore,12/21/20,58432,29,10,0,322
Singapore,12/22/20,58461,29,29,0,323
Singapore,12/23/20,58482,29,21,0,324
Singapore,12/24/20,58495,29,13,0,325
Singapore,12/25/20,58509,29,14,0,326
Singapore,12/26/20,58519,29,10,0,327
Singapore,12/27/20,58524,29,5,0,328
Singapore,12/28/20,58529,29,5,0,329
Singapore,12/29/20,58542,29,13,0,330
Singapore,12/30/20,58569,29,27,0,331
Singapore,12/31/20,58599,29,30,0,332
Singapore,1/1/21,58629,29,30,0,333
Singapore,1/2/21,58662,29,33,0,334
Singapore,1/3/21,58697,29,35,0,335
Singapore,1/4/21,58721,29,24,0,336
Singapore,1/5/21,58749,29,28,0,337
Singapore,1/6/21,58780,29,31,0,338
Singapore,1/7/21,58813,29,33,0,339
Singapore,1/8/21,58836,29,23,0,340
Singapore,1/9/21,58865,29,29,0,341
Singapore,1/10/21,58907,29,42,0,342
Singapore,1/11/21,58929,29,22,0,343
Singapore,1/12/21,58946,29,17,0,344
Singapore,1/13/21,58984,29,38,0,345
Singapore,1/14/21,59029,29,45,0,346
Singapore,1/15/21,59059,29,30,0,347
Singapore,1/16/21,59083,29,24,0,348
Singapore,1/17/21,59113,29,30,0,349
Singapore,1/18/21,59127,29,14,0,350
Singapore,1/19/21,59157,29,30,0,351
Singapore,1/20/21,59197,29,40,0,352
Singapore,1/21/21,59235,29,38,0,353
Singapore,1/22/21,59250,29,15,0,354
Singapore,1/23/21,59260,29,10,0,355
Singapore,1/24/21,59308,29,48,0,356
Singapore,1/25/21,59352,29,44,0,357
Singapore,1/26/21,59366,29,14,0,358
Singapore,1/27/21,59391,29,25,0,359
Singapore,1/28/21,59425,29,34,0,360
Singapore,1/29/21,59449,29,24,0,361
Singapore,1/30/21,59507,29,58,0,362
Singapore,1/31/21,59536,29,29,0,363
Singapore,2/1/21,59565,29,29,0,364
Singapore,2/2/21,59584,29,19,0,365
Singapore,2/3/21,59602,29,18,0,366
Singapore,2/4/21,59624,29,22,0,367
Singapore,2/5/21,59649,29,25,0,368
Singapore,2/6/21,59675,29,26,0,369
Singapore,2/7/21,59699,29,24,0,370
Singapore,2/8/21,59721,29,22,0,371
Singapore,2/9/21,59732,29,11,0,372
Singapore,2/10/21,59747,29,15,0,373
Singapore,2/11/21,59759,29,12,0,374
Singapore,2/12/21,59777,29,18,0,375
Singapore,2/13/21,59786,29,9,0,376
Singapore,2/14/21,59800,29,14,0,377
Singapore,2/15/21,59809,29,9,0,378
Singapore,2/16/21,59810,29,1,0,379
Singapore,2/17/21,59821,29,11,0,380
Singapore,2/18/21,59832,29,11,0,381
Singapore,2/19/21,59846,29,14,0,382
Singapore,2/20/21,59858,29,12,0,383
Singapore,2/21/21,59869,29,11,0,384
Singapore,2/22/21,59879,29,10,0,385
Singapore,2/23/21,59883,29,4,0,386
Singapore,2/24/21,59890,29,7,0,387
Singapore,2/25/21,59900,29,10,0,388
Singapore,2/26/21,59913,29,13,0,389
Singapore,2/27/21,59925,29,12,0,390
Singapore,2/28/21,59936,29,11,0,391
Singapore,3/1/21,59948,29,12,0,392
Singapore,3/2/21,59956,29,8,0,393
Singapore,3/3/21,59979,29,23,0,394
Singapore,3/4/21,59998,29,19,0,395
Singapore,3/5/21,60007,29,9,0,396
Singapore,3/6/21,60020,29,13,0,397
Singapore,3/7/21,60033,29,13,0,398
Singapore,3/8/21,60046,29,13,0,399
Singapore,3/9/21,60052,29,6,0,400
Singapore,3/10/21,60062,29,10,0,401
Singapore,3/11/21,60070,29,8,0,402
Singapore,3/12/21,60080,29,10,0,403
Singapore,3/13/21,60088,30,8,1,404
Singapore,3/14/21,60105,30,17,0,405
Singapore,3/15/21,60117,30,12,0,406
Singapore,3/16/21,60128,30,11,0,407
Singapore,3/17/21,60137,30,9,0,408
Singapore,3/18/21,60152,30,15,0,409
Singapore,3/19/21,60167,30,15,0,410
Singapore,3/20/21,60184,30,17,0,411
Singapore,3/21/21,60196,30,12,0,412
Singapore,3/22/21,60208,30,12,0,413
Singapore,3/23/21,60221,30,13,0,414
Singapore,3/24/21,60236,30,15,0,415
Singapore,3/25/21,60253,30,17,0,416
Singapore,3/26/21,60265,30,12,0,417
Singapore,3/27/21,60288,30,23,0,418
Singapore,3/28/21,60300,30,12,0,419
Singapore,3/29/21,60321,30,21,0,420
Singapore,3/30/21,60347,30,26,0,421
Singapore,3/31/21,60381,30,34,0,422
Singapore,4/1/21,60407,30,26,0,423
Singapore,4/2/21,60450,30,43,0,424
Singapore,4/3/21,60468,30,18,0,425
Singapore,4/4/21,60478,30,10,0,426
Singapore,4/5/21,60495,30,17,0,427
Singapore,4/6/21,60519,30,24,0,428
Singapore,4/7/21,60554,30,35,0,429
Singapore,4/8/21,60575,30,21,0,430
Singapore,4/9/21,60601,30,26,0,431
Singapore,4/10/21,60633,30,32,0,432
Singapore,4/11/21,60653,30,20,0,433
Singapore,4/12/21,60678,30,25,0,434
Singapore,4/13/21,60692,30,14,0,435
Singapore,4/14/21,60719,30,27,0,436
Singapore,4/15/21,60735,30,16,0,437
Singapore,4/16/21,60769,30,34,0,438
Singapore,4/17/21,60808,30,39,0,439
Singapore,4/18/21,60831,30,23,0,440
Singapore,4/19/21,60851,30,20,0,441
Singapore,4/20/21,60865,30,14,0,442
Singapore,4/21/21,60880,30,15,0,443
Singapore,4/22/21,60904,30,24,0,444
Singapore,4/23/21,60943,30,39,0,445
Singapore,4/24/21,60966,30,23,0,446
Singapore,4/25/21,61006,30,40,0,447
Singapore,4/26/21,61051,30,45,0,448
Singapore,4/27/21,61063,30,12,0,449
Singapore,4/28/21,61086,30,23,0,450
Singapore,4/29/21,61121,30,35,0,451
Singapore,4/30/21,61145,30,24,0,452
Singapore,5/1/21,61179,31,34,1,453
Singapore,5/2/21,61218,31,39,0,454
Singapore,5/3/21,61235,31,17,0,455
Singapore,5/4/21,61252,31,17,0,456
Singapore,5/5/21,61268,31,16,0,457
Singapore,5/6/21,61286,31,18,0,458
Singapore,5/7/21,61311,31,25,0,459
Singapore,5/8/21,61331,31,20,0,460
Singapore,5/9/21,61359,31,28,0,461
Singapore,5/10/21,61378,31,19,0,462
Singapore,5/11/21,61403,31,25,0,463
Singapore,5/12/21,61419,31,16,0,464
Singapore,5/13/21,61453,31,34,0,465
Singapore,5/14/21,61505,31,52,0,466
Singapore,5/15/21,61536,31,31,0,467
Singapore,5/16/21,61585,31,49,0,468
Singapore,5/17/21,61613,31,28,0,469
Singapore,5/18/21,61651,31,38,0,470
Singapore,5/19/21,61689,31,38,0,471
Singapore,5/20/21,61730,32,41,1,472
Singapore,5/21/21,61770,32,40,0,473
Singapore,5/22/21,61799,32,29,0,474
Singapore,5/23/21,61824,32,25,0,475
Singapore,5/24/21,61860,32,36,0,476
Singapore,5/25/21,61890,32,30,0,477
Singapore,5/26/21,61916,32,26,0,478
Singapore,5/27/21,61940,32,24,0,479
Singapore,5/28/21,61970,32,30,0,480
Singapore,5/29/21,62003,32,33,0,481
Singapore,5/30/21,62028,33,25,1,482
Singapore,5/31/21,62051,33,23,0,483
Singapore,6/1/21,62069,33,18,0,484
Singapore,6/2/21,62100,33,31,0,485
Singapore,6/3/21,62145,33,45,0,486
Singapore,6/4/21,62158,33,13,0,487
Singapore,6/5/21,62176,33,18,0,488
Singapore,6/6/21,62196,33,20,0,489
Singapore,6/7/21,62210,33,14,0,490
Singapore,6/8/21,62219,34,9,1,491
Singapore,6/9/21,62223,34,4,0,492
Singapore,6/10/21,62236,34,13,0,493
Singapore,6/11/21,62245,34,9,0,494
Singapore,6/12/21,62224,34,-21,0,495
Singapore,6/13/21,62276,34,52,0,496
