country,date,confirmed,deaths,new_confirmed,new_deaths,tagged_day
Slovakia,3/13/20,32,0,16,0,1
Slovakia,3/14/20,44,0,12,0,2
Slovakia,3/15/20,54,0,10,0,3
Slovakia,3/16/20,63,0,9,0,4
Slovakia,3/17/20,72,0,9,0,5
Slovakia,3/18/20,105,1,33,1,6
Slovakia,3/19/20,123,1,18,0,7
Slovakia,3/20/20,137,1,14,0,8
Slovakia,3/21/20,178,1,41,0,9
Slovakia,3/22/20,185,0,7,-1,10
Slovakia,3/23/20,186,0,1,0,11
Slovakia,3/24/20,204,0,18,0,12
Slovakia,3/25/20,216,0,12,0,13
Slovakia,3/26/20,226,0,10,0,14
Slovakia,3/27/20,269,0,43,0,15
Slovakia,3/28/20,292,0,23,0,16
Slovakia,3/29/20,314,0,22,0,17
Slovakia,3/30/20,336,0,22,0,18
Slovakia,3/31/20,363,0,27,0,19
Slovakia,4/1/20,400,1,37,1,20
Slovakia,4/2/20,426,1,26,0,21
Slovakia,4/3/20,450,1,24,0,22
Slovakia,4/4/20,471,1,21,0,23
Slovakia,4/5/20,485,1,14,0,24
Slovakia,4/6/20,534,2,49,1,25
Slovakia,4/7/20,581,2,47,0,26
Slovakia,4/8/20,682,2,101,0,27
Slovakia,4/9/20,701,2,19,0,28
Slovakia,4/10/20,715,2,14,0,29
Slovakia,4/11/20,728,2,13,0,30
Slovakia,4/12/20,742,2,14,0,31
Slovakia,4/13/20,769,2,27,0,32
Slovakia,4/14/20,835,2,66,0,33
Slovakia,4/15/20,863,6,28,4,34
Slovakia,4/16/20,977,8,114,2,35
Slovakia,4/17/20,1049,9,72,1,36
Slovakia,4/18/20,1089,11,40,2,37
Slovakia,4/19/20,1161,12,72,1,38
Slovakia,4/20/20,1173,13,12,1,39
Slovakia,4/21/20,1199,14,26,1,40
Slovakia,4/22/20,1244,14,45,0,41
Slovakia,4/23/20,1325,15,81,1,42
Slovakia,4/24/20,1360,17,35,2,43
Slovakia,4/25/20,1373,17,13,0,44
Slovakia,4/26/20,1379,18,6,1,45
Slovakia,4/27/20,1381,18,2,0,46
Slovakia,4/28/20,1384,20,3,2,47
Slovakia,4/29/20,1391,22,7,2,48
Slovakia,4/30/20,1396,23,5,1,49
Slovakia,5/1/20,1403,23,7,0,50
Slovakia,5/2/20,1407,24,4,1,51
Slovakia,5/3/20,1408,24,1,0,52
Slovakia,5/4/20,1413,25,5,1,53
Slovakia,5/5/20,1421,25,8,0,54
Slovakia,5/6/20,1429,25,8,0,55
Slovakia,5/7/20,1445,26,16,1,56
Slovakia,5/8/20,1455,26,10,0,57
Slovakia,5/9/20,1455,26,0,0,58
Slovakia,5/10/20,1457,26,2,0,59
Slovakia,5/11/20,1457,26,0,0,60
Slovakia,5/12/20,1465,27,8,1,61
Slovakia,5/13/20,1469,27,4,0,62
Slovakia,5/14/20,1477,27,8,0,63
Slovakia,5/15/20,1480,27,3,0,64
Slovakia,5/16/20,1493,28,13,1,65
Slovakia,5/17/20,1494,28,1,0,66
Slovakia,5/18/20,1495,28,1,0,67
Slovakia,5/19/20,1495,28,0,0,68
Slovakia,5/20/20,1496,28,1,0,69
Slovakia,5/21/20,1502,28,6,0,70
Slovakia,5/22/20,1503,28,1,0,71
Slovakia,5/23/20,1504,28,1,0,72
Slovakia,5/24/20,1509,28,5,0,73
Slovakia,5/25/20,1511,28,2,0,74
Slovakia,5/26/20,1513,28,2,0,75
Slovakia,5/27/20,1515,28,2,0,76
Slovakia,5/28/20,1520,28,5,0,77
Slovakia,5/29/20,1520,28,0,0,78
Slovakia,5/30/20,1521,28,1,0,79
Slovakia,5/31/20,1521,28,0,0,80
Slovakia,6/1/20,1522,28,1,0,81
Slovakia,6/2/20,1522,28,0,0,82
Slovakia,6/3/20,1525,28,3,0,83
Slovakia,6/4/20,1526,28,1,0,84
Slovakia,6/5/20,1526,28,0,0,85
Slovakia,6/6/20,1528,28,2,0,86
Slovakia,6/7/20,1528,28,0,0,87
Slovakia,6/8/20,1530,28,2,0,88
Slovakia,6/9/20,1531,28,1,0,89
Slovakia,6/10/20,1533,28,2,0,90
Slovakia,6/11/20,1541,28,8,0,91
Slovakia,6/12/20,1542,28,1,0,92
Slovakia,6/13/20,1545,28,3,0,93
Slovakia,6/14/20,1548,28,3,0,94
Slovakia,6/15/20,1552,28,4,0,95
Slovakia,6/16/20,1552,28,0,0,96
Slovakia,6/17/20,1561,28,9,0,97
Slovakia,6/18/20,1562,28,1,0,98
Slovakia,6/19/20,1576,28,14,0,99
Slovakia,6/20/20,1586,28,10,0,100
Slovakia,6/21/20,1587,28,1,0,101
Slovakia,6/22/20,1588,28,1,0,102
Slovakia,6/23/20,1589,28,1,0,103
Slovakia,6/24/20,1607,28,18,0,104
Slovakia,6/25/20,1630,28,23,0,105
Slovakia,6/26/20,1643,28,13,0,106
Slovakia,6/27/20,1657,28,14,0,107
Slovakia,6/28/20,1664,28,7,0,108
Slovakia,6/29/20,1665,28,1,0,109
Slovakia,6/30/20,1667,28,2,0,110
Slovakia,7/1/20,1687,28,20,0,111
Slovakia,7/2/20,1700,28,13,0,112
Slovakia,7/3/20,1720,28,20,0,113
Slovakia,7/4/20,1749,28,29,0,114
Slovakia,7/5/20,1764,28,15,0,115
Slovakia,7/6/20,1765,28,1,0,116
Slovakia,7/7/20,1767,28,2,0,117
Slovakia,7/8/20,1798,28,31,0,118
Slovakia,7/9/20,1851,28,53,0,119
Slovakia,7/10/20,1870,28,19,0,120
Slovakia,7/11/20,1893,28,23,0,121
Slovakia,7/12/20,1901,28,8,0,122
Slovakia,7/13/20,1902,28,1,0,123
Slovakia,7/14/20,1908,28,6,0,124
Slovakia,7/15/20,1927,28,19,0,125
Slovakia,7/16/20,1951,28,24,0,126
Slovakia,7/17/20,1965,28,14,0,127
Slovakia,7/18/20,1976,28,11,0,128
Slovakia,7/19/20,1979,28,3,0,129
Slovakia,7/20/20,1980,28,1,0,130
Slovakia,7/21/20,2021,28,41,0,131
Slovakia,7/22/20,2058,28,37,0,132
Slovakia,7/23/20,2089,28,31,0,133
Slovakia,7/24/20,2118,28,29,0,134
Slovakia,7/25/20,2141,28,23,0,135
Slovakia,7/26/20,2179,28,38,0,136
Slovakia,7/27/20,2181,28,2,0,137
Slovakia,7/28/20,2204,28,23,0,138
Slovakia,7/29/20,2245,28,41,0,139
Slovakia,7/30/20,2265,28,20,0,140
Slovakia,7/31/20,2292,29,27,1,141
Slovakia,8/1/20,2337,29,45,0,142
Slovakia,8/2/20,2344,29,7,0,143
Slovakia,8/3/20,2354,29,10,0,144
Slovakia,8/4/20,2368,29,14,0,145
Slovakia,8/5/20,2417,29,49,0,146
Slovakia,8/6/20,2480,29,63,0,147
Slovakia,8/7/20,2523,31,43,2,148
Slovakia,8/8/20,2566,31,43,0,149
Slovakia,8/9/20,2596,31,30,0,150
Slovakia,8/10/20,2599,31,3,0,151
Slovakia,8/11/20,2615,31,16,0,152
Slovakia,8/12/20,2690,31,75,0,153
Slovakia,8/13/20,2739,31,49,0,154
Slovakia,8/14/20,2801,31,62,0,155
Slovakia,8/15/20,2855,31,54,0,156
Slovakia,8/16/20,2902,31,47,0,157
Slovakia,8/17/20,2907,31,5,0,158
Slovakia,8/18/20,2922,31,15,0,159
Slovakia,8/19/20,3022,33,100,2,160
Slovakia,8/20/20,3102,33,80,0,161
Slovakia,8/21/20,3225,33,123,0,162
Slovakia,8/22/20,3316,33,91,0,163
Slovakia,8/23/20,3356,33,40,0,164
Slovakia,8/24/20,3424,33,68,0,165
Slovakia,8/25/20,3452,33,28,0,166
Slovakia,8/26/20,3536,33,84,0,167
Slovakia,8/27/20,3626,33,90,0,168
Slovakia,8/28/20,3728,33,102,0,169
Slovakia,8/29/20,3842,33,114,0,170
Slovakia,8/30/20,3876,33,34,0,171
Slovakia,8/31/20,3917,33,41,0,172
Slovakia,9/1/20,3989,33,72,0,173
Slovakia,9/2/20,4042,33,53,0,174
Slovakia,9/3/20,4163,37,121,4,175
Slovakia,9/4/20,4300,37,137,0,176
Slovakia,9/5/20,4526,37,226,0,177
Slovakia,9/6/20,4614,37,88,0,178
Slovakia,9/7/20,4636,37,22,0,179
Slovakia,9/8/20,4727,37,91,0,180
Slovakia,9/9/20,4888,37,161,0,181
Slovakia,9/10/20,5066,37,178,0,182
Slovakia,9/11/20,5252,37,186,0,183
Slovakia,9/12/20,5453,38,201,1,184
Slovakia,9/13/20,5532,38,79,0,185
Slovakia,9/14/20,5580,38,48,0,186
Slovakia,9/15/20,5768,38,188,0,187
Slovakia,9/16/20,5860,38,92,0,188
Slovakia,9/17/20,6021,39,161,1,189
Slovakia,9/18/20,6256,39,235,0,190
Slovakia,9/19/20,6546,39,290,0,191
Slovakia,9/20/20,6677,39,131,0,192
Slovakia,9/21/20,6756,39,79,0,193
Slovakia,9/22/20,6931,40,175,1,194
Slovakia,9/23/20,7269,41,338,1,195
Slovakia,9/24/20,7629,41,360,0,196
Slovakia,9/25/20,8048,41,419,0,197
Slovakia,9/26/20,8600,44,552,3,198
Slovakia,9/27/20,9078,44,478,0,199
Slovakia,9/28/20,9343,44,265,0,200
Slovakia,9/29/20,9574,45,231,1,201
Slovakia,9/30/20,10141,48,567,3,202
Slovakia,10/1/20,10938,48,797,0,203
Slovakia,10/2/20,11617,54,679,6,204
Slovakia,10/3/20,12321,54,704,0,205
Slovakia,10/4/20,13139,55,818,1,206
Slovakia,10/5/20,13492,55,353,0,207
Slovakia,10/6/20,13812,55,320,0,208
Slovakia,10/7/20,14689,55,877,0,209
Slovakia,10/8/20,15726,57,1037,2,210
Slovakia,10/9/20,16910,57,1184,0,211
Slovakia,10/10/20,18797,61,1887,4,212
Slovakia,10/11/20,19851,61,1054,0,213
Slovakia,10/12/20,20355,61,504,0,214
Slovakia,10/13/20,20886,61,531,0,215
Slovakia,10/14/20,22296,66,1410,5,216
Slovakia,10/15/20,24225,71,1929,5,217
Slovakia,10/16/20,26300,71,2075,0,218
Slovakia,10/17/20,28268,82,1968,11,219
Slovakia,10/18/20,29835,88,1567,6,220
Slovakia,10/19/20,30695,92,860,4,221
Slovakia,10/20/20,31400,98,705,6,222
Slovakia,10/21/20,33602,98,2202,0,223
Slovakia,10/22/20,35330,115,1728,17,224
Slovakia,10/23/20,37911,134,2581,19,225
Slovakia,10/24/20,40801,159,2890,25,226
Slovakia,10/25/20,43843,159,3042,0,227
Slovakia,10/26/20,45155,165,1312,6,228
Slovakia,10/27/20,46056,176,901,11,229
Slovakia,10/28/20,48943,184,2887,8,230
Slovakia,10/29/20,51728,200,2785,16,231
Slovakia,10/30/20,55091,212,3363,12,232
Slovakia,10/31/20,57664,219,2573,7,233
Slovakia,11/1/20,59946,219,2282,0,234
Slovakia,11/2/20,61829,219,1883,0,235
Slovakia,11/3/20,63556,235,1727,16,236
Slovakia,11/4/20,66772,261,3216,26,237
Slovakia,11/5/20,68734,286,1962,25,238
Slovakia,11/6/20,71088,317,2354,31,239
Slovakia,11/7/20,73667,351,2579,34,240
Slovakia,11/8/20,75495,351,1828,0,241
Slovakia,11/9/20,76072,366,577,15,242
Slovakia,11/10/20,77123,390,1051,24,243
Slovakia,11/11/20,79181,414,2058,24,244
Slovakia,11/12/20,81772,464,2591,50,245
Slovakia,11/13/20,83796,491,2024,27,246
Slovakia,11/14/20,85567,510,1771,19,247
Slovakia,11/15/20,86767,510,1200,0,248
Slovakia,11/16/20,87276,526,509,16,249
Slovakia,11/17/20,88602,557,1326,31,250
Slovakia,11/18/20,89913,579,1311,22,251
Slovakia,11/19/20,91578,579,1665,0,252
Slovakia,11/20/20,93396,614,1818,35,253
Slovakia,11/21/20,95257,644,1861,30,254
Slovakia,11/22/20,96241,671,984,27,255
Slovakia,11/23/20,96472,693,231,22,256
Slovakia,11/24/20,97493,709,1021,16,257
Slovakia,11/25/20,99304,732,1811,23,258
Slovakia,11/26/20,101257,749,1953,17,259
Slovakia,11/27/20,103106,771,1849,22,260
Slovakia,11/28/20,104632,798,1526,27,261
Slovakia,11/29/20,105733,816,1101,18,262
Slovakia,11/30/20,105929,839,196,23,263
Slovakia,12/1/20,107183,868,1254,29,264
Slovakia,12/2/20,109226,898,2043,30,265
Slovakia,12/3/20,111208,930,1982,32,266
Slovakia,12/4/20,113392,957,2184,27,267
Slovakia,12/5/20,115462,981,2070,24,268
Slovakia,12/6/20,116731,996,1269,15,269
Slovakia,12/7/20,117283,1018,552,22,270
Slovakia,12/8/20,119232,1046,1949,28,271
Slovakia,12/9/20,121796,1084,2564,38,272
Slovakia,12/10/20,124921,1104,3125,20,273
Slovakia,12/11/20,127087,1122,2166,18,274
Slovakia,12/12/20,130794,1148,3707,26,275
Slovakia,12/13/20,132984,1175,2190,27,276
Slovakia,12/14/20,133489,1205,505,30,277
Slovakia,12/15/20,135523,1251,2034,46,278
Slovakia,12/16/20,139088,1309,3565,58,279
Slovakia,12/17/20,142133,1378,3045,69,280
Slovakia,12/18/20,146124,1440,3991,62,281
Slovakia,12/19/20,149275,1510,3151,70,282
Slovakia,12/20/20,151336,1555,2061,45,283
Slovakia,12/21/20,152555,1618,1219,63,284
Slovakia,12/22/20,155218,1618,2663,0,285
Slovakia,12/23/20,158905,1686,3687,68,286
Slovakia,12/24/20,161562,1732,2657,46,287
Slovakia,12/25/20,165608,1732,4046,0,288
Slovakia,12/26/20,166649,1732,1041,0,289
Slovakia,12/27/20,167523,1773,874,41,290
Slovakia,12/28/20,168092,1879,569,106,291
Slovakia,12/29/20,170187,1983,2095,104,292
Slovakia,12/30/20,173228,2065,3041,82,293
Slovakia,12/31/20,179543,2138,6315,73,294
Slovakia,1/1/21,184508,2250,4965,112,295
Slovakia,1/2/21,186244,2250,1736,0,296
Slovakia,1/3/21,187463,2317,1219,67,297
Slovakia,1/4/21,188099,2521,636,204,298
Slovakia,1/5/21,191088,2603,2989,82,299
Slovakia,1/6/21,196047,2657,4959,54,300
Slovakia,1/7/21,198184,2717,2137,60,301
Slovakia,1/8/21,201164,2788,2980,71,302
Slovakia,1/9/21,205236,2836,4072,48,303
Slovakia,1/10/21,208209,2918,2973,82,304
Slovakia,1/11/21,209069,3007,860,89,305
Slovakia,1/12/21,211479,3102,2410,95,306
Slovakia,1/13/21,215055,3163,3576,61,307
Slovakia,1/14/21,217978,3260,2923,97,308
Slovakia,1/15/21,220707,3362,2729,102,309
Slovakia,1/16/21,222752,3417,2045,55,310
Slovakia,1/17/21,223325,3474,573,57,311
Slovakia,1/18/21,224385,3526,1060,52,312
Slovakia,1/19/21,226294,3637,1909,111,313
Slovakia,1/20/21,228778,3737,2484,100,314
Slovakia,1/21/21,231242,3801,2464,64,315
Slovakia,1/22/21,233027,3894,1785,93,316
Slovakia,1/23/21,234571,3965,1544,71,317
Slovakia,1/24/21,236476,4068,1905,103,318
Slovakia,1/25/21,237027,4068,551,0,319
Slovakia,1/26/21,238617,4260,1590,192,320
Slovakia,1/27/21,241392,4361,2775,101,321
Slovakia,1/28/21,243427,4411,2035,50,322
Slovakia,1/29/21,246008,4495,2581,84,323
Slovakia,1/30/21,248190,4565,2182,70,324
Slovakia,1/31/21,249913,4642,1723,77,325
Slovakia,2/1/21,250357,4711,444,69,326
Slovakia,2/2/21,252094,4784,1737,73,327
Slovakia,2/3/21,254826,4889,2732,105,328
Slovakia,2/4/21,256903,4976,2077,87,329
Slovakia,2/5/21,259533,5050,2630,74,330
Slovakia,2/6/21,261774,5135,2241,85,331
Slovakia,2/7/21,263326,5199,1552,64,332
Slovakia,2/8/21,264083,5271,757,72,333
Slovakia,2/9/21,265807,5382,1724,111,334
Slovakia,2/10/21,268986,5502,3179,120,335
Slovakia,2/11/21,271473,5629,2487,127,336
Slovakia,2/12/21,273904,5733,2431,104,337
Slovakia,2/13/21,276234,5812,2330,79,338
Slovakia,2/14/21,277682,5885,1448,73,339
Slovakia,2/15/21,278254,5952,572,67,340
Slovakia,2/16/21,279696,6063,1442,111,341
Slovakia,2/17/21,282864,6168,3168,105,342
Slovakia,2/18/21,285419,6271,2555,103,343
Slovakia,2/19/21,287752,6350,2333,79,344
Slovakia,2/20/21,290457,6424,2705,74,345
Slovakia,2/21/21,292143,6505,1686,81,346
Slovakia,2/22/21,292792,6577,649,72,347
Slovakia,2/23/21,294790,6671,1998,94,348
Slovakia,2/24/21,298337,6775,3547,104,349
Slovakia,2/25/21,300775,6859,2438,84,350
Slovakia,2/26/21,303420,6966,2645,107,351
Slovakia,2/27/21,306268,7075,2848,109,352
Slovakia,2/28/21,308083,7189,1815,114,353
Slovakia,3/1/21,308925,7270,842,81,354
Slovakia,3/2/21,311002,7388,2077,118,355
Slovakia,3/3/21,314359,7489,3357,101,356
Slovakia,3/4/21,317159,7560,2800,71,357
Slovakia,3/5/21,319582,7665,2423,105,358
Slovakia,3/6/21,322104,7739,2522,74,359
Slovakia,3/7/21,323390,7836,1286,97,360
Slovakia,3/8/21,323786,7921,396,85,361
Slovakia,3/9/21,325993,8037,2207,116,362
Slovakia,3/10/21,329593,8146,3600,109,363
Slovakia,3/11/21,331571,8244,1978,98,364
Slovakia,3/12/21,333872,8346,2301,102,365
Slovakia,3/13/21,336235,8440,2363,94,366
Slovakia,3/14/21,337503,8528,1268,88,367
Slovakia,3/15/21,337960,8605,457,77,368
Slovakia,3/16/21,339538,8669,1578,64,369
Slovakia,3/17/21,342430,8738,2892,69,370
Slovakia,3/18/21,344470,8814,2040,76,371
Slovakia,3/19/21,346149,8894,1679,80,372
Slovakia,3/20/21,347944,8978,1795,84,373
Slovakia,3/21/21,348869,9044,925,66,374
Slovakia,3/22/21,349270,9104,401,60,375
Slovakia,3/23/21,350551,9190,1281,86,376
Slovakia,3/24/21,352528,9261,1977,71,377
Slovakia,3/25/21,354182,9313,1654,52,378
Slovakia,3/26/21,355454,9373,1272,60,379
Slovakia,3/27/21,356985,9426,1531,53,380
Slovakia,3/28/21,357910,9496,925,70,381
Slovakia,3/29/21,358115,9542,205,46,382
Slovakia,3/30/21,359330,9624,1215,82,383
Slovakia,3/31/21,361185,9719,1855,95,384
Slovakia,4/1/21,362489,9790,1304,71,385
Slovakia,4/2/21,363874,9877,1385,87,386
Slovakia,4/3/21,364622,9948,748,71,387
Slovakia,4/4/21,365242,10025,620,77,388
Slovakia,4/5/21,365400,10094,158,69,389
Slovakia,4/6/21,365733,10094,333,0,390
Slovakia,4/7/21,366894,10243,1161,149,391
Slovakia,4/8/21,368470,10322,1576,79,392
Slovakia,4/9/21,369393,10411,923,89,393
Slovakia,4/10/21,370473,10487,1080,76,394
Slovakia,4/11/21,371062,10565,589,78,395
Slovakia,4/12/21,371168,10630,106,65,396
Slovakia,4/13/21,372038,10716,870,86,397
Slovakia,4/14/21,373107,10798,1069,82,398
Slovakia,4/15/21,373950,10877,843,79,399
Slovakia,4/16/21,374586,10970,636,93,400
Slovakia,4/17/21,375336,11043,750,73,401
Slovakia,4/18/21,375974,11106,638,63,402
Slovakia,4/19/21,376067,11172,93,66,403
Slovakia,4/20/21,376709,11244,642,72,404
Slovakia,4/21/21,377473,11304,764,60,405
Slovakia,4/22/21,378150,11357,677,53,406
Slovakia,4/23/21,378635,11405,485,48,407
Slovakia,4/24/21,379476,11458,841,53,408
Slovakia,4/25/21,379911,11495,435,37,409
Slovakia,4/26/21,380010,11531,99,36,410
Slovakia,4/27/21,380498,11572,488,41,411
Slovakia,4/28/21,381180,11611,682,39,412
Slovakia,4/29/21,381744,11647,564,36,413
Slovakia,4/30/21,382211,11684,467,37,414
Slovakia,5/1/21,382720,11732,509,48,415
Slovakia,5/2/21,383098,11766,378,34,416
Slovakia,5/3/21,383228,11807,130,41,417
Slovakia,5/4/21,383609,11855,381,48,418
Slovakia,5/5/21,384317,11886,708,31,419
Slovakia,5/6/21,384660,11920,343,34,420
Slovakia,5/7/21,385022,11946,362,26,421
Slovakia,5/8/21,385395,11990,373,44,422
Slovakia,5/9/21,385475,12019,80,29,423
Slovakia,5/10/21,385786,12051,311,32,424
Slovakia,5/11/21,386136,12077,350,26,425
Slovakia,5/12/21,386540,12096,404,19,426
Slovakia,5/13/21,386868,12135,328,39,427
Slovakia,5/14/21,387162,12168,294,33,428
Slovakia,5/15/21,387420,12203,258,35,429
Slovakia,5/16/21,387523,12224,103,21,430
Slovakia,5/17/21,387659,12238,136,14,431
Slovakia,5/18/21,387892,12248,233,10,432
Slovakia,5/19/21,388138,12262,246,14,433
Slovakia,5/20/21,388391,12272,253,10,434
Slovakia,5/21/21,388529,12280,138,8,435
Slovakia,5/22/21,388719,12286,190,6,436
Slovakia,5/23/21,388835,12292,116,6,437
Slovakia,5/24/21,388854,12296,19,4,438
Slovakia,5/25/21,388986,12301,132,5,439
Slovakia,5/26/21,389176,12312,190,11,440
Slovakia,5/27/21,389344,12320,168,8,441
Slovakia,5/28/21,389440,12333,96,13,442
Slovakia,5/29/21,389440,12333,0,0,443
Slovakia,5/30/21,389690,12339,250,6,444
Slovakia,5/31/21,389721,12343,31,4,445
Slovakia,6/1/21,389866,12353,145,10,446
Slovakia,6/2/21,389990,12366,124,13,447
Slovakia,6/3/21,390129,12375,139,9,448
Slovakia,6/4/21,390223,12382,94,7,449
Slovakia,6/5/21,390340,12395,117,13,450
Slovakia,6/6/21,390436,12404,96,9,451
Slovakia,6/7/21,390451,12414,15,10,452
Slovakia,6/8/21,390546,12423,95,9,453
Slovakia,6/9/21,390693,12430,147,7,454
Slovakia,6/10/21,390809,12433,116,3,455
Slovakia,6/11/21,390893,12433,84,0,456
Slovakia,6/12/21,390984,12436,91,3,457
Slovakia,6/13/21,391026,12439,42,3,458
