country,date,confirmed,deaths,new_confirmed,new_deaths,tagged_day
Uganda,3/27/20,23,0,9,0,1
Uganda,3/28/20,30,0,7,0,2
Uganda,3/29/20,33,0,3,0,3
Uganda,3/30/20,33,0,0,0,4
Uganda,3/31/20,44,0,11,0,5
Uganda,4/1/20,44,0,0,0,6
Uganda,4/2/20,45,0,1,0,7
Uganda,4/3/20,48,0,3,0,8
Uganda,4/4/20,48,0,0,0,9
Uganda,4/5/20,52,0,4,0,10
Uganda,4/6/20,52,0,0,0,11
Uganda,4/7/20,52,0,0,0,12
Uganda,4/8/20,53,0,1,0,13
Uganda,4/9/20,53,0,0,0,14
Uganda,4/10/20,53,0,0,0,15
Uganda,4/11/20,53,0,0,0,16
Uganda,4/12/20,54,0,1,0,17
Uganda,4/13/20,54,0,0,0,18
Uganda,4/14/20,55,0,1,0,19
Uganda,4/15/20,55,0,0,0,20
Uganda,4/16/20,55,0,0,0,21
Uganda,4/17/20,56,0,1,0,22
Uganda,4/18/20,55,0,-1,0,23
Uganda,4/19/20,55,0,0,0,24
Uganda,4/20/20,56,0,1,0,25
Uganda,4/21/20,61,0,5,0,26
Uganda,4/22/20,63,0,2,0,27
Uganda,4/23/20,74,0,11,0,28
Uganda,4/24/20,75,0,1,0,29
Uganda,4/25/20,75,0,0,0,30
Uganda,4/26/20,79,0,4,0,31
Uganda,4/27/20,79,0,0,0,32
Uganda,4/28/20,79,0,0,0,33
Uganda,4/29/20,81,0,2,0,34
Uganda,4/30/20,83,0,2,0,35
Uganda,5/1/20,85,0,2,0,36
Uganda,5/2/20,88,0,3,0,37
Uganda,5/3/20,89,0,1,0,38
Uganda,5/4/20,97,0,8,0,39
Uganda,5/5/20,98,0,1,0,40
Uganda,5/6/20,100,0,2,0,41
Uganda,5/7/20,101,0,1,0,42
Uganda,5/8/20,101,0,0,0,43
Uganda,5/9/20,116,0,15,0,44
Uganda,5/10/20,121,0,5,0,45
Uganda,5/11/20,121,0,0,0,46
Uganda,5/12/20,129,0,8,0,47
Uganda,5/13/20,139,0,10,0,48
Uganda,5/14/20,160,0,21,0,49
Uganda,5/15/20,203,0,43,0,50
Uganda,5/16/20,227,0,24,0,51
Uganda,5/17/20,227,0,0,0,52
Uganda,5/18/20,248,0,21,0,53
Uganda,5/19/20,260,0,12,0,54
Uganda,5/20/20,264,0,4,0,55
Uganda,5/21/20,160,0,-104,0,56
Uganda,5/22/20,175,0,15,0,57
Uganda,5/23/20,198,0,23,0,58
Uganda,5/24/20,198,0,0,0,59
Uganda,5/25/20,222,0,24,0,60
Uganda,5/26/20,253,0,31,0,61
Uganda,5/27/20,281,0,28,0,62
Uganda,5/28/20,317,0,36,0,63
Uganda,5/29/20,329,0,12,0,64
Uganda,5/30/20,413,0,84,0,65
Uganda,5/31/20,417,0,4,0,66
Uganda,6/1/20,457,0,40,0,67
Uganda,6/2/20,489,0,32,0,68
Uganda,6/3/20,507,0,18,0,69
Uganda,6/4/20,522,0,15,0,70
Uganda,6/5/20,557,0,35,0,71
Uganda,6/6/20,593,0,36,0,72
Uganda,6/7/20,616,0,23,0,73
Uganda,6/8/20,646,0,30,0,74
Uganda,6/9/20,657,0,11,0,75
Uganda,6/10/20,665,0,8,0,76
Uganda,6/11/20,679,0,14,0,77
Uganda,6/12/20,686,0,7,0,78
Uganda,6/13/20,694,0,8,0,79
Uganda,6/14/20,696,0,2,0,80
Uganda,6/15/20,705,0,9,0,81
Uganda,6/16/20,724,0,19,0,82
Uganda,6/17/20,732,0,8,0,83
Uganda,6/18/20,741,0,9,0,84
Uganda,6/19/20,755,0,14,0,85
Uganda,6/20/20,763,0,8,0,86
Uganda,6/21/20,770,0,7,0,87
Uganda,6/22/20,774,0,4,0,88
Uganda,6/23/20,797,0,23,0,89
Uganda,6/24/20,805,0,8,0,90
Uganda,6/25/20,821,0,16,0,91
Uganda,6/26/20,833,0,12,0,92
Uganda,6/27/20,848,0,15,0,93
Uganda,6/28/20,859,0,11,0,94
Uganda,6/29/20,870,0,11,0,95
Uganda,6/30/20,889,0,19,0,96
Uganda,7/1/20,893,0,4,0,97
Uganda,7/2/20,902,0,9,0,98
Uganda,7/3/20,911,0,9,0,99
Uganda,7/4/20,927,0,16,0,100
Uganda,7/5/20,939,0,12,0,101
Uganda,7/6/20,953,0,14,0,102
Uganda,7/7/20,971,0,18,0,103
Uganda,7/8/20,977,0,6,0,104
Uganda,7/9/20,1000,0,23,0,105
Uganda,7/10/20,1006,0,6,0,106
Uganda,7/11/20,1013,0,7,0,107
Uganda,7/12/20,1025,0,12,0,108
Uganda,7/13/20,1029,0,4,0,109
Uganda,7/14/20,1040,0,11,0,110
Uganda,7/15/20,1043,0,3,0,111
Uganda,7/16/20,1051,0,8,0,112
Uganda,7/17/20,1056,0,5,0,113
Uganda,7/18/20,1062,0,6,0,114
Uganda,7/19/20,1065,0,3,0,115
Uganda,7/20/20,1069,0,4,0,116
Uganda,7/21/20,1072,0,3,0,117
Uganda,7/22/20,1075,0,3,0,118
Uganda,7/23/20,1079,0,4,0,119
Uganda,7/24/20,1089,1,10,1,120
Uganda,7/25/20,1103,1,14,0,121
Uganda,7/26/20,1115,2,12,1,122
Uganda,7/27/20,1128,2,13,0,123
Uganda,7/28/20,1135,2,7,0,124
Uganda,7/29/20,1140,2,5,0,125
Uganda,7/30/20,1147,2,7,0,126
Uganda,7/31/20,1154,3,7,1,127
Uganda,8/1/20,1176,4,22,1,128
Uganda,8/2/20,1182,4,6,0,129
Uganda,8/3/20,1195,5,13,1,130
Uganda,8/4/20,1203,5,8,0,131
Uganda,8/5/20,1213,5,10,0,132
Uganda,8/6/20,1223,5,10,0,133
Uganda,8/7/20,1254,6,31,1,134
Uganda,8/8/20,1267,6,13,0,135
Uganda,8/9/20,1283,7,16,1,136
Uganda,8/10/20,1297,9,14,2,137
Uganda,8/11/20,1313,9,16,0,138
Uganda,8/12/20,1332,9,19,0,139
Uganda,8/13/20,1353,11,21,2,140
Uganda,8/14/20,1385,12,32,1,141
Uganda,8/15/20,1434,13,49,1,142
Uganda,8/16/20,1500,13,66,0,143
Uganda,8/17/20,1560,15,60,2,144
Uganda,8/18/20,1603,15,43,0,145
Uganda,8/19/20,1656,16,53,1,146
Uganda,8/20/20,1750,19,94,3,147
Uganda,8/21/20,1848,19,98,0,148
Uganda,8/22/20,2166,20,318,1,149
Uganda,8/23/20,2263,20,97,0,150
Uganda,8/24/20,2362,22,99,2,151
Uganda,8/25/20,2426,25,64,3,152
Uganda,8/26/20,2524,26,98,1,153
Uganda,8/27/20,2679,28,155,2,154
Uganda,8/28/20,2756,28,77,0,155
Uganda,8/29/20,2847,29,91,1,156
Uganda,8/30/20,2928,30,81,1,157
Uganda,8/31/20,2972,32,44,2,158
Uganda,9/1/20,3037,32,65,0,159
Uganda,9/2/20,3112,32,75,0,160
Uganda,9/3/20,3288,33,176,1,161
Uganda,9/4/20,3353,35,65,2,162
Uganda,9/5/20,3539,39,186,4,163
Uganda,9/6/20,3667,41,128,2,164
Uganda,9/7/20,3776,44,109,3,165
Uganda,9/8/20,3900,46,124,2,166
Uganda,9/9/20,4101,46,201,0,167
Uganda,9/10/20,4291,48,190,2,168
Uganda,9/11/20,4377,49,86,1,169
Uganda,9/12/20,4703,52,326,3,170
Uganda,9/13/20,4799,55,96,3,171
Uganda,9/14/20,4978,56,179,1,172
Uganda,9/15/20,5123,58,145,2,173
Uganda,9/16/20,5266,60,143,2,174
Uganda,9/17/20,5380,60,114,0,175
Uganda,9/18/20,5594,61,214,1,176
Uganda,9/19/20,6017,63,423,2,177
Uganda,9/20/20,6287,63,270,0,178
Uganda,9/21/20,6468,63,181,0,179
Uganda,9/22/20,6712,64,244,1,180
Uganda,9/23/20,6879,69,167,5,181
Uganda,9/24/20,7064,70,185,1,182
Uganda,9/25/20,7218,71,154,1,183
Uganda,9/26/20,7364,71,146,0,184
Uganda,9/27/20,7530,73,166,2,185
Uganda,9/28/20,7777,75,247,2,186
Uganda,9/29/20,8017,75,240,0,187
Uganda,9/30/20,8129,75,112,0,188
Uganda,10/1/20,8287,75,158,0,189
Uganda,10/2/20,8491,79,204,4,190
Uganda,10/3/20,8662,79,171,0,191
Uganda,10/4/20,8808,81,146,2,192
Uganda,10/5/20,8965,82,157,1,193
Uganda,10/6/20,9082,84,117,2,194
Uganda,10/7/20,9260,85,178,1,195
Uganda,10/8/20,9442,85,182,0,196
Uganda,10/9/20,9538,86,96,1,197
Uganda,10/10/20,9701,93,163,7,198
Uganda,10/11/20,9801,93,100,0,199
Uganda,10/12/20,9864,94,63,1,200
Uganda,10/13/20,9945,95,81,1,201
Uganda,10/14/20,10069,95,124,0,202
Uganda,10/15/20,10117,96,48,1,203
Uganda,10/16/20,10334,96,217,0,204
Uganda,10/17/20,10455,96,121,0,205
Uganda,10/18/20,10590,97,135,1,206
Uganda,10/19/20,10691,97,101,0,207
Uganda,10/20/20,10788,97,97,0,208
Uganda,10/21/20,10933,98,145,1,209
Uganda,10/22/20,11041,98,108,0,210
Uganda,10/23/20,11163,99,122,1,211
Uganda,10/24/20,11297,99,134,0,212
Uganda,10/25/20,11443,101,146,2,213
Uganda,10/26/20,11557,101,114,0,214
Uganda,10/27/20,11621,103,64,2,215
Uganda,10/28/20,11767,106,146,3,216
Uganda,10/29/20,12201,108,434,2,217
Uganda,10/30/20,12410,110,209,2,218
Uganda,10/31/20,12495,111,85,1,219
Uganda,11/1/20,12743,112,248,1,220
Uganda,11/2/20,12971,114,228,2,221
Uganda,11/3/20,13099,115,128,1,222
Uganda,11/4/20,13351,117,252,2,223
Uganda,11/5/20,13568,117,217,0,224
Uganda,11/6/20,13852,131,284,14,225
Uganda,11/7/20,14066,131,214,0,226
Uganda,11/8/20,14403,132,337,1,227
Uganda,11/9/20,14574,133,171,1,228
Uganda,11/10/20,14704,133,130,0,229
Uganda,11/11/20,14993,139,289,6,230
Uganda,11/12/20,15217,143,224,4,231
Uganda,11/13/20,15402,144,185,1,232
Uganda,11/14/20,15789,144,387,0,233
Uganda,11/15/20,16020,145,231,1,234
Uganda,11/16/20,16257,150,237,5,235
Uganda,11/17/20,16563,150,306,0,236
Uganda,11/18/20,16905,157,342,7,237
Uganda,11/19/20,17148,158,243,1,238
Uganda,11/20/20,17431,168,283,10,239
Uganda,11/21/20,17667,168,236,0,240
Uganda,11/22/20,17968,172,301,4,241
Uganda,11/23/20,18165,181,197,9,242
Uganda,11/24/20,18406,186,241,5,243
Uganda,11/25/20,18890,191,484,5,244
Uganda,11/26/20,19115,191,225,0,245
Uganda,11/27/20,19588,197,473,6,246
Uganda,11/28/20,19944,201,356,4,247
Uganda,11/29/20,20145,201,201,0,248
Uganda,11/30/20,20459,205,314,4,249
Uganda,12/1/20,21035,205,576,0,250
Uganda,12/2/20,21409,206,374,1,251
Uganda,12/3/20,21612,206,203,0,252
Uganda,12/4/20,21898,206,286,0,253
Uganda,12/5/20,22188,206,290,0,254
Uganda,12/6/20,22499,206,311,0,255
Uganda,12/7/20,23200,207,701,1,256
Uganda,12/8/20,23200,207,0,0,257
Uganda,12/9/20,25059,219,1859,12,258
Uganda,12/10/20,25730,220,671,1,259
Uganda,12/11/20,26369,220,639,0,260
Uganda,12/12/20,27071,220,702,0,261
Uganda,12/13/20,27532,221,461,1,262
Uganda,12/14/20,27766,224,234,3,263
Uganda,12/15/20,28168,225,402,1,264
Uganda,12/16/20,28733,225,565,0,265
Uganda,12/17/20,29361,228,628,3,266
Uganda,12/18/20,30071,230,710,2,267
Uganda,12/19/20,30702,230,631,0,268
Uganda,12/20/20,31187,231,485,1,269
Uganda,12/21/20,31384,238,197,7,270
Uganda,12/22/20,31910,238,526,0,271
Uganda,12/23/20,32399,245,489,7,272
Uganda,12/24/20,32914,245,515,0,273
Uganda,12/25/20,33360,245,446,0,274
Uganda,12/26/20,33563,245,203,0,275
Uganda,12/27/20,33811,248,248,3,276
Uganda,12/28/20,33973,248,162,0,277
Uganda,12/29/20,34281,250,308,2,278
Uganda,12/30/20,34677,251,396,1,279
Uganda,12/31/20,35216,251,539,0,280
Uganda,1/1/21,35511,265,295,14,281
Uganda,1/2/21,35712,274,201,9,282
Uganda,1/3/21,35922,274,210,0,283
Uganda,1/4/21,36050,274,128,0,284
Uganda,1/5/21,36407,290,357,16,285
Uganda,1/6/21,36702,294,295,4,286
Uganda,1/7/21,37074,297,372,3,287
Uganda,1/8/21,37296,300,222,3,288
Uganda,1/9/21,37554,301,258,1,289
Uganda,1/10/21,37742,301,188,0,290
Uganda,1/11/21,37808,302,66,1,291
Uganda,1/12/21,37948,303,140,1,292
Uganda,1/13/21,38085,304,137,1,293
Uganda,1/14/21,38085,304,0,0,294
Uganda,1/15/21,38085,304,0,0,295
Uganda,1/16/21,38085,304,0,0,296
Uganda,1/17/21,38085,304,0,0,297
Uganda,1/18/21,38085,304,0,0,298
Uganda,1/19/21,38534,305,449,1,299
Uganda,1/20/21,38628,305,94,0,300
Uganda,1/21/21,38806,316,178,11,301
Uganda,1/22/21,38935,317,129,1,302
Uganda,1/23/21,39044,317,109,0,303
Uganda,1/24/21,39149,317,105,0,304
Uganda,1/25/21,39188,318,39,1,305
Uganda,1/26/21,39261,318,73,0,306
Uganda,1/27/21,39314,318,53,0,307
Uganda,1/28/21,39424,318,110,0,308
Uganda,1/29/21,39490,324,66,6,309
Uganda,1/30/21,39533,324,43,0,310
Uganda,1/31/21,39579,324,46,0,311
Uganda,2/1/21,39606,325,27,1,312
Uganda,2/2/21,39651,325,45,0,313
Uganda,2/3/21,39685,327,34,2,314
Uganda,2/4/21,39735,327,50,0,315
Uganda,2/5/21,39789,327,54,0,316
Uganda,2/6/21,39821,327,32,0,317
Uganda,2/7/21,39848,327,27,0,318
Uganda,2/8/21,39860,327,12,0,319
Uganda,2/9/21,39883,327,23,0,320
Uganda,2/10/21,39911,328,28,1,321
Uganda,2/11/21,39942,328,31,0,322
Uganda,2/12/21,39979,328,37,0,323
Uganda,2/13/21,40019,328,40,0,324
Uganda,2/14/21,40019,328,0,0,325
Uganda,2/15/21,40055,328,36,0,326
Uganda,2/16/21,40063,331,8,3,327
Uganda,2/17/21,40102,331,39,0,328
Uganda,2/18/21,40154,331,52,0,329
Uganda,2/19/21,40168,331,14,0,330
Uganda,2/20/21,40199,333,31,2,331
Uganda,2/21/21,40213,333,14,0,332
Uganda,2/22/21,40221,333,8,0,333
Uganda,2/23/21,40243,333,22,0,334
Uganda,2/24/21,40261,334,18,1,335
Uganda,2/25/21,40300,334,39,0,336
Uganda,2/26/21,40322,334,22,0,337
Uganda,2/27/21,40335,334,13,0,338
Uganda,2/28/21,40357,334,22,0,339
Uganda,3/1/21,40367,334,10,0,340
Uganda,3/2/21,40395,334,28,0,341
Uganda,3/3/21,40408,334,13,0,342
Uganda,3/4/21,40426,334,18,0,343
Uganda,3/5/21,40452,334,26,0,344
Uganda,3/6/21,40452,334,0,0,345
Uganda,3/7/21,40464,334,12,0,346
Uganda,3/8/21,40479,334,15,0,347
Uganda,3/9/21,40490,334,11,0,348
Uganda,3/10/21,40520,334,30,0,349
Uganda,3/11/21,40535,334,15,0,350
Uganda,3/12/21,40544,334,9,0,351
Uganda,3/13/21,40544,334,0,0,352
Uganda,3/14/21,40581,334,37,0,353
Uganda,3/15/21,40591,334,10,0,354
Uganda,3/16/21,40593,334,2,0,355
Uganda,3/17/21,40607,334,14,0,356
Uganda,3/18/21,40625,334,18,0,357
Uganda,3/19/21,40651,334,26,0,358
Uganda,3/20/21,40651,334,0,0,359
Uganda,3/21/21,40671,334,20,0,360
Uganda,3/22/21,40687,334,16,0,361
Uganda,3/23/21,40719,334,32,0,362
Uganda,3/24/21,40719,334,0,0,363
Uganda,3/25/21,40734,334,15,0,364
Uganda,3/26/21,40751,335,17,1,365
Uganda,3/27/21,40767,335,16,0,366
Uganda,3/28/21,40794,335,27,0,367
Uganda,3/29/21,40820,335,26,0,368
Uganda,3/30/21,40839,335,19,0,369
Uganda,3/31/21,40867,335,28,0,370
Uganda,4/1/21,40889,335,22,0,371
Uganda,4/2/21,40924,335,35,0,372
Uganda,4/3/21,40962,335,38,0,373
Uganda,4/4/21,40962,335,0,0,374
Uganda,4/5/21,41016,335,54,0,375
Uganda,4/6/21,41023,335,7,0,376
Uganda,4/7/21,41046,337,23,2,377
Uganda,4/8/21,41062,337,16,0,378
Uganda,4/9/21,41086,337,24,0,379
Uganda,4/10/21,41113,337,27,0,380
Uganda,4/11/21,41140,337,27,0,381
Uganda,4/12/21,41174,337,34,0,382
Uganda,4/13/21,41204,337,30,0,383
Uganda,4/14/21,41237,338,33,1,384
Uganda,4/15/21,41263,338,26,0,385
Uganda,4/16/21,41310,338,47,0,386
Uganda,4/17/21,41340,338,30,0,387
Uganda,4/18/21,41378,338,38,0,388
Uganda,4/19/21,41396,339,18,1,389
Uganda,4/20/21,41422,341,26,2,390
Uganda,4/21/21,41475,341,53,0,391
Uganda,4/22/21,41529,341,54,0,392
Uganda,4/23/21,41575,341,46,0,393
Uganda,4/24/21,41575,341,0,0,394
Uganda,4/25/21,41655,341,80,0,395
Uganda,4/26/21,41715,341,60,0,396
Uganda,4/27/21,41737,341,22,0,397
Uganda,4/28/21,41766,341,29,0,398
Uganda,4/29/21,41797,342,31,1,399
Uganda,4/30/21,41866,342,69,0,400
Uganda,5/1/21,41905,342,39,0,401
Uganda,5/2/21,41905,342,0,0,402
Uganda,5/3/21,41973,342,68,0,403
Uganda,5/4/21,42032,342,59,0,404
Uganda,5/5/21,42102,343,70,1,405
Uganda,5/6/21,42152,345,50,2,406
Uganda,5/7/21,42224,346,72,1,407
Uganda,5/8/21,42308,346,84,0,408
Uganda,5/9/21,42355,346,47,0,409
Uganda,5/10/21,42384,346,29,0,410
Uganda,5/11/21,42427,346,43,0,411
Uganda,5/12/21,42487,346,60,0,412
Uganda,5/13/21,42578,346,91,0,413
Uganda,5/14/21,42674,347,96,1,414
Uganda,5/15/21,42674,347,0,0,415
Uganda,5/16/21,42779,347,105,0,416
Uganda,5/17/21,42859,347,80,0,417
Uganda,5/18/21,42930,349,71,2,418
Uganda,5/19/21,43094,350,164,1,419
Uganda,5/20/21,43223,350,129,0,420
Uganda,5/21/21,43370,350,147,0,421
Uganda,5/22/21,43507,350,137,0,422
Uganda,5/23/21,43734,356,227,6,423
Uganda,5/24/21,43919,357,185,1,424
Uganda,5/25/21,44074,358,155,1,425
Uganda,5/26/21,44281,359,207,1,426
Uganda,5/27/21,44594,361,313,2,427
Uganda,5/28/21,45231,361,637,0,428
Uganda,5/29/21,45931,362,700,1,429
Uganda,5/30/21,46623,362,692,0,430
Uganda,5/31/21,47147,362,524,0,431
Uganda,6/1/21,47761,362,614,0,432
Uganda,6/2/21,48676,364,915,2,433
Uganda,6/3/21,49759,365,1083,1,434
Uganda,6/4/21,51006,374,1247,9,435
Uganda,6/5/21,51676,374,670,0,436
Uganda,6/6/21,52935,383,1259,9,437
Uganda,6/7/21,53961,383,1026,0,438
Uganda,6/8/21,54669,388,708,5,439
Uganda,6/9/21,55511,392,842,4,440
Uganda,6/10/21,56949,402,1438,10,441
Uganda,6/11/21,58515,408,1566,6,442
Uganda,6/12/21,60250,423,1735,15,443
Uganda,6/13/21,61977,428,1727,5,444
