country,date,confirmed,deaths,new_confirmed,new_deaths,tagged_day
Uzbekistan,3/19/20,23,0,8,0,1
Uzbekistan,3/20/20,33,0,10,0,2
Uzbekistan,3/21/20,43,0,10,0,3
Uzbekistan,3/22/20,43,0,0,0,4
Uzbekistan,3/23/20,46,0,3,0,5
Uzbekistan,3/24/20,50,0,4,0,6
Uzbekistan,3/25/20,60,0,10,0,7
Uzbekistan,3/26/20,75,0,15,0,8
Uzbekistan,3/27/20,88,1,13,1,9
Uzbekistan,3/28/20,104,2,16,1,10
Uzbekistan,3/29/20,144,2,40,0,11
Uzbekistan,3/30/20,149,2,5,0,12
Uzbekistan,3/31/20,172,2,23,0,13
Uzbekistan,4/1/20,181,2,9,0,14
Uzbekistan,4/2/20,205,2,24,0,15
Uzbekistan,4/3/20,227,2,22,0,16
Uzbekistan,4/4/20,266,2,39,0,17
Uzbekistan,4/5/20,342,2,76,0,18
Uzbekistan,4/6/20,457,2,115,0,19
Uzbekistan,4/7/20,520,2,63,0,20
Uzbekistan,4/8/20,545,3,25,1,21
Uzbekistan,4/9/20,582,3,37,0,22
Uzbekistan,4/10/20,624,3,42,0,23
Uzbekistan,4/11/20,767,4,143,1,24
Uzbekistan,4/12/20,865,4,98,0,25
Uzbekistan,4/13/20,998,4,133,0,26
Uzbekistan,4/14/20,1165,4,167,0,27
Uzbekistan,4/15/20,1302,4,137,0,28
Uzbekistan,4/16/20,1349,4,47,0,29
Uzbekistan,4/17/20,1405,4,56,0,30
Uzbekistan,4/18/20,1490,5,85,1,31
Uzbekistan,4/19/20,1565,5,75,0,32
Uzbekistan,4/20/20,1627,5,62,0,33
Uzbekistan,4/21/20,1678,6,51,1,34
Uzbekistan,4/22/20,1716,7,38,1,35
Uzbekistan,4/23/20,1758,7,42,0,36
Uzbekistan,4/24/20,1804,8,46,1,37
Uzbekistan,4/25/20,1862,8,58,0,38
Uzbekistan,4/26/20,1869,8,7,0,39
Uzbekistan,4/27/20,1904,8,35,0,40
Uzbekistan,4/28/20,1939,8,35,0,41
Uzbekistan,4/29/20,2002,9,63,1,42
Uzbekistan,4/30/20,2039,9,37,0,43
Uzbekistan,5/1/20,2086,9,47,0,44
Uzbekistan,5/2/20,2118,9,32,0,45
Uzbekistan,5/3/20,2149,10,31,1,46
Uzbekistan,5/4/20,2189,10,40,0,47
Uzbekistan,5/5/20,2207,10,18,0,48
Uzbekistan,5/6/20,2233,10,26,0,49
Uzbekistan,5/7/20,2298,10,65,0,50
Uzbekistan,5/8/20,2325,10,27,0,51
Uzbekistan,5/9/20,2349,10,24,0,52
Uzbekistan,5/10/20,2418,10,69,0,53
Uzbekistan,5/11/20,2486,10,68,0,54
Uzbekistan,5/12/20,2519,10,33,0,55
Uzbekistan,5/13/20,2612,11,93,1,56
Uzbekistan,5/14/20,2645,11,33,0,57
Uzbekistan,5/15/20,2686,11,41,0,58
Uzbekistan,5/16/20,2738,11,52,0,59
Uzbekistan,5/17/20,2753,12,15,1,60
Uzbekistan,5/18/20,2791,13,38,1,61
Uzbekistan,5/19/20,2855,13,64,0,62
Uzbekistan,5/20/20,2939,13,84,0,63
Uzbekistan,5/21/20,2964,13,25,0,64
Uzbekistan,5/22/20,3028,13,64,0,65
Uzbekistan,5/23/20,3115,13,87,0,66
Uzbekistan,5/24/20,3164,13,49,0,67
Uzbekistan,5/25/20,3189,13,25,0,68
Uzbekistan,5/26/20,3290,14,101,1,69
Uzbekistan,5/27/20,3369,14,79,0,70
Uzbekistan,5/28/20,3444,14,75,0,71
Uzbekistan,5/29/20,3468,14,24,0,72
Uzbekistan,5/30/20,3546,14,78,0,73
Uzbekistan,5/31/20,3623,15,77,1,74
Uzbekistan,6/1/20,3702,15,79,0,75
Uzbekistan,6/2/20,3760,15,58,0,76
Uzbekistan,6/3/20,3843,16,83,1,77
Uzbekistan,6/4/20,3939,16,96,0,78
Uzbekistan,6/5/20,4007,16,68,0,79
Uzbekistan,6/6/20,4094,17,87,1,80
Uzbekistan,6/7/20,4331,17,237,0,81
Uzbekistan,6/8/20,4440,18,109,1,82
Uzbekistan,6/9/20,4520,18,80,0,83
Uzbekistan,6/10/20,4623,19,103,1,84
Uzbekistan,6/11/20,4741,19,118,0,85
Uzbekistan,6/12/20,4869,19,128,0,86
Uzbekistan,6/13/20,4966,19,97,0,87
Uzbekistan,6/14/20,5080,19,114,0,88
Uzbekistan,6/15/20,5263,19,183,0,89
Uzbekistan,6/16/20,5493,19,230,0,90
Uzbekistan,6/17/20,5682,19,189,0,91
Uzbekistan,6/18/20,5767,19,85,0,92
Uzbekistan,6/19/20,5946,19,179,0,93
Uzbekistan,6/20/20,6153,19,207,0,94
Uzbekistan,6/21/20,6315,19,162,0,95
Uzbekistan,6/22/20,6461,19,146,0,96
Uzbekistan,6/23/20,6662,19,201,0,97
Uzbekistan,6/24/20,6990,19,328,0,98
Uzbekistan,6/25/20,7177,20,187,1,99
Uzbekistan,6/26/20,7427,20,250,0,100
Uzbekistan,6/27/20,7682,20,255,0,101
Uzbekistan,6/28/20,7948,22,266,2,102
Uzbekistan,6/29/20,8222,23,274,1,103
Uzbekistan,6/30/20,8503,26,281,3,104
Uzbekistan,7/1/20,8781,26,278,0,105
Uzbekistan,7/2/20,9078,27,297,1,106
Uzbekistan,7/3/20,9396,29,318,2,107
Uzbekistan,7/4/20,9708,31,312,2,108
Uzbekistan,7/5/20,10020,34,312,3,109
Uzbekistan,7/6/20,10362,37,342,3,110
Uzbekistan,7/7/20,10838,41,476,4,111
Uzbekistan,7/8/20,11092,45,254,4,112
Uzbekistan,7/9/20,11564,51,472,6,113
Uzbekistan,7/10/20,12027,54,463,3,114
Uzbekistan,7/11/20,12513,57,486,3,115
Uzbekistan,7/12/20,12997,60,484,3,116
Uzbekistan,7/13/20,13591,64,594,4,117
Uzbekistan,7/14/20,14085,67,494,3,118
Uzbekistan,7/15/20,14581,71,496,4,119
Uzbekistan,7/16/20,15066,75,485,4,120
Uzbekistan,7/17/20,15607,79,541,4,121
Uzbekistan,7/18/20,16186,83,579,4,122
Uzbekistan,7/19/20,16752,87,566,4,123
Uzbekistan,7/20/20,17149,90,397,3,124
Uzbekistan,7/21/20,17881,95,732,5,125
Uzbekistan,7/22/20,18379,98,498,3,126
Uzbekistan,7/23/20,18986,103,607,5,127
Uzbekistan,7/24/20,19360,106,374,3,128
Uzbekistan,7/25/20,19952,111,592,5,129
Uzbekistan,7/26/20,20531,116,579,5,130
Uzbekistan,7/27/20,21209,121,678,5,131
Uzbekistan,7/28/20,21699,124,490,3,132
Uzbekistan,7/29/20,22585,131,886,7,133
Uzbekistan,7/30/20,23271,136,686,5,134
Uzbekistan,7/31/20,24009,141,738,5,135
Uzbekistan,8/1/20,24783,147,774,6,136
Uzbekistan,8/2/20,25336,151,553,4,137
Uzbekistan,8/3/20,26066,157,730,6,138
Uzbekistan,8/4/20,27047,165,981,8,139
Uzbekistan,8/5/20,27793,171,746,6,140
Uzbekistan,8/6/20,28315,175,522,4,141
Uzbekistan,8/7/20,29057,181,742,6,142
Uzbekistan,8/8/20,29652,187,595,6,143
Uzbekistan,8/9/20,30609,194,957,7,144
Uzbekistan,8/10/20,31304,200,695,6,145
Uzbekistan,8/11/20,31747,204,443,4,146
Uzbekistan,8/12/20,32654,211,907,7,147
Uzbekistan,8/13/20,33323,216,669,5,148
Uzbekistan,8/14/20,33821,220,498,4,149
Uzbekistan,8/15/20,34528,225,707,5,150
Uzbekistan,8/16/20,35329,232,801,7,151
Uzbekistan,8/17/20,35702,236,373,4,152
Uzbekistan,8/18/20,36352,242,650,6,153
Uzbekistan,8/19/20,37112,248,760,6,154
Uzbekistan,8/20/20,37547,252,435,4,155
Uzbekistan,8/21/20,38074,260,527,8,156
Uzbekistan,8/22/20,38532,267,458,7,157
Uzbekistan,8/23/20,38946,273,414,6,158
Uzbekistan,8/24/20,39348,280,402,7,159
Uzbekistan,8/25/20,39641,284,293,4,160
Uzbekistan,8/26/20,39964,291,323,7,161
Uzbekistan,8/27/20,40447,298,483,7,162
Uzbekistan,8/28/20,40720,302,273,4,163
Uzbekistan,8/29/20,41067,307,347,5,164
Uzbekistan,8/30/20,41424,313,357,6,165
Uzbekistan,8/31/20,41893,320,469,7,166
Uzbekistan,9/1/20,42127,323,234,3,167
Uzbekistan,9/2/20,42437,327,310,4,168
Uzbekistan,9/3/20,42688,331,251,4,169
Uzbekistan,9/4/20,42998,338,310,7,170
Uzbekistan,9/5/20,43293,343,295,5,171
Uzbekistan,9/6/20,43587,347,294,4,172
Uzbekistan,9/7/20,43893,352,306,5,173
Uzbekistan,9/8/20,44281,358,388,6,174
Uzbekistan,9/9/20,44930,366,649,8,175
Uzbekistan,9/10/20,45473,370,543,4,176
Uzbekistan,9/11/20,46160,377,687,7,177
Uzbekistan,9/12/20,46721,384,561,7,178
Uzbekistan,9/13/20,47287,390,566,6,179
Uzbekistan,9/14/20,47836,396,549,6,180
Uzbekistan,9/15/20,48429,402,593,6,181
Uzbekistan,9/16/20,49015,407,586,5,182
Uzbekistan,9/17/20,49627,413,612,6,183
Uzbekistan,9/18/20,50253,419,626,6,184
Uzbekistan,9/19/20,50992,427,739,8,185
Uzbekistan,9/20/20,51640,433,648,6,186
Uzbekistan,9/21/20,52070,437,430,4,187
Uzbekistan,9/22/20,52685,442,615,5,188
Uzbekistan,9/23/20,53275,444,590,2,189
Uzbekistan,9/24/20,53834,446,559,2,190
Uzbekistan,9/25/20,54392,449,558,3,191
Uzbekistan,9/26/20,54819,452,427,3,192
Uzbekistan,9/27/20,55320,458,501,6,193
Uzbekistan,9/28/20,55776,460,456,2,194
Uzbekistan,9/29/20,56354,466,578,6,195
Uzbekistan,9/30/20,56717,470,363,4,196
Uzbekistan,10/1/20,57190,471,473,1,197
Uzbekistan,10/2/20,57454,472,264,1,198
Uzbekistan,10/3/20,58238,477,784,5,199
Uzbekistan,10/4/20,58612,480,374,3,200
Uzbekistan,10/5/20,58946,485,334,5,201
Uzbekistan,10/6/20,59343,489,397,4,202
Uzbekistan,10/7/20,59579,491,236,2,203
Uzbekistan,10/8/20,60026,496,447,5,204
Uzbekistan,10/9/20,60342,498,316,2,205
Uzbekistan,10/10/20,60776,502,434,4,206
Uzbekistan,10/11/20,61098,505,322,3,207
Uzbekistan,10/12/20,61319,509,221,4,208
Uzbekistan,10/13/20,61642,511,323,2,209
Uzbekistan,10/14/20,61950,514,308,3,210
Uzbekistan,10/15/20,62278,518,328,4,211
Uzbekistan,10/16/20,62588,520,310,2,212
Uzbekistan,10/17/20,62809,522,221,2,213
Uzbekistan,10/18/20,63124,525,315,3,214
Uzbekistan,10/19/20,63523,531,399,6,215
Uzbekistan,10/20/20,63831,534,308,3,216
Uzbekistan,10/21/20,64010,534,179,0,217
Uzbekistan,10/22/20,64439,540,429,6,218
Uzbekistan,10/23/20,64724,542,285,2,219
Uzbekistan,10/24/20,64923,544,199,2,220
Uzbekistan,10/25/20,65307,549,384,5,221
Uzbekistan,10/26/20,65667,552,360,3,222
Uzbekistan,10/27/20,65881,556,214,4,223
Uzbekistan,10/28/20,66141,558,260,2,224
Uzbekistan,10/29/20,66392,561,251,3,225
Uzbekistan,10/30/20,66628,563,236,2,226
Uzbekistan,10/31/20,66932,566,304,3,227
Uzbekistan,11/1/20,67156,570,224,4,228
Uzbekistan,11/2/20,67254,571,98,1,229
Uzbekistan,11/3/20,67553,574,299,3,230
Uzbekistan,11/4/20,67779,577,226,3,231
Uzbekistan,11/5/20,68009,579,230,2,232
Uzbekistan,11/6/20,68139,579,130,0,233
Uzbekistan,11/7/20,68367,581,228,2,234
Uzbekistan,11/8/20,68730,585,363,4,235
Uzbekistan,11/9/20,69027,588,297,3,236
Uzbekistan,11/10/20,69027,588,0,0,237
Uzbekistan,11/11/20,69397,591,370,3,238
Uzbekistan,11/12/20,69560,593,163,2,239
Uzbekistan,11/13/20,69754,594,194,1,240
Uzbekistan,11/14/20,69987,594,233,0,241
Uzbekistan,11/15/20,70243,598,256,4,242
Uzbekistan,11/16/20,70381,598,138,0,243
Uzbekistan,11/17/20,70648,599,267,1,244
Uzbekistan,11/18/20,70858,601,210,2,245
Uzbekistan,11/19/20,70921,601,63,0,246
Uzbekistan,11/20/20,71208,603,287,2,247
Uzbekistan,11/21/20,71431,603,223,0,248
Uzbekistan,11/22/20,71617,603,186,0,249
Uzbekistan,11/23/20,71774,604,157,1,250
Uzbekistan,11/24/20,71985,604,211,0,251
Uzbekistan,11/25/20,72227,606,242,2,252
Uzbekistan,11/26/20,72409,607,182,1,253
Uzbekistan,11/27/20,72513,607,104,0,254
Uzbekistan,11/28/20,72718,608,205,1,255
Uzbekistan,11/29/20,72870,608,152,0,256
Uzbekistan,11/30/20,73094,610,224,2,257
Uzbekistan,12/1/20,73276,611,182,1,258
Uzbekistan,12/2/20,73335,611,59,0,259
Uzbekistan,12/3/20,73431,611,96,0,260
Uzbekistan,12/4/20,73751,611,320,0,261
Uzbekistan,12/5/20,73751,611,0,0,262
Uzbekistan,12/6/20,74053,611,302,0,263
Uzbekistan,12/7/20,74053,611,0,0,264
Uzbekistan,12/8/20,74206,611,153,0,265
Uzbekistan,12/9/20,74352,611,146,0,266
Uzbekistan,12/10/20,74498,611,146,0,267
Uzbekistan,12/11/20,74811,612,313,1,268
Uzbekistan,12/12/20,74811,612,0,0,269
Uzbekistan,12/13/20,74956,612,145,0,270
Uzbekistan,12/14/20,75094,612,138,0,271
Uzbekistan,12/15/20,75241,612,147,0,272
Uzbekistan,12/16/20,75538,612,297,0,273
Uzbekistan,12/17/20,75538,612,0,0,274
Uzbekistan,12/18/20,75675,612,137,0,275
Uzbekistan,12/19/20,75806,612,131,0,276
Uzbekistan,12/20/20,75933,612,127,0,277
Uzbekistan,12/21/20,76048,612,115,0,278
Uzbekistan,12/22/20,76180,612,132,0,279
Uzbekistan,12/23/20,76315,612,135,0,280
Uzbekistan,12/24/20,76456,612,141,0,281
Uzbekistan,12/25/20,76568,612,112,0,282
Uzbekistan,12/26/20,76666,612,98,0,283
Uzbekistan,12/27/20,76751,613,85,1,284
Uzbekistan,12/28/20,76832,613,81,0,285
Uzbekistan,12/29/20,76907,613,75,0,286
Uzbekistan,12/30/20,76985,614,78,1,287
Uzbekistan,12/31/20,77060,614,75,0,288
Uzbekistan,1/1/21,77182,614,122,0,289
Uzbekistan,1/2/21,77182,614,0,0,290
Uzbekistan,1/3/21,77258,614,76,0,291
Uzbekistan,1/4/21,77258,614,0,0,292
Uzbekistan,1/5/21,77295,614,37,0,293
Uzbekistan,1/6/21,77350,615,55,1,294
Uzbekistan,1/7/21,77412,615,62,0,295
Uzbekistan,1/8/21,77485,616,73,1,296
Uzbekistan,1/9/21,77530,616,45,0,297
Uzbekistan,1/10/21,77572,617,42,1,298
Uzbekistan,1/11/21,77611,617,39,0,299
Uzbekistan,1/12/21,77663,617,52,0,300
Uzbekistan,1/13/21,77716,618,53,1,301
Uzbekistan,1/14/21,77777,618,61,0,302
Uzbekistan,1/15/21,77904,619,127,1,303
Uzbekistan,1/16/21,77968,619,64,0,304
Uzbekistan,1/17/21,77968,619,0,0,305
Uzbekistan,1/18/21,78036,619,68,0,306
Uzbekistan,1/19/21,78091,620,55,1,307
Uzbekistan,1/20/21,78163,620,72,0,308
Uzbekistan,1/21/21,78219,620,56,0,309
Uzbekistan,1/22/21,78272,620,53,0,310
Uzbekistan,1/23/21,78317,621,45,1,311
Uzbekistan,1/24/21,78375,621,58,0,312
Uzbekistan,1/25/21,78429,621,54,0,313
Uzbekistan,1/26/21,78471,621,42,0,314
Uzbekistan,1/27/21,78510,621,39,0,315
Uzbekistan,1/28/21,78556,621,46,0,316
Uzbekistan,1/29/21,78602,621,46,0,317
Uzbekistan,1/30/21,78711,621,109,0,318
Uzbekistan,1/31/21,78711,621,0,0,319
Uzbekistan,2/1/21,78755,621,44,0,320
Uzbekistan,2/2/21,78801,621,46,0,321
Uzbekistan,2/3/21,78859,621,58,0,322
Uzbekistan,2/4/21,78916,621,57,0,323
Uzbekistan,2/5/21,78989,621,73,0,324
Uzbekistan,2/6/21,79045,621,56,0,325
Uzbekistan,2/7/21,79098,621,53,0,326
Uzbekistan,2/8/21,79162,621,64,0,327
Uzbekistan,2/9/21,79204,621,42,0,328
Uzbekistan,2/10/21,79237,621,33,0,329
Uzbekistan,2/11/21,79303,622,66,1,330
Uzbekistan,2/12/21,79340,622,37,0,331
Uzbekistan,2/13/21,79381,622,41,0,332
Uzbekistan,2/14/21,79416,622,35,0,333
Uzbekistan,2/15/21,79442,622,26,0,334
Uzbekistan,2/16/21,79461,622,19,0,335
Uzbekistan,2/17/21,79497,622,36,0,336
Uzbekistan,2/18/21,79548,622,51,0,337
Uzbekistan,2/19/21,79598,622,50,0,338
Uzbekistan,2/20/21,79632,622,34,0,339
Uzbekistan,2/21/21,79654,622,22,0,340
Uzbekistan,2/22/21,79681,622,27,0,341
Uzbekistan,2/23/21,79717,622,36,0,342
Uzbekistan,2/24/21,79749,622,32,0,343
Uzbekistan,2/25/21,79773,622,24,0,344
Uzbekistan,2/26/21,79804,622,31,0,345
Uzbekistan,2/27/21,79836,622,32,0,346
Uzbekistan,2/28/21,79926,622,90,0,347
Uzbekistan,3/1/21,79926,622,0,0,348
Uzbekistan,3/2/21,79961,622,35,0,349
Uzbekistan,3/3/21,80035,622,74,0,350
Uzbekistan,3/4/21,80035,622,0,0,351
Uzbekistan,3/5/21,80081,622,46,0,352
Uzbekistan,3/6/21,80125,622,44,0,353
Uzbekistan,3/7/21,80176,622,51,0,354
Uzbekistan,3/8/21,80219,622,43,0,355
Uzbekistan,3/9/21,80247,622,28,0,356
Uzbekistan,3/10/21,80268,622,21,0,357
Uzbekistan,3/11/21,80392,622,124,0,358
Uzbekistan,3/12/21,80392,622,0,0,359
Uzbekistan,3/13/21,80481,622,89,0,360
Uzbekistan,3/14/21,80567,622,86,0,361
Uzbekistan,3/15/21,80678,622,111,0,362
Uzbekistan,3/16/21,80743,622,65,0,363
Uzbekistan,3/17/21,80858,622,115,0,364
Uzbekistan,3/18/21,80971,622,113,0,365
Uzbekistan,3/19/21,81095,622,124,0,366
Uzbekistan,3/20/21,81339,622,244,0,367
Uzbekistan,3/21/21,81339,622,0,0,368
Uzbekistan,3/22/21,81446,622,107,0,369
Uzbekistan,3/23/21,81678,623,232,1,370
Uzbekistan,3/24/21,81678,623,0,0,371
Uzbekistan,3/25/21,81816,624,138,1,372
Uzbekistan,3/26/21,81960,624,144,0,373
Uzbekistan,3/27/21,82146,625,186,1,374
Uzbekistan,3/28/21,82340,626,194,1,375
Uzbekistan,3/29/21,82536,626,196,0,376
Uzbekistan,3/30/21,82682,628,146,2,377
Uzbekistan,3/31/21,82869,629,187,1,378
Uzbekistan,4/1/21,83050,630,181,1,379
Uzbekistan,4/2/21,83239,630,189,0,380
Uzbekistan,4/3/21,83435,630,196,0,381
Uzbekistan,4/4/21,83623,631,188,1,382
Uzbekistan,4/5/21,83802,631,179,0,383
Uzbekistan,4/6/21,83935,632,133,1,384
Uzbekistan,4/7/21,84127,633,192,1,385
Uzbekistan,4/8/21,84322,634,195,1,386
Uzbekistan,4/9/21,84529,634,207,0,387
Uzbekistan,4/10/21,84724,634,195,0,388
Uzbekistan,4/11/21,84922,634,198,0,389
Uzbekistan,4/12/21,85114,634,192,0,390
Uzbekistan,4/13/21,85291,634,177,0,391
Uzbekistan,4/14/21,85503,634,212,0,392
Uzbekistan,4/15/21,85730,634,227,0,393
Uzbekistan,4/16/21,86022,635,292,1,394
Uzbekistan,4/17/21,86338,636,316,1,395
Uzbekistan,4/18/21,86680,638,342,2,396
Uzbekistan,4/19/21,86982,638,302,0,397
Uzbekistan,4/20/21,87225,639,243,1,398
Uzbekistan,4/21/21,87551,640,326,1,399
Uzbekistan,4/22/21,87935,640,384,0,400
Uzbekistan,4/23/21,88280,641,345,1,401
Uzbekistan,4/24/21,88679,642,399,1,402
Uzbekistan,4/25/21,89027,643,348,1,403
Uzbekistan,4/26/21,89355,645,328,2,404
Uzbekistan,4/27/21,89630,646,275,1,405
Uzbekistan,4/28/21,90008,646,378,0,406
Uzbekistan,4/29/21,90406,647,398,1,407
Uzbekistan,4/30/21,90808,649,402,2,408
Uzbekistan,5/1/21,91250,650,442,1,409
Uzbekistan,5/2/21,91643,652,393,2,410
Uzbekistan,5/3/21,92006,653,363,1,411
Uzbekistan,5/4/21,92320,655,314,2,412
Uzbekistan,5/5/21,92724,655,404,0,413
Uzbekistan,5/6/21,93176,657,452,2,414
Uzbekistan,5/7/21,93597,660,421,3,415
Uzbekistan,5/8/21,93978,662,381,2,416
Uzbekistan,5/9/21,94397,662,419,0,417
Uzbekistan,5/10/21,94759,662,362,0,418
Uzbekistan,5/11/21,95072,664,313,2,419
Uzbekistan,5/12/21,95467,666,395,2,420
Uzbekistan,5/13/21,95826,667,359,1,421
Uzbekistan,5/14/21,96117,667,291,0,422
Uzbekistan,5/15/21,96368,667,251,0,423
Uzbekistan,5/16/21,96670,668,302,1,424
Uzbekistan,5/17/21,96893,670,223,2,425
Uzbekistan,5/18/21,97068,672,175,2,426
Uzbekistan,5/19/21,97280,674,212,2,427
Uzbekistan,5/20/21,97543,676,263,2,428
Uzbekistan,5/21/21,97856,678,313,2,429
Uzbekistan,5/22/21,98164,680,308,2,430
Uzbekistan,5/23/21,98451,680,287,0,431
Uzbekistan,5/24/21,98657,680,206,0,432
Uzbekistan,5/25/21,98849,682,192,2,433
Uzbekistan,5/26/21,99064,684,215,2,434
Uzbekistan,5/27/21,99344,685,280,1,435
Uzbekistan,5/28/21,99580,687,236,2,436
Uzbekistan,5/29/21,99844,688,264,1,437
Uzbekistan,5/30/21,100124,690,280,2,438
Uzbekistan,5/31/21,100335,690,211,0,439
Uzbekistan,6/1/21,100495,690,160,0,440
Uzbekistan,6/2/21,100726,691,231,1,441
Uzbekistan,6/3/21,100997,693,271,2,442
Uzbekistan,6/4/21,101198,695,201,2,443
Uzbekistan,6/5/21,101436,696,238,1,444
Uzbekistan,6/6/21,101722,696,286,0,445
Uzbekistan,6/7/21,101964,696,242,0,446
Uzbekistan,6/8/21,102163,699,199,3,447
Uzbekistan,6/9/21,102362,701,199,2,448
Uzbekistan,6/10/21,102605,702,243,1,449
Uzbekistan,6/11/21,102892,704,287,2,450
Uzbekistan,6/12/21,103206,705,314,1,451
Uzbekistan,6/13/21,103510,708,304,3,452
