country,date,confirmed,deaths,new_confirmed,new_deaths,tagged_day
Venezuela,3/17/20,33,0,16,0,1
Venezuela,3/18/20,36,0,3,0,2
Venezuela,3/19/20,42,0,6,0,3
Venezuela,3/20/20,42,0,0,0,4
Venezuela,3/21/20,70,0,28,0,5
Venezuela,3/22/20,70,0,0,0,6
Venezuela,3/23/20,77,0,7,0,7
Venezuela,3/24/20,84,0,7,0,8
Venezuela,3/25/20,91,0,7,0,9
Venezuela,3/26/20,107,0,16,0,10
Venezuela,3/27/20,107,1,0,1,11
Venezuela,3/28/20,119,2,12,1,12
Venezuela,3/29/20,119,2,0,0,13
Venezuela,3/30/20,135,3,16,1,14
Venezuela,3/31/20,135,3,0,0,15
Venezuela,4/1/20,143,3,8,0,16
Venezuela,4/2/20,146,5,3,2,17
Venezuela,4/3/20,153,7,7,2,18
Venezuela,4/4/20,155,7,2,0,19
Venezuela,4/5/20,159,7,4,0,20
Venezuela,4/6/20,165,7,6,0,21
Venezuela,4/7/20,165,7,0,0,22
Venezuela,4/8/20,167,9,2,2,23
Venezuela,4/9/20,171,9,4,0,24
Venezuela,4/10/20,171,9,0,0,25
Venezuela,4/11/20,175,9,4,0,26
Venezuela,4/12/20,181,9,6,0,27
Venezuela,4/13/20,189,9,8,0,28
Venezuela,4/14/20,189,9,0,0,29
Venezuela,4/15/20,197,9,8,0,30
Venezuela,4/16/20,204,9,7,0,31
Venezuela,4/17/20,204,9,0,0,32
Venezuela,4/18/20,227,9,23,0,33
Venezuela,4/19/20,256,9,29,0,34
Venezuela,4/20/20,256,9,0,0,35
Venezuela,4/21/20,285,10,29,1,36
Venezuela,4/22/20,288,10,3,0,37
Venezuela,4/23/20,311,10,23,0,38
Venezuela,4/24/20,318,10,7,0,39
Venezuela,4/25/20,323,10,5,0,40
Venezuela,4/26/20,325,10,2,0,41
Venezuela,4/27/20,329,10,4,0,42
Venezuela,4/28/20,329,10,0,0,43
Venezuela,4/29/20,331,10,2,0,44
Venezuela,4/30/20,333,16,2,6,45
Venezuela,5/1/20,335,10,2,-6,46
Venezuela,5/2/20,345,10,10,0,47
Venezuela,5/3/20,357,10,12,0,48
Venezuela,5/4/20,357,10,0,0,49
Venezuela,5/5/20,361,10,4,0,50
Venezuela,5/6/20,379,10,18,0,51
Venezuela,5/7/20,381,10,2,0,52
Venezuela,5/8/20,388,10,7,0,53
Venezuela,5/9/20,402,10,14,0,54
Venezuela,5/10/20,414,10,12,0,55
Venezuela,5/11/20,422,10,8,0,56
Venezuela,5/12/20,423,10,1,0,57
Venezuela,5/13/20,423,10,0,0,58
Venezuela,5/14/20,455,10,32,0,59
Venezuela,5/15/20,459,10,4,0,60
Venezuela,5/16/20,504,10,45,0,61
Venezuela,5/17/20,541,10,37,0,62
Venezuela,5/18/20,618,10,77,0,63
Venezuela,5/19/20,749,10,131,0,64
Venezuela,5/20/20,824,10,75,0,65
Venezuela,5/21/20,882,10,58,0,66
Venezuela,5/22/20,944,10,62,0,67
Venezuela,5/23/20,1010,10,66,0,68
Venezuela,5/24/20,1121,10,111,0,69
Venezuela,5/25/20,1177,10,56,0,70
Venezuela,5/26/20,1211,11,34,1,71
Venezuela,5/27/20,1245,11,34,0,72
Venezuela,5/28/20,1325,11,80,0,73
Venezuela,5/29/20,1370,14,45,3,74
Venezuela,5/30/20,1459,14,89,0,75
Venezuela,5/31/20,1510,14,51,0,76
Venezuela,6/1/20,1662,17,152,3,77
Venezuela,6/2/20,1819,18,157,1,78
Venezuela,6/3/20,1952,20,133,2,79
Venezuela,6/4/20,2087,20,135,0,80
Venezuela,6/5/20,2145,20,58,0,81
Venezuela,6/6/20,2316,22,171,2,82
Venezuela,6/7/20,2377,22,61,0,83
Venezuela,6/8/20,2473,22,96,0,84
Venezuela,6/9/20,2632,23,159,1,85
Venezuela,6/10/20,2738,23,106,0,86
Venezuela,6/11/20,2814,23,76,0,87
Venezuela,6/12/20,2879,23,65,0,88
Venezuela,6/13/20,2904,24,25,1,89
Venezuela,6/14/20,2978,25,74,1,90
Venezuela,6/15/20,3062,26,84,1,91
Venezuela,6/16/20,3150,27,88,1,92
Venezuela,6/17/20,3386,28,236,1,93
Venezuela,6/18/20,3483,28,97,0,94
Venezuela,6/19/20,3591,30,108,2,95
Venezuela,6/20/20,3789,33,198,3,96
Venezuela,6/21/20,3917,33,128,0,97
Venezuela,6/22/20,4048,35,131,2,98
Venezuela,6/23/20,4187,35,139,0,99
Venezuela,6/24/20,4366,38,179,3,100
Venezuela,6/25/20,4563,39,197,1,101
Venezuela,6/26/20,4779,41,216,2,102
Venezuela,6/27/20,5130,42,351,1,103
Venezuela,6/28/20,5297,44,167,2,104
Venezuela,6/29/20,5530,48,233,4,105
Venezuela,6/30/20,5832,51,302,3,106
Venezuela,7/1/20,6062,54,230,3,107
Venezuela,7/2/20,6273,57,211,3,108
Venezuela,7/3/20,6537,59,264,2,109
Venezuela,7/4/20,6750,62,213,3,110
Venezuela,7/5/20,7169,65,419,3,111
Venezuela,7/6/20,7411,68,242,3,112
Venezuela,7/7/20,7693,71,282,3,113
Venezuela,7/8/20,8008,75,315,4,114
Venezuela,7/9/20,8372,80,364,5,115
Venezuela,7/10/20,8803,83,431,3,116
Venezuela,7/11/20,9178,85,375,2,117
Venezuela,7/12/20,9465,89,287,4,118
Venezuela,7/13/20,9707,93,242,4,119
Venezuela,7/14/20,10010,96,303,3,120
Venezuela,7/15/20,10428,100,418,4,121
Venezuela,7/16/20,10854,104,426,4,122
Venezuela,7/17/20,11191,107,337,3,123
Venezuela,7/18/20,11483,110,292,3,124
Venezuela,7/19/20,11891,112,408,2,125
Venezuela,7/20/20,12334,116,443,4,126
Venezuela,7/21/20,12774,120,440,4,127
Venezuela,7/22/20,13164,124,390,4,128
Venezuela,7/23/20,13613,129,449,5,129
Venezuela,7/24/20,14263,134,650,5,130
Venezuela,7/25/20,14929,138,666,4,131
Venezuela,7/26/20,15463,142,534,4,132
Venezuela,7/27/20,15988,146,525,4,133
Venezuela,7/28/20,16571,151,583,5,134
Venezuela,7/29/20,17158,156,587,5,135
Venezuela,7/30/20,17859,158,701,2,136
Venezuela,7/31/20,18574,164,715,6,137
Venezuela,8/1/20,19443,169,869,5,138
Venezuela,8/2/20,20206,174,763,5,139
Venezuela,8/3/20,20754,180,548,6,140
Venezuela,8/4/20,21438,187,684,7,141
Venezuela,8/5/20,22299,195,861,8,142
Venezuela,8/6/20,23280,202,981,7,143
Venezuela,8/7/20,24166,208,886,6,144
Venezuela,8/8/20,24961,215,795,7,145
Venezuela,8/9/20,25805,223,844,8,146
Venezuela,8/10/20,26800,229,995,6,147
Venezuela,8/11/20,27938,238,1138,9,148
Venezuela,8/12/20,29088,247,1150,9,149
Venezuela,8/13/20,30369,259,1281,12,150
Venezuela,8/14/20,31381,266,1012,7,151
Venezuela,8/15/20,32607,276,1226,10,152
Venezuela,8/16/20,33755,281,1148,5,153
Venezuela,8/17/20,34802,288,1047,7,154
Venezuela,8/18/20,35697,297,895,9,155
Venezuela,8/19/20,36868,303,1171,6,156
Venezuela,8/20/20,37567,311,699,8,157
Venezuela,8/21/20,38219,317,652,6,158
Venezuela,8/22/20,38957,323,738,6,159
Venezuela,8/23/20,39564,329,607,6,160
Venezuela,8/24/20,40338,337,774,8,161
Venezuela,8/25/20,41158,343,820,6,162
Venezuela,8/26/20,41965,351,807,8,163
Venezuela,8/27/20,42898,358,933,7,164
Venezuela,8/28/20,43879,366,981,8,165
Venezuela,8/29/20,44946,375,1067,9,166
Venezuela,8/30/20,45868,381,922,6,167
Venezuela,8/31/20,46728,386,860,5,168
Venezuela,9/1/20,47756,391,1028,5,169
Venezuela,9/2/20,48883,398,1127,7,170
Venezuela,9/3/20,49877,402,994,4,171
Venezuela,9/4/20,50973,412,1096,10,172
Venezuela,9/5/20,52165,420,1192,8,173
Venezuela,9/6/20,53289,428,1124,8,174
Venezuela,9/7/20,54350,436,1061,8,175
Venezuela,9/8/20,55563,444,1213,8,176
Venezuela,9/9/20,56751,452,1188,8,177
Venezuela,9/10/20,57823,460,1072,8,178
Venezuela,9/11/20,58663,468,840,8,179
Venezuela,9/12/20,59630,477,967,9,180
Venezuela,9/13/20,60540,485,910,8,181
Venezuela,9/14/20,61569,494,1029,9,182
Venezuela,9/15/20,62655,502,1086,8,183
Venezuela,9/16/20,63416,511,761,9,184
Venezuela,9/17/20,64284,520,868,9,185
Venezuela,9/18/20,65174,530,890,10,186
Venezuela,9/19/20,65949,539,775,9,187
Venezuela,9/20/20,66656,547,707,8,188
Venezuela,9/21/20,67443,555,787,8,189
Venezuela,9/22/20,68453,564,1010,9,190
Venezuela,9/23/20,69439,574,986,10,191
Venezuela,9/24/20,70406,581,967,7,192
Venezuela,9/25/20,71273,591,867,10,193
Venezuela,9/26/20,71940,600,667,9,194
Venezuela,9/27/20,72691,606,751,6,195
Venezuela,9/28/20,73528,614,837,8,196
Venezuela,9/29/20,74363,621,835,7,197
Venezuela,9/30/20,75122,628,759,7,198
Venezuela,10/1/20,76029,635,907,7,199
Venezuela,10/2/20,76820,643,791,8,200
Venezuela,10/3/20,77646,649,826,6,201
Venezuela,10/4/20,78434,653,788,4,202
Venezuela,10/5/20,79117,658,683,5,203
Venezuela,10/6/20,79796,665,679,7,204
Venezuela,10/7/20,80404,671,608,6,205
Venezuela,10/8/20,81019,678,615,7,206
Venezuela,10/9/20,81696,684,677,6,207
Venezuela,10/10/20,82453,691,757,7,208
Venezuela,10/11/20,83137,697,684,6,209
Venezuela,10/12/20,83756,704,619,7,210
Venezuela,10/13/20,84391,710,635,6,211
Venezuela,10/14/20,85005,714,614,4,212
Venezuela,10/15/20,85469,720,464,6,213
Venezuela,10/16/20,85758,725,289,5,214
Venezuela,10/17/20,86289,731,531,6,215
Venezuela,10/18/20,86636,736,347,5,216
Venezuela,10/19/20,86636,736,0,0,217
Venezuela,10/20/20,87644,747,1008,11,218
Venezuela,10/21/20,88035,753,391,6,219
Venezuela,10/22/20,88416,759,381,6,220
Venezuela,10/23/20,88718,764,302,5,221
Venezuela,10/24/20,89142,770,424,6,222
Venezuela,10/25/20,89565,773,423,3,223
Venezuela,10/26/20,90047,777,482,4,224
Venezuela,10/27/20,90400,780,353,3,225
Venezuela,10/28/20,90876,784,476,4,226
Venezuela,10/29/20,91280,789,404,5,227
Venezuela,10/30/20,91589,793,309,4,228
Venezuela,10/31/20,92013,798,424,5,229
Venezuela,11/1/20,92325,801,312,3,230
Venezuela,11/2/20,92705,806,380,5,231
Venezuela,11/3/20,93100,810,395,4,232
Venezuela,11/4/20,93480,814,380,4,233
Venezuela,11/5/20,93921,819,441,5,234
Venezuela,11/6/20,94305,821,384,2,235
Venezuela,11/7/20,94698,824,393,3,236
Venezuela,11/8/20,94883,826,185,2,237
Venezuela,11/9/20,95149,830,266,4,238
Venezuela,11/10/20,95445,834,296,4,239
Venezuela,11/11/20,95750,838,305,4,240
Venezuela,11/12/20,96140,841,390,3,241
Venezuela,11/13/20,96441,844,301,3,242
Venezuela,11/14/20,96933,848,492,4,243
Venezuela,11/15/20,97352,851,419,3,244
Venezuela,11/16/20,97739,855,387,4,245
Venezuela,11/17/20,98050,858,311,3,246
Venezuela,11/18/20,98350,860,300,2,247
Venezuela,11/19/20,98665,863,315,3,248
Venezuela,11/20/20,99017,866,352,3,249
Venezuela,11/21/20,99435,869,418,3,250
Venezuela,11/22/20,99835,871,400,2,251
Venezuela,11/23/20,100143,873,308,2,252
Venezuela,11/24/20,100498,876,355,3,253
Venezuela,11/25/20,100817,880,319,4,254
Venezuela,11/26/20,101215,884,398,4,255
Venezuela,11/27/20,101524,888,309,4,256
Venezuela,11/28/20,101760,892,236,4,257
Venezuela,11/29/20,102040,894,280,2,258
Venezuela,11/30/20,102394,897,354,3,259
Venezuela,12/1/20,102621,901,227,4,260
Venezuela,12/2/20,103067,905,446,4,261
Venezuela,12/3/20,103548,909,481,4,262
Venezuela,12/4/20,103877,913,329,4,263
Venezuela,12/5/20,104177,916,300,3,264
Venezuela,12/6/20,104442,919,265,3,265
Venezuela,12/7/20,104904,924,462,5,266
Venezuela,12/8/20,105384,928,480,4,267
Venezuela,12/9/20,105852,933,468,5,268
Venezuela,12/10/20,106280,938,428,5,269
Venezuela,12/11/20,106715,944,435,6,270
Venezuela,12/12/20,107177,949,462,5,271
Venezuela,12/13/20,107786,954,609,5,272
Venezuela,12/14/20,108125,960,339,6,273
Venezuela,12/15/20,108480,965,355,5,274
Venezuela,12/16/20,108717,970,237,5,275
Venezuela,12/17/20,109081,975,364,5,276
Venezuela,12/18/20,109395,979,314,4,277
Venezuela,12/19/20,109781,984,386,5,278
Venezuela,12/20/20,110075,988,294,4,279
Venezuela,12/21/20,110513,993,438,5,280
Venezuela,12/22/20,110828,997,315,4,281
Venezuela,12/23/20,111024,1002,196,5,282
Venezuela,12/24/20,111245,1006,221,4,283
Venezuela,12/25/20,111603,1010,358,4,284
Venezuela,12/26/20,111951,1013,348,3,285
Venezuela,12/27/20,112316,1014,365,1,286
Venezuela,12/28/20,112636,1018,320,4,287
Venezuela,12/29/20,112861,1021,225,3,288
Venezuela,12/30/20,113121,1025,260,4,289
Venezuela,12/31/20,113558,1028,437,3,290
Venezuela,1/1/21,113884,1030,326,2,291
Venezuela,1/2/21,114083,1032,199,2,292
Venezuela,1/3/21,114230,1034,147,2,293
Venezuela,1/4/21,114407,1038,177,4,294
Venezuela,1/5/21,114662,1042,255,4,295
Venezuela,1/6/21,114908,1047,246,5,296
Venezuela,1/7/21,115322,1052,414,5,297
Venezuela,1/8/21,115667,1056,345,4,298
Venezuela,1/9/21,116172,1061,505,5,299
Venezuela,1/10/21,116610,1061,438,0,300
Venezuela,1/11/21,116983,1073,373,12,301
Venezuela,1/12/21,117299,1078,316,5,302
Venezuela,1/13/21,117811,1084,512,6,303
Venezuela,1/14/21,118415,1090,604,6,304
Venezuela,1/15/21,118856,1095,441,5,305
Venezuela,1/16/21,119306,1101,450,6,306
Venezuela,1/17/21,119803,1106,497,5,307
Venezuela,1/18/21,120444,1112,641,6,308
Venezuela,1/19/21,121117,1116,673,4,309
Venezuela,1/20/21,121691,1122,574,6,310
Venezuela,1/21/21,122260,1129,569,7,311
Venezuela,1/22/21,122795,1136,535,7,312
Venezuela,1/23/21,123245,1142,450,6,313
Venezuela,1/24/21,123709,1148,464,6,314
Venezuela,1/25/21,124112,1154,403,6,315
Venezuela,1/26/21,124525,1159,413,5,316
Venezuela,1/27/21,124958,1165,433,6,317
Venezuela,1/28/21,125364,1171,406,6,318
Venezuela,1/29/21,125776,1177,412,6,319
Venezuela,1/30/21,126323,1183,547,6,320
Venezuela,1/31/21,126927,1189,604,6,321
Venezuela,2/1/21,127346,1196,419,7,322
Venezuela,2/2/21,127752,1202,406,6,323
Venezuela,2/3/21,128315,1209,563,7,324
Venezuela,2/4/21,128775,1216,460,7,325
Venezuela,2/5/21,129231,1223,456,7,326
Venezuela,2/6/21,129643,1228,412,5,327
Venezuela,2/7/21,130116,1233,473,5,328
Venezuela,2/8/21,130596,1240,480,7,329
Venezuela,2/9/21,131096,1247,500,7,330
Venezuela,2/10/21,131476,1253,380,6,331
Venezuela,2/11/21,131828,1260,352,7,332
Venezuela,2/12/21,132259,1267,431,7,333
Venezuela,2/13/21,132743,1273,484,6,334
Venezuela,2/14/21,133218,1279,475,6,335
Venezuela,2/15/21,133577,1285,359,6,336
Venezuela,2/16/21,133927,1292,350,7,337
Venezuela,2/17/21,134319,1297,392,5,338
Venezuela,2/18/21,134781,1303,462,6,339
Venezuela,2/19/21,135114,1308,333,5,340
Venezuela,2/20/21,135603,1312,489,4,341
Venezuela,2/21/21,136068,1316,465,4,342
Venezuela,2/22/21,136545,1320,477,4,343
Venezuela,2/23/21,136986,1325,441,5,344
Venezuela,2/24/21,137445,1331,459,6,345
Venezuela,2/25/21,137871,1334,426,3,346
Venezuela,2/26/21,138295,1338,424,4,347
Venezuela,2/27/21,138739,1341,444,3,348
Venezuela,2/28/21,139116,1344,377,3,349
Venezuela,3/1/21,139545,1348,429,4,350
Venezuela,3/2/21,139934,1353,389,5,351
Venezuela,3/3/21,140383,1358,449,5,352
Venezuela,3/4/21,140960,1364,577,6,353
Venezuela,3/5/21,141356,1371,396,7,354
Venezuela,3/6/21,141885,1378,529,7,355
Venezuela,3/7/21,142338,1384,453,6,356
Venezuela,3/8/21,142774,1391,436,7,357
Venezuela,3/9/21,143321,1399,547,8,358
Venezuela,3/10/21,143321,1399,0,0,359
Venezuela,3/11/21,144277,1415,956,16,360
Venezuela,3/12/21,144786,1422,509,7,361
Venezuela,3/13/21,145379,1430,593,8,362
Venezuela,3/14/21,145379,1430,0,0,363
Venezuela,3/15/21,146488,1444,1109,14,364
Venezuela,3/16/21,147028,1451,540,7,365
Venezuela,3/17/21,147577,1459,549,8,366
Venezuela,3/18/21,148208,1467,631,8,367
Venezuela,3/19/21,149145,1475,937,8,368
Venezuela,3/20/21,150306,1483,1161,8,369
Venezuela,3/21/21,151123,1493,817,10,370
Venezuela,3/22/21,151894,1502,771,9,371
Venezuela,3/23/21,152508,1511,614,9,372
Venezuela,3/24/21,153315,1521,807,10,373
Venezuela,3/25/21,154165,1532,850,11,374
Venezuela,3/26/21,154905,1543,740,11,375
Venezuela,3/27/21,155663,1555,758,12,376
Venezuela,3/28/21,156655,1565,992,10,377
Venezuela,3/29/21,157943,1577,1288,12,378
Venezuela,3/30/21,159149,1589,1206,12,379
Venezuela,3/31/21,160497,1602,1348,13,380
Venezuela,4/1/21,161751,1615,1254,13,381
Venezuela,4/2/21,162730,1629,979,14,382
Venezuela,4/3/21,164337,1647,1607,18,383
Venezuela,4/4/21,166123,1662,1786,15,384
Venezuela,4/5/21,167548,1678,1425,16,385
Venezuela,4/6/21,169074,1693,1526,15,386
Venezuela,4/7/21,170189,1705,1115,12,387
Venezuela,4/8/21,171373,1720,1184,15,388
Venezuela,4/9/21,172461,1739,1088,19,389
Venezuela,4/10/21,173786,1759,1325,20,390
Venezuela,4/11/21,174887,1778,1101,19,391
Venezuela,4/12/21,175812,1795,925,17,392
Venezuela,4/13/21,176972,1815,1160,20,393
Venezuela,4/14/21,178094,1834,1122,19,394
Venezuela,4/15/21,179365,1853,1271,19,395
Venezuela,4/16/21,180609,1870,1244,17,396
Venezuela,4/17/21,181903,1888,1294,18,397
Venezuela,4/18/21,183190,1905,1287,17,398
Venezuela,4/19/21,184595,1925,1405,20,399
Venezuela,4/20/21,185736,1944,1141,19,400
Venezuela,4/21/21,186745,1965,1009,21,401
Venezuela,4/22/21,188063,1987,1318,22,402
Venezuela,4/23/21,189381,2009,1318,22,403
Venezuela,4/24/21,190523,2028,1142,19,404
Venezuela,4/25/21,191518,2047,995,19,405
Venezuela,4/26/21,192498,2065,980,18,406
Venezuela,4/27/21,193721,2082,1223,17,407
Venezuela,4/28/21,194959,2099,1238,17,408
Venezuela,4/29/21,196386,2117,1427,18,409
Venezuela,4/30/21,197683,2136,1297,19,410
Venezuela,5/1/21,198865,2155,1182,19,411
Venezuela,5/2/21,200067,2172,1202,17,412
Venezuela,5/3/21,200931,2189,864,17,413
Venezuela,5/4/21,201807,2208,876,19,414
Venezuela,5/5/21,202578,2226,771,18,415
Venezuela,5/6/21,204057,2244,1479,18,416
Venezuela,5/7/21,205181,2263,1124,19,417
Venezuela,5/8/21,206549,2280,1368,17,418
Venezuela,5/9/21,207870,2291,1321,11,419
Venezuela,5/10/21,209162,2304,1292,13,420
Venezuela,5/11/21,210116,2320,954,16,421
Venezuela,5/12/21,210948,2337,832,17,422
Venezuela,5/13/21,211838,2352,890,15,423
Venezuela,5/14/21,212998,2366,1160,14,424
Venezuela,5/15/21,212998,2366,0,0,425
Venezuela,5/16/21,215301,2396,2303,30,426
Venezuela,5/17/21,216415,2411,1114,15,427
Venezuela,5/18/21,217603,2428,1188,17,428
Venezuela,5/19/21,218814,2446,1211,18,429
Venezuela,5/20/21,219864,2465,1050,19,430
Venezuela,5/21/21,221042,2483,1178,18,431
Venezuela,5/22/21,222052,2499,1010,16,432
Venezuela,5/23/21,223345,2513,1293,14,433
Venezuela,5/24/21,224819,2528,1474,15,434
Venezuela,5/25/21,226136,2544,1317,16,435
Venezuela,5/26/21,227407,2559,1271,15,436
Venezuela,5/27/21,228828,2576,1421,17,437
Venezuela,5/28/21,230147,2595,1319,19,438
Venezuela,5/29/21,231443,2615,1296,20,439
Venezuela,5/30/21,232800,2629,1357,14,440
Venezuela,5/31/21,234165,2646,1365,17,441
Venezuela,6/1/21,235567,2661,1402,15,442
Venezuela,6/2/21,236755,2674,1188,13,443
Venezuela,6/3/21,238013,2689,1258,15,444
Venezuela,6/4/21,239252,2698,1239,9,445
Venezuela,6/5/21,240714,2708,1462,10,446
Venezuela,6/6/21,242138,2719,1424,11,447
Venezuela,6/7/21,243621,2734,1483,15,448
Venezuela,6/8/21,245300,2750,1679,16,449
Venezuela,6/9/21,246764,2764,1464,14,450
Venezuela,6/10/21,247847,2781,1083,17,451
Venezuela,6/11/21,248820,2797,973,16,452
Venezuela,6/12/21,250309,2814,1489,17,453
Venezuela,6/13/21,251686,2829,1377,15,454
