country,date,confirmed,deaths,new_confirmed,new_deaths,tagged_day
Zambia,3/27/20,22,0,6,0,1
Zambia,3/28/20,28,0,6,0,2
Zambia,3/29/20,29,0,1,0,3
Zambia,3/30/20,35,0,6,0,4
Zambia,3/31/20,35,0,0,0,5
Zambia,4/1/20,36,0,1,0,6
Zambia,4/2/20,39,1,3,1,7
Zambia,4/3/20,39,1,0,0,8
Zambia,4/4/20,39,1,0,0,9
Zambia,4/5/20,39,1,0,0,10
Zambia,4/6/20,39,1,0,0,11
Zambia,4/7/20,39,1,0,0,12
Zambia,4/8/20,39,1,0,0,13
Zambia,4/9/20,39,1,0,0,14
Zambia,4/10/20,40,2,1,1,15
Zambia,4/11/20,40,2,0,0,16
Zambia,4/12/20,43,2,3,0,17
Zambia,4/13/20,45,2,2,0,18
Zambia,4/14/20,45,2,0,0,19
Zambia,4/15/20,48,2,3,0,20
Zambia,4/16/20,48,2,0,0,21
Zambia,4/17/20,52,2,4,0,22
Zambia,4/18/20,57,2,5,0,23
Zambia,4/19/20,61,3,4,1,24
Zambia,4/20/20,65,3,4,0,25
Zambia,4/21/20,70,3,5,0,26
Zambia,4/22/20,74,3,4,0,27
Zambia,4/23/20,76,3,2,0,28
Zambia,4/24/20,84,3,8,0,29
Zambia,4/25/20,84,3,0,0,30
Zambia,4/26/20,88,3,4,0,31
Zambia,4/27/20,88,3,0,0,32
Zambia,4/28/20,95,3,7,0,33
Zambia,4/29/20,97,3,2,0,34
Zambia,4/30/20,106,3,9,0,35
Zambia,5/1/20,109,3,3,0,36
Zambia,5/2/20,119,3,10,0,37
Zambia,5/3/20,124,3,5,0,38
Zambia,5/4/20,137,3,13,0,39
Zambia,5/5/20,138,3,1,0,40
Zambia,5/6/20,146,4,8,1,41
Zambia,5/7/20,153,4,7,0,42
Zambia,5/8/20,167,4,14,0,43
Zambia,5/9/20,252,7,85,3,44
Zambia,5/10/20,267,7,15,0,45
Zambia,5/11/20,267,7,0,0,46
Zambia,5/12/20,441,7,174,0,47
Zambia,5/13/20,446,7,5,0,48
Zambia,5/14/20,654,7,208,0,49
Zambia,5/15/20,654,7,0,0,50
Zambia,5/16/20,679,7,25,0,51
Zambia,5/17/20,753,7,74,0,52
Zambia,5/18/20,761,7,8,0,53
Zambia,5/19/20,772,7,11,0,54
Zambia,5/20/20,832,7,60,0,55
Zambia,5/21/20,866,7,34,0,56
Zambia,5/22/20,920,7,54,0,57
Zambia,5/23/20,920,7,0,0,58
Zambia,5/24/20,920,7,0,0,59
Zambia,5/25/20,920,7,0,0,60
Zambia,5/26/20,920,7,0,0,61
Zambia,5/27/20,1057,7,137,0,62
Zambia,5/28/20,1057,7,0,0,63
Zambia,5/29/20,1057,7,0,0,64
Zambia,5/30/20,1057,7,0,0,65
Zambia,5/31/20,1057,7,0,0,66
Zambia,6/1/20,1089,7,32,0,67
Zambia,6/2/20,1089,7,0,0,68
Zambia,6/3/20,1089,7,0,0,69
Zambia,6/4/20,1089,7,0,0,70
Zambia,6/5/20,1089,7,0,0,71
Zambia,6/6/20,1089,7,0,0,72
Zambia,6/7/20,1089,7,0,0,73
Zambia,6/8/20,1200,10,111,3,74
Zambia,6/9/20,1200,10,0,0,75
Zambia,6/10/20,1200,10,0,0,76
Zambia,6/11/20,1200,10,0,0,77
Zambia,6/12/20,1321,10,121,0,78
Zambia,6/13/20,1357,10,36,0,79
Zambia,6/14/20,1358,11,1,1,80
Zambia,6/15/20,1382,11,24,0,81
Zambia,6/16/20,1405,11,23,0,82
Zambia,6/17/20,1412,11,7,0,83
Zambia,6/18/20,1416,11,4,0,84
Zambia,6/19/20,1430,11,14,0,85
Zambia,6/20/20,1430,11,0,0,86
Zambia,6/21/20,1430,11,0,0,87
Zambia,6/22/20,1430,11,0,0,88
Zambia,6/23/20,1477,18,47,7,89
Zambia,6/24/20,1489,18,12,0,90
Zambia,6/25/20,1497,18,8,0,91
Zambia,6/26/20,1531,21,34,3,92
Zambia,6/27/20,1531,21,0,0,93
Zambia,6/28/20,1557,22,26,1,94
Zambia,6/29/20,1568,22,11,0,95
Zambia,6/30/20,1594,24,26,2,96
Zambia,7/1/20,1632,30,38,6,97
Zambia,7/2/20,1632,30,0,0,98
Zambia,7/3/20,1632,30,0,0,99
Zambia,7/4/20,1632,30,0,0,100
Zambia,7/5/20,1632,30,0,0,101
Zambia,7/6/20,1632,30,0,0,102
Zambia,7/7/20,1895,42,263,12,103
Zambia,7/8/20,1895,42,0,0,104
Zambia,7/9/20,1895,42,0,0,105
Zambia,7/10/20,1895,42,0,0,106
Zambia,7/11/20,1895,42,0,0,107
Zambia,7/12/20,1895,42,0,0,108
Zambia,7/13/20,1895,42,0,0,109
Zambia,7/14/20,1895,42,0,0,110
Zambia,7/15/20,1895,42,0,0,111
Zambia,7/16/20,1895,42,0,0,112
Zambia,7/17/20,2810,109,915,67,113
Zambia,7/18/20,2980,120,170,11,114
Zambia,7/19/20,2980,120,0,0,115
Zambia,7/20/20,3326,128,346,8,116
Zambia,7/21/20,3386,128,60,0,117
Zambia,7/22/20,3583,128,197,0,118
Zambia,7/23/20,3789,134,206,6,119
Zambia,7/24/20,3856,136,67,2,120
Zambia,7/25/20,4328,139,472,3,121
Zambia,7/26/20,4481,139,153,0,122
Zambia,7/27/20,4552,140,71,1,123
Zambia,7/28/20,5002,142,450,2,124
Zambia,7/29/20,5249,146,247,4,125
Zambia,7/30/20,5555,149,306,3,126
Zambia,7/31/20,5963,151,408,2,127
Zambia,8/1/20,6228,165,265,14,128
Zambia,8/2/20,6347,170,119,5,129
Zambia,8/3/20,6580,171,233,1,130
Zambia,8/4/20,6793,173,213,2,131
Zambia,8/5/20,7022,176,229,3,132
Zambia,8/6/20,7164,199,142,23,133
Zambia,8/7/20,7486,200,322,1,134
Zambia,8/8/20,7903,203,417,3,135
Zambia,8/9/20,8085,235,182,32,136
Zambia,8/10/20,8210,241,125,6,137
Zambia,8/11/20,8275,241,65,0,138
Zambia,8/12/20,8501,246,226,5,139
Zambia,8/13/20,8663,246,162,0,140
Zambia,8/14/20,9021,256,358,10,141
Zambia,8/15/20,9186,260,165,4,142
Zambia,8/16/20,9343,260,157,0,143
Zambia,8/17/20,9839,264,496,4,144
Zambia,8/18/20,9981,264,142,0,145
Zambia,8/19/20,10218,269,237,5,146
Zambia,8/20/20,10372,274,154,5,147
Zambia,8/21/20,10627,277,255,3,148
Zambia,8/22/20,10831,279,204,2,149
Zambia,8/23/20,11082,280,251,1,150
Zambia,8/24/20,11148,280,66,0,151
Zambia,8/25/20,11285,282,137,2,152
Zambia,8/26/20,11376,282,91,0,153
Zambia,8/27/20,11601,282,225,0,154
Zambia,8/28/20,11779,283,178,1,155
Zambia,8/29/20,11902,284,123,1,156
Zambia,8/30/20,12025,287,123,3,157
Zambia,8/31/20,12097,288,72,1,158
Zambia,9/1/20,12381,290,284,2,159
Zambia,9/2/20,12415,292,34,2,160
Zambia,9/3/20,12523,292,108,0,161
Zambia,9/4/20,12639,292,116,0,162
Zambia,9/5/20,12709,292,70,0,163
Zambia,9/6/20,12776,295,67,3,164
Zambia,9/7/20,12836,295,60,0,165
Zambia,9/8/20,12952,297,116,2,166
Zambia,9/9/20,13112,300,160,3,167
Zambia,9/10/20,13214,300,102,0,168
Zambia,9/11/20,13323,306,109,6,169
Zambia,9/12/20,13466,312,143,6,170
Zambia,9/13/20,13539,312,73,0,171
Zambia,9/14/20,13720,320,181,8,172
Zambia,9/15/20,13819,324,99,4,173
Zambia,9/16/20,13887,326,68,2,174
Zambia,9/17/20,13928,326,41,0,175
Zambia,9/18/20,14022,329,94,3,176
Zambia,9/19/20,14070,330,48,1,177
Zambia,9/20/20,14131,330,61,0,178
Zambia,9/21/20,14175,331,44,1,179
Zambia,9/22/20,14389,331,214,0,180
Zambia,9/23/20,14443,332,54,1,181
Zambia,9/24/20,14491,332,48,0,182
Zambia,9/25/20,14515,332,24,0,183
Zambia,9/26/20,14612,332,97,0,184
Zambia,9/27/20,14641,332,29,0,185
Zambia,9/28/20,14660,332,19,0,186
Zambia,9/29/20,14715,332,55,0,187
Zambia,9/30/20,14759,332,44,0,188
Zambia,10/1/20,14802,333,43,1,189
Zambia,10/2/20,14830,333,28,0,190
Zambia,10/3/20,14974,333,144,0,191
Zambia,10/4/20,15052,333,78,0,192
Zambia,10/5/20,15089,334,37,1,193
Zambia,10/6/20,15170,335,81,1,194
Zambia,10/7/20,15224,335,54,0,195
Zambia,10/8/20,15301,335,77,0,196
Zambia,10/9/20,15339,336,38,1,197
Zambia,10/10/20,15415,337,76,1,198
Zambia,10/11/20,15458,337,43,0,199
Zambia,10/12/20,15549,345,91,8,200
Zambia,10/13/20,15587,345,38,0,201
Zambia,10/14/20,15616,345,29,0,202
Zambia,10/15/20,15659,346,43,1,203
Zambia,10/16/20,15659,346,0,0,204
Zambia,10/17/20,15789,346,130,0,205
Zambia,10/18/20,15853,346,64,0,206
Zambia,10/19/20,15897,346,44,0,207
Zambia,10/20/20,15982,346,85,0,208
Zambia,10/21/20,16000,346,18,0,209
Zambia,10/22/20,16035,346,35,0,210
Zambia,10/23/20,16095,346,60,0,211
Zambia,10/24/20,16117,348,22,2,212
Zambia,10/25/20,16117,348,0,0,213
Zambia,10/26/20,16200,348,83,0,214
Zambia,10/27/20,16243,348,43,0,215
Zambia,10/28/20,16285,348,42,0,216
Zambia,10/29/20,16325,348,40,0,217
Zambia,10/30/20,16415,349,90,1,218
Zambia,10/31/20,16432,349,17,0,219
Zambia,11/1/20,16480,349,48,0,220
Zambia,11/2/20,16543,349,63,0,221
Zambia,11/3/20,16661,349,118,0,222
Zambia,11/4/20,16698,349,37,0,223
Zambia,11/5/20,16770,349,72,0,224
Zambia,11/6/20,16819,349,49,0,225
Zambia,11/7/20,16908,349,89,0,226
Zambia,11/8/20,16954,349,46,0,227
Zambia,11/9/20,16971,349,17,0,228
Zambia,11/10/20,16997,350,26,1,229
Zambia,11/11/20,17036,350,39,0,230
Zambia,11/12/20,17056,350,20,0,231
Zambia,11/13/20,17093,350,37,0,232
Zambia,11/14/20,17097,350,4,0,233
Zambia,11/15/20,17123,353,26,3,234
Zambia,11/16/20,17187,353,64,0,235
Zambia,11/17/20,17243,353,56,0,236
Zambia,11/18/20,17280,356,37,3,237
Zambia,11/19/20,17350,356,70,0,238
Zambia,11/20/20,17373,356,23,0,239
Zambia,11/21/20,17394,356,21,0,240
Zambia,11/22/20,17424,357,30,1,241
Zambia,11/23/20,17454,357,30,0,242
Zambia,11/24/20,17466,357,12,0,243
Zambia,11/25/20,17535,357,69,0,244
Zambia,11/26/20,17553,357,18,0,245
Zambia,11/27/20,17569,357,16,0,246
Zambia,11/28/20,17589,357,20,0,247
Zambia,11/29/20,17608,357,19,0,248
Zambia,11/30/20,17647,357,39,0,249
Zambia,12/1/20,17665,357,18,0,250
Zambia,12/2/20,17700,357,35,0,251
Zambia,12/3/20,17730,357,30,0,252
Zambia,12/4/20,17857,364,127,7,253
Zambia,12/5/20,17898,364,41,0,254
Zambia,12/6/20,17916,364,18,0,255
Zambia,12/7/20,17931,364,15,0,256
Zambia,12/8/20,17963,364,32,0,257
Zambia,12/9/20,18062,364,99,0,258
Zambia,12/10/20,18091,364,29,0,259
Zambia,12/11/20,18161,365,70,1,260
Zambia,12/12/20,18217,366,56,1,261
Zambia,12/13/20,18274,367,57,1,262
Zambia,12/14/20,18322,367,48,0,263
Zambia,12/15/20,18428,368,106,1,264
Zambia,12/16/20,18456,369,28,1,265
Zambia,12/17/20,18504,369,48,0,266
Zambia,12/18/20,18575,373,71,4,267
Zambia,12/19/20,18620,373,45,0,268
Zambia,12/20/20,18716,373,96,0,269
Zambia,12/21/20,18768,375,52,2,270
Zambia,12/22/20,18881,379,113,4,271
Zambia,12/23/20,19122,380,241,1,272
Zambia,12/24/20,19234,381,112,1,273
Zambia,12/25/20,19571,381,337,0,274
Zambia,12/26/20,19671,382,100,1,275
Zambia,12/27/20,19834,383,163,1,276
Zambia,12/28/20,19943,384,109,1,277
Zambia,12/29/20,20177,385,234,1,278
Zambia,12/30/20,20462,386,285,1,279
Zambia,12/31/20,20725,388,263,2,280
Zambia,1/1/21,20997,390,272,2,281
Zambia,1/2/21,21230,392,233,2,282
Zambia,1/3/21,21582,394,352,2,283
Zambia,1/4/21,21993,398,411,4,284
Zambia,1/5/21,22645,412,652,14,285
Zambia,1/6/21,23495,417,850,5,286
Zambia,1/7/21,24297,423,802,6,287
Zambia,1/8/21,25326,441,1029,18,288
Zambia,1/9/21,26567,464,1241,23,289
Zambia,1/10/21,27728,469,1161,5,290
Zambia,1/11/21,28596,471,868,2,291
Zambia,1/12/21,29757,495,1161,24,292
Zambia,1/13/21,31100,509,1343,14,293
Zambia,1/14/21,32800,514,1700,5,294
Zambia,1/15/21,34278,527,1478,13,295
Zambia,1/16/21,36074,537,1796,10,296
Zambia,1/17/21,37605,546,1531,9,297
Zambia,1/18/21,38207,559,602,13,298
Zambia,1/19/21,39515,578,1308,19,299
Zambia,1/20/21,40949,585,1434,7,300
Zambia,1/21/21,42213,597,1264,12,301
Zambia,1/22/21,43333,610,1120,13,302
Zambia,1/23/21,44592,627,1259,17,303
Zambia,1/24/21,45337,639,745,12,304
Zambia,1/25/21,46146,660,809,21,305
Zambia,1/26/21,47622,672,1476,12,306
Zambia,1/27/21,48911,688,1289,16,307
Zambia,1/28/21,50319,705,1408,17,308
Zambia,1/29/21,51624,728,1305,23,309
Zambia,1/30/21,53352,745,1728,17,310
Zambia,1/31/21,54217,763,865,18,311
Zambia,2/1/21,55042,780,825,17,312
Zambia,2/2/21,56233,794,1191,14,313
Zambia,2/3/21,57489,804,1256,10,314
Zambia,2/4/21,59003,812,1514,8,315
Zambia,2/5/21,60427,828,1424,16,316
Zambia,2/6/21,61427,839,1000,11,317
Zambia,2/7/21,62633,853,1206,14,318
Zambia,2/8/21,63573,869,940,16,319
Zambia,2/9/21,64610,881,1037,12,320
Zambia,2/10/21,65573,901,963,20,321
Zambia,2/11/21,66598,914,1025,13,322
Zambia,2/12/21,67681,931,1083,17,323
Zambia,2/13/21,68454,940,773,9,324
Zambia,2/14/21,69437,951,983,11,325
Zambia,2/15/21,70248,959,811,8,326
Zambia,2/16/21,70823,974,575,15,327
Zambia,2/17/21,71677,983,854,9,328
Zambia,2/18/21,72467,991,790,8,329
Zambia,2/19/21,73203,1002,736,11,330
Zambia,2/20/21,73894,1016,691,14,331
Zambia,2/21/21,74503,1020,609,4,332
Zambia,2/22/21,75027,1031,524,11,333
Zambia,2/23/21,75582,1040,555,9,334
Zambia,2/24/21,76484,1051,902,11,335
Zambia,2/25/21,77171,1059,687,8,336
Zambia,2/26/21,77639,1066,468,7,337
Zambia,2/27/21,78202,1081,563,15,338
Zambia,2/28/21,78534,1091,332,10,339
Zambia,3/1/21,79002,1098,468,7,340
Zambia,3/2/21,79557,1104,555,6,341
Zambia,3/3/21,80090,1108,533,4,342
Zambia,3/4/21,80687,1109,597,1,343
Zambia,3/5/21,81341,1113,654,4,344
Zambia,3/6/21,82011,1116,670,3,345
Zambia,3/7/21,82421,1124,410,8,346
Zambia,3/8/21,82655,1132,234,8,347
Zambia,3/9/21,82897,1137,242,5,348
Zambia,3/10/21,83333,1140,436,3,349
Zambia,3/11/21,83913,1148,580,8,350
Zambia,3/12/21,84240,1149,327,1,351
Zambia,3/13/21,84474,1153,234,4,352
Zambia,3/14/21,84797,1158,323,5,353
Zambia,3/15/21,84950,1164,153,6,354
Zambia,3/16/21,85240,1167,290,3,355
Zambia,3/17/21,85502,1170,262,3,356
Zambia,3/18/21,85889,1175,387,5,357
Zambia,3/19/21,86059,1178,170,3,358
Zambia,3/20/21,86273,1178,214,0,359
Zambia,3/21/21,86449,1179,176,1,360
Zambia,3/22/21,86535,1182,86,3,361
Zambia,3/23/21,86779,1185,244,3,362
Zambia,3/24/21,86993,1187,214,2,363
Zambia,3/25/21,87318,1191,325,4,364
Zambia,3/26/21,87583,1194,265,3,365
Zambia,3/27/21,87583,1198,0,4,366
Zambia,3/28/21,87872,1200,289,2,367
Zambia,3/29/21,88012,1200,140,0,368
Zambia,3/30/21,88199,1202,187,2,369
Zambia,3/31/21,88418,1208,219,6,370
Zambia,4/1/21,88549,1212,131,4,371
Zambia,4/2/21,88730,1215,181,3,372
Zambia,4/3/21,88800,1215,70,0,373
Zambia,4/4/21,88930,1220,130,5,374
Zambia,4/5/21,89009,1222,79,2,375
Zambia,4/6/21,89071,1224,62,2,376
Zambia,4/7/21,89386,1224,315,0,377
Zambia,4/8/21,89592,1225,206,1,378
Zambia,4/9/21,89783,1226,191,1,379
Zambia,4/10/21,89918,1226,135,0,380
Zambia,4/11/21,90029,1226,111,0,381
Zambia,4/12/21,90064,1227,35,1,382
Zambia,4/13/21,90218,1229,154,2,383
Zambia,4/14/21,90389,1229,171,0,384
Zambia,4/15/21,90532,1230,143,1,385
Zambia,4/16/21,90750,1233,218,3,386
Zambia,4/17/21,90844,1234,94,1,387
Zambia,4/18/21,90918,1235,74,1,388
Zambia,4/19/21,90942,1236,24,1,389
Zambia,4/20/21,91042,1236,100,0,390
Zambia,4/21/21,91119,1238,77,2,391
Zambia,4/22/21,91189,1240,70,2,392
Zambia,4/23/21,91251,1245,62,5,393
Zambia,4/24/21,91317,1245,66,0,394
Zambia,4/25/21,91358,1246,41,1,395
Zambia,4/26/21,91378,1248,20,2,396
Zambia,4/27/21,91418,1249,40,1,397
Zambia,4/28/21,91484,1249,66,0,398
Zambia,4/29/21,91533,1250,49,1,399
Zambia,4/30/21,91586,1251,53,1,400
Zambia,5/1/21,91670,1251,84,0,401
Zambia,5/2/21,91693,1253,23,2,402
Zambia,5/3/21,91722,1253,29,0,403
Zambia,5/4/21,91804,1254,82,1,404
Zambia,5/5/21,91849,1255,45,1,405
Zambia,5/6/21,91946,1256,97,1,406
Zambia,5/7/21,92004,1256,58,0,407
Zambia,5/8/21,92057,1257,53,1,408
Zambia,5/9/21,92092,1257,35,0,409
Zambia,5/10/21,92112,1257,20,0,410
Zambia,5/11/21,92152,1258,40,1,411
Zambia,5/12/21,92211,1259,59,1,412
Zambia,5/13/21,92262,1260,51,1,413
Zambia,5/14/21,92356,1260,94,0,414
Zambia,5/15/21,92409,1260,53,0,415
Zambia,5/16/21,92436,1260,27,0,416
Zambia,5/17/21,92460,1261,24,1,417
Zambia,5/18/21,92520,1263,60,2,418
Zambia,5/19/21,92630,1263,110,0,419
Zambia,5/20/21,92754,1265,124,2,420
Zambia,5/21/21,92920,1266,166,1,421
Zambia,5/22/21,93106,1267,186,1,422
Zambia,5/23/21,93201,1268,95,1,423
Zambia,5/24/21,93279,1271,78,3,424
Zambia,5/25/21,93428,1271,149,0,425
Zambia,5/26/21,93627,1273,199,2,426
Zambia,5/27/21,93947,1275,320,2,427
Zambia,5/28/21,94430,1275,483,0,428
Zambia,5/29/21,94751,1276,321,1,429
Zambia,5/30/21,95050,1278,299,2,430
Zambia,5/31/21,95263,1281,213,3,431
Zambia,6/1/21,95821,1282,558,1,432
Zambia,6/2/21,96563,1284,742,2,433
Zambia,6/3/21,97388,1288,825,4,434
Zambia,6/4/21,98376,1297,988,9,435
Zambia,6/5/21,99540,1303,1164,6,436
Zambia,6/6/21,100278,1308,738,5,437
Zambia,6/7/21,100765,1315,487,7,438
Zambia,6/8/21,101996,1321,1231,6,439
Zambia,6/9/21,103763,1324,1767,3,440
Zambia,6/10/21,105909,1332,2146,8,441
Zambia,6/11/21,107974,1348,2065,16,442
Zambia,6/12/21,110332,1365,2358,17,443
Zambia,6/13/21,111746,1389,1414,24,444
