country,date,confirmed,deaths,new_confirmed,new_deaths,tagged_day
Belize,6/15/20,21,2,1,0,1
Belize,6/16/20,22,2,1,0,2
Belize,6/17/20,22,2,0,0,3
Belize,6/18/20,22,2,0,0,4
Belize,6/19/20,22,2,0,0,5
Belize,6/20/20,22,2,0,0,6
Belize,6/21/20,22,2,0,0,7
Belize,6/22/20,23,2,1,0,8
Belize,6/23/20,23,2,0,0,9
Belize,6/24/20,23,2,0,0,10
Belize,6/25/20,23,2,0,0,11
Belize,6/26/20,24,2,1,0,12
Belize,6/27/20,24,2,0,0,13
Belize,6/28/20,24,2,0,0,14
Belize,6/29/20,24,2,0,0,15
Belize,6/30/20,24,2,0,0,16
Belize,7/1/20,28,2,4,0,17
Belize,7/2/20,28,2,0,0,18
Belize,7/3/20,30,2,2,0,19
Belize,7/4/20,30,2,0,0,20
Belize,7/5/20,30,2,0,0,21
Belize,7/6/20,30,2,0,0,22
Belize,7/7/20,30,2,0,0,23
Belize,7/8/20,30,2,0,0,24
Belize,7/9/20,30,2,0,0,25
Belize,7/10/20,37,2,7,0,26
Belize,7/11/20,37,2,0,0,27
Belize,7/12/20,37,2,0,0,28
Belize,7/13/20,37,2,0,0,29
Belize,7/14/20,39,2,2,0,30
Belize,7/15/20,39,2,0,0,31
Belize,7/16/20,40,2,1,0,32
Belize,7/17/20,40,2,0,0,33
Belize,7/18/20,40,2,0,0,34
Belize,7/19/20,40,2,0,0,35
Belize,7/20/20,40,2,0,0,36
Belize,7/21/20,42,2,2,0,37
Belize,7/22/20,43,2,1,0,38
Belize,7/23/20,47,2,4,0,39
Belize,7/24/20,48,2,1,0,40
Belize,7/25/20,48,2,0,0,41
Belize,7/26/20,48,2,0,0,42
Belize,7/27/20,48,2,0,0,43
Belize,7/28/20,48,2,0,0,44
Belize,7/29/20,48,2,0,0,45
Belize,7/30/20,48,2,0,0,46
Belize,7/31/20,48,2,0,0,47
Belize,8/1/20,56,2,8,0,48
Belize,8/2/20,57,2,1,0,49
Belize,8/3/20,57,2,0,0,50
Belize,8/4/20,57,2,0,0,51
Belize,8/5/20,86,2,29,0,52
Belize,8/6/20,114,2,28,0,53
Belize,8/7/20,114,2,0,0,54
Belize,8/8/20,146,2,32,0,55
Belize,8/9/20,153,2,7,0,56
Belize,8/10/20,177,2,24,0,57
Belize,8/11/20,177,2,0,0,58
Belize,8/12/20,210,2,33,0,59
Belize,8/13/20,296,2,86,0,60
Belize,8/14/20,356,3,60,1,61
Belize,8/15/20,388,3,32,0,62
Belize,8/16/20,452,3,64,0,63
Belize,8/17/20,475,4,23,1,64
Belize,8/18/20,475,4,0,0,65
Belize,8/19/20,553,4,78,0,66
Belize,8/20/20,605,5,52,1,67
Belize,8/21/20,648,5,43,0,68
Belize,8/22/20,668,6,20,1,69
Belize,8/23/20,686,6,18,0,70
Belize,8/24/20,713,10,27,4,71
Belize,8/25/20,730,10,17,0,72
Belize,8/26/20,760,11,30,1,73
Belize,8/27/20,818,12,58,1,74
Belize,8/28/20,870,12,52,0,75
Belize,8/29/20,964,13,94,1,76
Belize,8/30/20,993,13,29,0,77
Belize,8/31/20,1007,13,14,0,78
Belize,9/1/20,1050,13,43,0,79
Belize,9/2/20,1101,13,51,0,80
Belize,9/3/20,1101,13,0,0,81
Belize,9/4/20,1152,15,51,2,82
Belize,9/5/20,1194,15,42,0,83
Belize,9/6/20,1194,15,0,0,84
Belize,9/7/20,1307,16,113,1,85
Belize,9/8/20,1361,16,54,0,86
Belize,9/9/20,1365,18,4,2,87
Belize,9/10/20,1365,18,0,0,88
Belize,9/11/20,1435,19,70,1,89
Belize,9/12/20,1458,19,23,0,90
Belize,9/13/20,1480,19,22,0,91
Belize,9/14/20,1501,19,21,0,92
Belize,9/15/20,1528,19,27,0,93
Belize,9/16/20,1536,19,8,0,94
Belize,9/17/20,1567,19,31,0,95
Belize,9/18/20,1590,20,23,1,96
Belize,9/19/20,1606,20,16,0,97
Belize,9/20/20,1627,21,21,1,98
Belize,9/21/20,1635,21,8,0,99
Belize,9/22/20,1635,21,0,0,100
Belize,9/23/20,1706,22,71,1,101
Belize,9/24/20,1706,22,0,0,102
Belize,9/25/20,1808,23,102,1,103
Belize,9/26/20,1825,24,17,1,104
Belize,9/27/20,1825,24,0,0,105
Belize,9/28/20,1891,24,66,0,106
Belize,9/29/20,1891,24,0,0,107
Belize,9/30/20,1992,27,101,3,108
Belize,10/1/20,1992,27,0,0,109
Belize,10/2/20,2080,28,88,1,110
Belize,10/3/20,2080,28,0,0,111
Belize,10/4/20,2131,29,51,1,112
Belize,10/5/20,2196,30,65,1,113
Belize,10/6/20,2243,34,47,4,114
Belize,10/7/20,2310,34,67,0,115
Belize,10/8/20,2373,34,63,0,116
Belize,10/9/20,2427,35,54,1,117
Belize,10/10/20,2427,35,0,0,118
Belize,10/11/20,2531,37,104,2,119
Belize,10/12/20,2569,37,38,0,120
Belize,10/13/20,2585,39,16,2,121
Belize,10/14/20,2619,40,34,1,122
Belize,10/15/20,2682,41,63,1,123
Belize,10/16/20,2728,43,46,2,124
Belize,10/17/20,2775,43,47,0,125
Belize,10/18/20,2813,44,38,1,126
Belize,10/19/20,2833,45,20,1,127
Belize,10/20/20,2886,45,53,0,128
Belize,10/21/20,2937,46,51,1,129
Belize,10/22/20,2995,46,58,0,130
Belize,10/23/20,3050,46,55,0,131
Belize,10/24/20,3106,48,56,2,132
Belize,10/25/20,3145,50,39,2,133
Belize,10/26/20,3145,50,0,0,134
Belize,10/27/20,3200,51,55,1,135
Belize,10/28/20,3261,52,61,1,136
Belize,10/29/20,3261,52,0,0,137
Belize,10/30/20,3462,58,201,6,138
Belize,10/31/20,3487,59,25,1,139
Belize,11/1/20,3577,59,90,0,140
Belize,11/2/20,3624,59,47,0,141
Belize,11/3/20,3790,61,166,2,142
Belize,11/4/20,3905,64,115,3,143
Belize,11/5/20,3977,66,72,2,144
Belize,11/6/20,4016,67,39,1,145
Belize,11/7/20,4076,68,60,1,146
Belize,11/8/20,4176,70,100,2,147
Belize,11/9/20,4230,71,54,1,148
Belize,11/10/20,4414,73,184,2,149
Belize,11/11/20,4520,75,106,2,150
Belize,11/12/20,4596,75,76,0,151
Belize,11/13/20,4715,85,119,10,152
Belize,11/14/20,4783,88,68,3,153
Belize,11/15/20,4861,90,78,2,154
Belize,11/16/20,4883,94,22,4,155
Belize,11/17/20,4920,96,37,2,156
Belize,11/18/20,4958,100,38,4,157
Belize,11/19/20,5018,102,60,2,158
Belize,11/20/20,5056,107,38,5,159
